1336783936966582274
1344026423867158529
1338815297407619074
1337480707065700353
1343524804285112324
1334795719572660224
1334622593438142464
1341301214252834817
1339288487950999552
1336109813240098817
1336727799856590854
1333754656577761280
1336802563195203584
1342811763847393280
1339327392410693633
1338415358328365060
1338244391006318597
1340411848886247424
1344587948944220163
1343908907312414724
1334692339353341953
1337043437955190787
1336711576389345282
1339291193767841793
1339017467549650944
1343566852115615745
1336980424648749056
1342053187948322817
1342785057723920384
1334300483092176899
1343804133137068033
1337812483445297164
1341897432444108801
1336795983645192195
1334519882768060422
1343699713749561353
1335915341067771905
1341450251996180485
1344001250627616769
1339283057090629632
1339245897490653185
1341602883557580800
1338487945574162432
1343228943600648192
1343124465216065538
1333878193670021126
1334507327945388032
1337099539929591813
1337893167039975425
1339274754428121090
1337505159820218370
1337882543992016899
1337098660857978889
1339278202871689219
1339211730904371202
1342802018390388737
1334614403401084932
1342781124079214592
1341510405974310914
1334109163656531968
1338195510658805762
1339318175800963075
1337089298273853441
1339050120944508929
1334535535306661889
1340901554841411584
1337050048052531201
1334787047773663234
1339142661601681410
1343513844879142912
1333787451022733312
1334629011767652354
1338101693590986754
1338108024783851524
1342875860353822724
1342796391140257802
1343588916646055937
1339197435491602432
1338245936158568453
1340445491545448454
1340188298690629633
1333755575444905984
1338632201919979520
1337059008029618179
1340257201617813505
1342811083623510018
1337128085687300097
1342491993637793794
1338519265511665664
1342777377861079044
1339457542498480133
1339190260828413955
1335962249039650817
1334615840340258825
1343609106624557057
1334633210756685825
1343566111170834432
1337090198996459527
1343714481810112517
1339352655194415104
1343632234088189952
1337058047324250116
1335642884121489409
1339931180800598016
1333752938389512192
1341859303519563776
1338183864750120960
1340098202750640128
1339224521316982784
1338888331149660165
1333752174552215552
1336925921421500416
1342025250796687360
1341786790701707264
1339286505060241411
1341447175142854657
1343032014937726976
1338823847055908865
1343693148518821888
1333782719629717513
1339845703116484608
1334917066621652995
1335362477656334337
1341712790126555137
1339337555452506118
1340278477577211904
1343529005178380293
1342779770380177408
1336974095863468035
1333809404957896707
1339615744573796374
1337478252689051656
1333812979498889217
1339623752938696704
1337115591933628421
1343974703900356609
1340220742965858305
1339351299620483072
1338121817358274562
1337063088227569669
1339315904782458881
1341418966858805250
1339285710214455308
1341499615854682114
1336829043686207489
1338866795390717956
1339449378990399488
1339482020653768704
1341475553090670592
1337830231818842115
1339489094523600896
1336600274488745986
1334615156500930562
1334548286267506690
1343526794725617664
1336721351525199881
1336975430298071041
1334613087060680707
1334793452022878211
1339056168149409796
1340271233057878019
1333753350161113088
1337477450511642625
1343593205716103168
1336920898876674054
1341882734122332161
1344046401479729153
1339301763204190210
1340414504539213824
1339052785283821569
1334192939900268550
1342773332073205762
1337477530325037056
1338206369019781120
1334608115585740807
1337858995575468035
1340302492802949122
1337049506899259396
1337499962461065218
1344073374088245248
1334144331452723201
1343939083782021121
1336810273831866370
1342786610442727426
1343625526787899392
1334427656935387136
1333848295375073283
1334811517812936704
1339302047246651395
1339246632701976578
1341496543170473986
1338093322473234432
1338112339128836096
1343568764810489859
1341509733472227331
1339329245043154946
1334774421123428352
1343484446905921537
1339953013721604102
1336704928698535936
1342861366743461897
1339281738594443273
1342875724366061570
1339302181049151494
1339277798008098817
1334624344731918339
1340064296936488962
1337921335834648582
1341875090384957442
1341294517039878145
1342069203776528386
1339273970235940864
1337821958617042945
1337922645489299456
1339285465808179206
1336050316727480320
1343960775661146113
1339298816202313731
1333807647343202305
1338110190781140994
1339336101824245760
1333784880749023236
1342776398306488320
1334612805635465217
1337438494659055618
1339341996918452231
1333883849340825602
1333752606485843968
1342783520813551618
1341137227422838789
1334618831340396546
1340205392052281345
1340226901126877185
1343524627843346433
1336976285873164290
1339567740613476352
1339303716046987264
1342815783131488257
1340297926623563778
1341741598980227072
1339130129189117953
1343568835765481473
1336795668019630083
1334617500089278467
1339916640289517569
1340193267053449218
1341726511422971905
1334769614350397440
1334642414997434371
1338086072287436800
1338696699414503426
1343583845405306882
1341468490176315392
1337858089832296448
1339337438754385920
1336967470607982592
1343172066313433088
1343680956415275010
1339960169120317440
1333872757763944448
1334614466344972290
1339200180386672641
1338110731003301892
1342794222722818048
1339159890506420224
1343977534896140289
1342857561675063296
1337498532354404352
1336723867092529155
1338738768250015744
1334099939564150785
1333775177973424129
1339389839809122306
1336796027198840841
1338946277774659586
1343947496553373699
1342130923836469249
1334655275517829121
1336355570740326404
1337049997909614592
1336823631104585728
1337294422376058882
1342026899820851200
1343513818685698049
1342931383287742466
1334621934101913603
1341113325216739328
1334109989594669063
1343689900898607104
1336723275095928832
1344300649534652417
1341832193916755970
1339396753888571393
1339282981559668745
1343538243581702145
1338634115285979136
1337049814505295874
1334940311316017153
1337920254102691846
1337677859150819328
1333767667271036928
1342860461059043332
1341470155562491906
1342090289381564416
1339291020844957697
1338057198279282689
1343598562333097984
1339304413240942599
1340203066923098114
1339671134325911552
1339284378246057989
1336810565914800135
1337306142389755905
1339350448629813253
1335097547162062848
1339848149481996289
1339487249730297856
1342922165591695363
1339315596329103363
1334631332467642372
1334648727076790273
1343996973272223749
1339623864272375809
1342872031793209346
1343581197004320774
1341187728575225859
1339290764560502791
1341879720376414209
1342499879634034688
1338766274722222082
1342496577349414912
1343481996140539906
1338236198867922946
1344743619798949889
1336799799165800448
1342790312129912833
1337854839401877506
1341374208966881283
1340412331885436930
1339875837437497345
1333904197931196418
1333813356084518913
1339276870089666562
1336958362701983745
1343588730221813763
1340406975318921218
1333986931085078531
1334591768730480647
1338505580516872195
1338811114239504384
1343541029153234944
1337478777794949129
1339317719443922945
1343526112001990657
1339285911343951873
1336678323880144900
1337013634279596032
1333868636319125506
1335868007134994433
1338052969011556353
1342657513905385473
1340088059967246336
1342795469177675777
1336261728703819776
1333752896333225984
1333906402230857728
1338292985881092099
1343518234469949441
1333566157182349312
1338872392165232641
1339335479855079430
1339053181007958016
1334795345084211201
1341807661654880256
1339343017023516675
1336710160350400518
1341882801835175942
1339284931839741955
1334805811965652993
1339166268641988608
1337869527510642688
1339292302905368577
1343535285158739971
1343969648463802370
1343530369346363392
1343674745582198796
1339326793287872513
1337706543018598400
1339295242688794624
1340199336806854666
1333752723569864704
1343698709486428160
1333760935991898112
1344743983759712257
1342775895447269376
1343583751654277120
1338764650268274690
1334768090572353536
1344589582512386050
1342148467720814592
1342840425334403074
1339543526456090625
1334928932018249734
1340702121449156610
1337871599471562757
1339289527026917382
1334172286933491720
1337050689227386882
1340415365550108674
1342013037172109312
1336160544005427202
1339235697027403780
1337477696717254656
1336830912156348417
1342773516161179649
1341150078745128964
1334755444166959104
1335662077780914178
1343983316198957056
1343518645574656000
1334636910443175937
1334201672965513219
1333817651462856707
1344101103030456320
1342666210450821122
1341804419390824450
1339293064460955648
1336802765708910597
1337075797895548935
1339823226982117378
1343539495648567296
1341401258532454403
1338446251784802306
1338872902016503808
1342899816985202694
1334269797505363970
1342046978927112195
1339528391607914496
1337927114214035456
1339268224848977923
1338080129004802053
1344620460466696192
1343541217162911745
1343308413833523208
1343597535517159425
1339243396897124353
1343552774311653377
1343547911288860673
1339305980887232513
1334909102028451840
1337124343537672201
1333774139962908672
1339479222545477632
1333755439729815555
1339492940423581697
1339281261504958466
1343892586210197510
1339280642132094976
1339459837067993088
1340500659712438273
1339716795301842944
1339914853348241416
1335969014703599619
1343914830764384257
1340207645488275456
1340206678768279553
1339621280161673216
1336723360030601221
1338053652196495361
1339282484815679490
1342773909544960009
1340445774128275468
1343689508823457792
1341859543026987008
1339290995771514883
1342777785262157824
1342040580516417540
1338053949665009664
1339259217383927813
1335003621256261641
1334626933590683656
1340782867643846660
1342872526431674369
1337165192334094343
1337079357857292294
1334204216454361092
1343972952090566657
1336767071284326407
1338962675896868872
1336796535066161162
1343592092363345922
1338500494617096192
1337410295019556865
1337065761467150345
1339546427681345538
1340577853264551936
1338208416683208707
1342772591271030784
1337147926238404614
1341841073207963651
1341928242966618119
1341416594510143488
1337031212326596613
1343574839165120512
1339378787323179012
1334132549115842563
1333806238593900544
1333755248712839169
1334856760620953600
1341289410260832256
1339315042441961473
1333911869258682370
1339293117325963269
1334422834295222275
1338121633488310273
1334858552041742336
1336952722646573056
1339297269301055499
1342047363720949761
1336891330547552257
1342775799288619008
1337725526182604801
1337868400920551429
1336825649063976969
1342794850517839873
1342515521837801472
1342780986980003840
1343604336098729985
1343680700810207235
1342494978296037376
1336020365945024516
1343516372475772929
1338053778713571330
1344650307238821894
1333866112124137474
1338246605741453313
1342164182616207365
1343968679025926144
1340069658926432261
1344756784259604481
1343680000566956035
1341441975497666561
1344600680934371328
1341298425921462272
1333759231237951489
1333819713172934656
1334622476433825792
1339273765658759169
1333758237544476673
1339845586980364288
1339289005150572545
1342797123339907073
1338216336388988931
1338031691626123265
1343458667312656384
1334573933719384069
1344411562891759616
1339279539499839490
1339552601474543618
1339250572541702145
1342394913883889664
1337929478534737921
1336940982634500096
1340594926040576000
1334627369265614849
1334387437020327940
1337117620764602368
1343580995501645825
1341145296361930754
1339291461372813313
1333793605882834945
1340691769269350400
1336725861526069250
1339290738664886274
1343577532696850435
1338947320579231745
1342776911429296129
1343590712374407169
1337480186330292232
1342777557847060480
1339903730670579712
1338141031703994376
1339898382190567428
1336988826955341826
1342796848340336642
1333753040973815809
1342777203013152768
1337533273946337282
1342604418986995718
1333752501460414464
1342154942375723008
1339854307961819136
1341917040228126720
1336796524467146756
1343687762097135618
1344283585612828674
1336764850727370754
1342024107559440384
1342816426353184769
1339272818404552704
1342562758013939713
1339324542670565382
1333633854847000577
1342797760031031296
1334868389723058189
1339952731822419972
1340208347451109377
1341402106041929729
1340186552773820416
1344590140417716227
1339308033814523910
1334668590197379072
1337485001571651586
1337117728243593222
1337558026224603145
1340411427883016192
1337029657783394311
1337123143006216192
1342026209702633474
1342108983440629766
1337168446799360000
1335004916822253570
1336797408341143554
1341737229488631808
1338945166082797569
1341803203281739776
1338169582171906054
1338811901892059136
1337137339345334276
1340346761014108160
1339060060073365504
1335953665153228801
1337054675137404931
1333752513523294211
1339469446025506816
1334955094685724673
1333876558210232320
1343274474284740608
1342786762951847939
1340161217449644032
1334218574982950913
1333757038548185089
1333752583916310530
1335664224610168841
1334642457141784577
1337049660230410241
1341879857219842057
1339282901515591681
1334626368181694467
1343179778572972037
1342816173596041216
1342111849676992512
1337951739589308416
1339963679106867200
1334612933322678274
1335914072068550656
1339288263962619922
1339537230159773698
1337505345900523520
1333876301950840835
1333762997488128000
1339337115885244418
1337721897744814081
1337537804117676038
1337375116305571840
1333800104281534466
1333937176376201219
1339290789369798658
1336957923940036608
1342104756895023106
1341507708487409666
1339046257470418945
1333876831834042376
1339261270059577346
1339144798339538944
1336799109366353921
1334822547213389824
1342218047596191750
1333823214934511620
1333923365363609600
1335345331005952001
1340088984542867458
1340239307509035008
1342558930694758400
1338126767261945857
1335778377534492672
1342788825588912128
1333913721148755968
1337399377728589824
1338558607001067521
1334610674249510912
1344300884486975489
1343527844153012224
1339052634108522496
1343516488242757632
1333751770783289345
1344253682968354821
1339146706806583305
1340698290761977856
1339292401152700438
1339279713341222919
1339878209891037186
1337573000468701186
1337049420030992391
1344379894151655432
1343584399699419136
1339290359986352131
1339559970942169088
1337126859897712644
1344074042328969216
1336970734887981057
1343563877104185344
1341997480309874688
1336800527133388809
1342815107898863616
1339287212463108105
1333863592064651267
1338281541450014721
1341017341228969991
1342044596495409153
1340298502585368577
1341423943291461633
1334658242354491392
1343828457109803008
1337933106834264066
1343521005013233669
1338190086136061955
1333751960307183616
1343584277993287681
1337477160987193347
1334314856959369217
1343895612253741068
1340242123556319233
1343631501833994245
1338078250317340674
1339058722648313857
1339378755123470339
1341737393444024321
1339271958014414848
1339280413899055110
1337409499246825472
1336923883962839041
1339288125324075009
1333776128570494976
1339297866125373443
1339228815038484481
1339279094932881408
1333769945491124226
1341414104381214720
1338121306936643586
1342163569631178753
1342853919698022403
1339330782112993281
1336886182563745795
1344061732822675458
1342773986543988737
1341737842851020800
1343709263236112394
1340681945475330048
1333869934464610305
1337301949746733056
1337926696843026433
1337149539656945664
1342780190037049344
1337477679088619523
1343580617108303875
1344031610212114433
1343674074048954368
1341111442506797056
1334291406005948423
1339955024118624258
1344591088116510721
1341397729872924678
1340216975491018753
1335883363807342592
1334615287900069890
1338198210557464578
1339302603096793088
1341758837452365824
1342064666592346115
1337203194217324546
1339273521357344773
1337478280430161925
1338751283944185856
1338900399961628684
1340090126584721413
1343518480918847488
1342807575172161538
1336911438204588032
1335593688102297601
1343571592018857987
1337482239710552066
1336798796504846337
1339151643426885632
1339378082034180101
1339275920473903104
1342790278256721920
1342772698200633345
1344225724660658177
1344578675409375233
1337001322227376129
1334117076433244160
1336795944755621889
1342980975261843457
1340161661160861697
1339736426456489984
1343930943225081860
1334617835688091657
1338750542898733056
1336700333079334914
1336933443230289921
1339285112270311430
1337961414162599936
1336933562554216455
1333807939543588865
1333752334409719810
1342773680070414336
1336795836869701638
1339904641891491842
1338963631204163592
1344041887150211072
1338769068539699200
1333752419361165314
1341396669116649472
1337530863932870656
1337052469512335363
1342800078059286529
1334814568858738688
1339710745240612865
1339055459299454976
1343938047864434688
1342078593963319297
1337163767117844480
1339282439022186497
1342794320609472512
1341400072240640000
1338387244726562816
1336947472040677377
1337928222558875649
1333785648730312710
1343908778257899523
1337009136853258240
1342774397355094017
1342044207935070208
1338159405385256963
1342196596885360641
1338490126331154434
1336815895981809665
1339284385447735296
1344746057280970752
1341481744508268561
1342985728666587136
1337332880213590017
1338196313326964736
1336802402188603393
1334616393749291010
1334630997422460929
1334615091233296392
1337618873332473860
1336918748125605889
1343515364487999488
1341880032130719745
1339645695481978880
1343670830555930626
1337671295631233025
1342772481845821440
1339325557125898241
1334766279945842689
1343677872649732096
1343331353308368900
1334633158185263104
1342919369001738245
1343498139043565568
1333806686520438785
1337383103292116992
1340209638294364160
1334627614984695812
1339573350235054080
1339273242402557957
1339303070656815111
1334861530140176384
1342860155302662144
1340092726465933312
1341832542668918784
1341737081228312577
1338765531936067585
1337347609506279424
1336796737009225735
1339445923827617792
1336796311773978627
1334814594888568832
1337018630010265606
1344211004503240704
1343651729041203204
1339159386535702528
1342776351376420865
1336989657725276160
1337960352529649664
1339527628294909954
1337173147628474369
1334680230779383808
1340223519553155075
1341412233767768066
1337808950650089472
1344472648718323712
1334618770514567169
1339254075834175493
1334899726521659393
1343231275516178433
1342228878107021314
1344132387068923905
1343891776847941632
1339340130713268226
1341785115169607681
1338247346539343872
1340205530569183234
1342910152224235521
1336952721824489473
1337098461141938177
1334120285134577666
1341737079902892033
1337056040899244041
1337481973774880784
1337161173779812363
1339711806122700806
1339051899044163584
1334619077264945153
1339400650485092353
1339272396587589632
1342958566412603392
1333757417163808768
1339293873663840263
1337061449789796354
1342791654848258048
1343970392155807753
1336796161211068420
1334847495386619904
1337060154077028354
1342129280323440640
1338197540886470664
1342070407856271362
1336955306883117064
1338487540211396614
1342004032538374144
1333874657284550657
1337521891234484225
1342774297534861312
1334616273674792961
1343280803996971009
1338182813984694274
1341398530125139971
1339303660631846916
1338471874532171777
1338773207785086979
1338213889494970372
1336785997611339776
1339317966144499716
1339308295190958084
1338644472171728897
1336795439643971586
1340452160585293826
1341837071183458304
1342876977234120704
1337121548956815360
1344744128811315203
1342813884802097152
1337147073028829184
1340607994439065602
1338673522273607681
1339378078586458118
1336795521894281216
1339330107668914177
1342775281073987586
1341494162068287490
1344645018875785218
1338953175999655936
1339400940181356546
1337147150485041154
1339292059937746944
1342202162588299275
1337172035286560770
1343995059599978504
1334628230989492231
1339686773878890497
1343764018360709122
1337114097394069508
1344743527633326095
1344083477008936964
1338987572396249088
1339285750324617217
1336797935816880133
1337801950000107523
1339720904130125825
1341378212329381890
1339336992316854273
1340213912885714944
1334637199208435718
1339053177673551873
1340581195655114752
1339293080567095299
1343816069740429312
1333871151580405763
1336727684089606144
1339279400328630273
1338945373293907975
1339289771621879809
1339585467839221765
1342772223459921922
1341538867804049414
1336984668495876096
1342781458449108992
1339378467180318721
1338890092757311489
1334935288255229957
1337603515611492352
1343674648626606080
1336919122857365506
1341415881415544833
1341694098986721281
1342774774947319809
1342780428726530050
1343965003100135424
1337880395543678979
1333754341782663169
1333757336943538177
1339670126925377553
1339280066556125184
1339312889476345862
1340766476249292800
1338080552939892736
1342784550984888321
1334740750496575490
1336392789391773700
1339292429829238790
1333807397425602560
1344662240373465088
1336395773014138888
1342428309209174017
1336932426568839170
1342989766246060032
1339727814107512835
1339403745923387393
1339908107468759045
1341398807368622089
1341525323188482049
1337870229255450628
1339158681301250057
1335601998801100800
1342795596294447107
1336804504491192322
1342965176442769411
1337571589773254659
1343896359628369927
1341707878013554691
1343664139164643329
1338204405934526464
1337506779098349568
1342791203654422529
1337440444372951041
1336911677443469313
1341556277328179201
1337654567694118913
1339842902881611776
1343567295642284033
1340105214985179142
1343601945584553984
1336426094485000192
1334737388548067329
1334574975093760000
1333828053076676611
1340409917916758017
1333847632830148609
1336927194594095105
1342777323687440384
1343156842617327616
1341400308975620096
1333752817778094081
1339285801398640640
1341446674229698563
1334496022496677888
1336704074293661698
1337402205813551109
1340396292372107264
1334720681959956482
1342623095371280391
1337029946288566272
1339290634096693249
1342024506559377409
1339464692125855756
1336946853171093505
1334085230257442816
1342066827967549442
1338810880730009600
1334614827898003456
1337127531821096964
1339558221250441217
1336764517104152585
1333866077202358273
1334631333650440193
1343619734038835200
1342780065801768961
1336918859023060993
1338611821931065344
1343513392615710720
1342796962794516480
1340500616397938688
1336933876208443392
1343657589448568834
1333874593271050241
1337481893990821892
1337845923897028611
1339298576850165763
1335972627878473739
1338074047729590273
1333754357775523840
1337893196924411909
1340733431412568066
1333775982126379009
1334708328358944768
1339467802600763394
1333693479969562625
1341875683333722120
1339279249467961351
1340216261704372224
1337048775999844358
1338060228412256256
1341736807042584579
1337480767962804231
1334618078521528329
1341397951550263297
1343898219886104576
1333761082918395906
1343514332576018433
1338945115310747649
1334614137398243333
1337147124354576391
1342772463235694593
1337760837436657666
1340231204780593153
1333765062176219137
1339275353215340550
1343907371865821191
1336953668634079234
1336718565563568129
1342120948154183682
1342826210989142018
1339904436399910912
1339715234181857280
1337977605300097026
1343480109072850945
1336795901436846081
1342773998317412352
1337792749358247937
1339325772255916033
1341440962795548674
1336735838504427522
1339452542758096896
1338228621778034696
1344411896057892864
1336955724627369984
1338819081928134657
1343290185400918016
1342100517758111744
1342772289226616833
1335223291469045763
1339301735223922697
1339317284964331522
1338196834687311872
1334194451821064194
1338765629298532352
1342786636774596609
1339473762752839680
1337478837454692353
1335208095765684226
1336731941102555136
1339473714518364161
1339515089813172224
1343609442282205185
1337478829271633921
1339219956878204928
1339277594844418050
1343677750289313792
1337153903234834433
1336400297489559555
1343549221279059968
1342072172802674688
1334624881783279617
1339844535380226051
1333772233387499520
1338185825180409860
1336804458660057088
1338184111589036035
1338054148693045249
1337041796879224833
1334612593848225793
1338109079185743880
1339143008785199104
1337065198553870337
1337809668027142144
1339954483078508545
1343513748179480578
1338540954823831567
1339589005147480064
1333780753042206725
1341794518841122819
1339337749904707586
1340799621660987393
1343516757529681920
1337462947459817472
1337947319669501953
1337493577258082304
1335687244196286472
1341304449839620096
1339636174256701441
1342791860927008770
1341444847476109312
1336978353778266113
1342795502950248448
1342815684913410048
1341737205652328451
1339048606167347201
1333762777454927873
1339294381568913409
1344304117905301509
1337376142987235330
1339287693189148672
1339280546065735687
1343602578521780224
1341696052869689345
1342794302708178948
1339413508539232257
1342776902927478786
1337478222620090368
1343576674483531781
1336795634087686144
1338637250939269120
1339286884716044288
1334719477632675841
1343975639565688836
1343590730611236873
1339301007428362241
1334635505389084675
1333874496613343239
1344022199150268416
1336937716198596608
1339274567488073728
1336589373790429184
1342109343324532738
1343909627562496000
1342102411977105409
1343885540953903105
1340595058588971009
1339967592170139649
1341417619585425410
