1253166376057032704
1247855480132829184
1253194945323827200
1253170580976795649
1251910616392044549
1253149218845458434
1254385895479758848
1253058827479584768
1248016472913227777
1250265189846417409
1253438793006419968
1255606625483853825
1248832615299366912
1255613210637598720
1253180259085811713
1253092021948035072
1255125567881523200
1250760667394605056
1248854683302666248
1248591570221371392
1252346348940128259
1250845655142187009
1250776580969897986
1253268733012967425
1253067564403625984
1253545424063025152
1248687845180661765
1253153015332319234
1248961272294649856
1253108481730674695
1250771491077193732
1253119018145284098
1254118657896177669
1253056391880851460
1249836310770089985
1255607685271244805
1248593899179913217
1253073198385696771
1253319726576496640
1253076032602734593
1253182971768721408
1252739114316771331
1250814807302901762
1253310960607076352
1253159024872259585
1253143391971483649
1254392327784861698
1253062169765257221
1253088337600163840
1253135053036666881
1253091449714991108
1253390573828018176
1253762565311729669
1253325319127228419
1253110442790191104
1247561081851125761
1250803644049612800
1253062965043122181
1254352159254155265
1245443083870842883
1253091550533386242
1250761439700234242
1252733595032182791
1253113013676257281
1253053168595939329
1254831688246591488
1254461540226523142
1253791078903353347
1253090377776726021
1253101691852947458
1250876378301546498
1253126165449117696
1255606962605174790
1250758081597800449
1245760841754034183
1248779827693465601
1253104674732998658
1250807888039337984
1255604631125872645
1255644293672435720
1250815931695202304
1247168207179460608
1246077029453197313
1248941060195303425
1253078874268762115
1253105255673405452
1248715810903818240
1248765283487137793
1251432776802406400
1251196284075212802
1253181033262059521
1249791531936108545
1253197447570108416
1248255645339602945
1246546523091095552
1253089959227142147
1249829220353740802
1253078767167307777
1250776643557359616
1253147588997582848
1254789484920688640
1253077133381062656
1250759110779428867
1253064105428205568
1255229887222333442
1250761853820690437
1245660456821223426
1253055124928434178
1253084855790972935
1246972120388730885
1250248073298747392
1248714133471666182
1253620290992705537
1254528409981648898
1246970648297160704
1253400420514398210
1254883519291174913
1253096893435043840
1248017461049356288
1253063935516958724
1250829810823200769
1253106362487312387
1255634953582399489
1246076808312680449
1249410076001144840
1253547932407783430
1253207159200010241
1255610991469043722
1253330889171324934
1246775379051806723
1248015520277729281
1249655737388851200
1245627967931215883
1247109616586153986
1253148420577144834
1253124399366053895
1253081969207975941
1248666980065910789
1254832177247776772
1253111659582730240
1250370999268278273
1249915050476912641
1247552515115298816
1253063996728504320
1253369844814221313
1247799405043789828
1253320931797327872
1250076045077819392
1250824902271213575
1253090736637165568
1250791374934421504
1254795868374536193
1253119213067272195
1255624239316643840
1253095395405824000
1247314386370379776
1253197253155708928
1250889336712814593
1250766069150744576
1253259772620660739
1253075084761346050
1253159860209844226
1253056007149883394
1250761694994890752
1245767763106414594
1251992953842741252
1247110037752987650
1255609708829978631
1250250737927499776
1251816540397359104
1252930474495934465
1254337873060511744
1253329294605946885
1245759314469556225
1253056795322519561
1247202342128279556
1250762508794806272
1252921619590324224
1248763483816103939
1254383126182350849
1253148509391540225
1255605769522892802
1254383321238441984
1248656923668500480
1253095103389990912
1253116196867751936
1255629812057677825
1245760500996157447
1250450652444188673
1254868899608264708
1254801272127066114
1253125827077832706
1246524297918717953
1245759979732303872
1253209287272390657
1253029055592460288
1253054991239086085
1253082710878441472
1253102856024068098
1250808816414982148
1255690027092389888
1253066205826633728
1253149262566785025
1253750663013715974
1250785564594503680
1255753837601869824
1248637707691196423
1255907482335133703
1248595730996039686
1253153147645763585
1254338310580981760
1253075635687305222
1248575651189346305
1255612440575959045
1255227757010837508
1249914475584598016
1255578363336495115
1253188156955951110
1254470947534524418
1247584858232311813
1250806652531597313
1250820038870925313
1253077025121861632
1255621594405310467
1253155618346713094
1254388798290567170
1255612645455073280
1255616597009596421
1255679050078654466
1253383015062859779
1253186406886842368
1250944721784131584
1253076224420831232
1247212666868969473
1255607610746851331
1253508056341716994
1250814873426067458
1252358054990897159
1255799068544184320
1253194384310403072
1250763511925559296
1253095694207979520
1248765856089362432
1248574230721003520
1253316079184687104
1253138039808888834
1253821859570880515
1247541443729604613
1250760957397213185
1253280347309121536
1245732564477886464
1253111840651055105
1253091183406047234
1253190260466556930
1250764289704693762
1253106970707574787
1250275346055753729
1253020251853291520
1250886575287865351
1250762016211509248
1253080913392607234
1254353112640471043
1253134971260276737
1255604705331417088
1253120609497858048
1250811143100289025
1250787494070755335
1250771783449485313
1250787822350602241
1252729291500027904
1248742070304595970
1253153625389613058
1255607190028800012
1253100987373453323
1253078747022086146
1255968395650043904
1254414230494883840
1253542255358509056
1245767051479826432
1254794962920751111
1248689388080508928
1253102009881853963
1251155901672644615
1253406659361243149
1253148475656671234
1250757751426420736
1250246759374299137
1251817081600978944
1253292632408809473
1253199168522289153
1248688950132314113
1248833533411561472
1252889605076123648
1248692955168288769
1248736770935738370
1247211600437817345
1250793480340803585
1245383952086556672
1253222274985013248
1250772314477772800
1254348807585792000
1253263130345570304
1253060390692552706
1250774369032376324
1253063884933562371
1253114563844849666
1253074652274008064
1249584007215329280
1252524123005337600
1250790866173730817
1248960049688588289
1250779743710035968
1253126940212559880
1254942773364613124
1248713621691084811
1248741906517032963
1253403046824103938
1245759671857754115
1247758492221374465
1254530207815516161
1253170741857697792
1255226224097529858
1255607726262059008
1254824229230567425
1255773528475013120
1250800665858838528
1253330604260683778
1253114479765831683
1253057160692539393
1253094522671771650
1254747429842440192
1250808478156890113
1245469030846271488
1255720952526254082
1253152439643123713
1255619674202652679
1253065339535011841
1248832448512905216
1246378401079926785
1253164634250579968
1250823702972731392
1253095576813613060
1255658497632382976
1253078009961222146
1253061598584987648
1254351565428752390
1253140063745126402
1249280625707831296
1254395689309736962
1254226158616555528
1255611196331495426
1253054108677935105
1253060197511237632
1251557155473428481
1253632713011101696
1254368582026305542
1252917458672988161
1253118301351358465
1246910386005323776
1250763620763480066
1253343067731628033
1253056275623088134
1253071480373547008
1250866113640103937
1253274760848519169
1253054563302735872
1250247416382709762
1254347337322975233
1248595619637342208
1245630751409713153
1247226425070977028
