1357057997890084865
1359609382326140930
1358175822633402369
1356786014757519361
1362802585799827458
1360566129584988161
1359552700141232138
1359526156614197250
1360006503047041024
1356826672742490112
1358933950358511617
1357127370965139456
1358874536813490182
1358117425389199360
1365559729670520838
1357837921127120898
1357092910911680514
1357008813501595649
1358125995837050886
1363997596755329025
1358870686819889155
1357680450270019584
1359107569936130052
1359867736122396677
1363116409853739008
1359838018627067904
1365762504761171968
1361719185659867144
1357127723903287306
1365750321004376065
1358081532553031682
1356174424211415040
1363524467536855040
1358362851400953858
1359868583954759681
1365395647894085635
1363269263918854144
1358926469402132488
1366034976781832194
1358555104337686529
1359058079472574469
1356888067727097857
1358143223353466880
1356687275581652996
1357142950984220672
1361688754533126147
1362971138066849792
1362017585957662720
1357263382710214657
1358933772708806658
1361660715224956931
1358376974981492737
1358874318403497989
1360000087649361923
1358109438121492486
1359852985271144452
1357893434338639874
1359168137053294596
1359899234829537283
1360407012127997952
1358946867204280320
1361825543931498499
1362990921680379904
1358089000507101191
1358853992814694402
1358208607855271938
1362764917980475392
1356977998227009538
1359515659118522368
1360233240636887046
1359107917388128256
1365595877423906817
1359652498290733056
1360512088473563142
1358094781524672515
1358083801902166017
1357128519558586369
1363112407195869184
1361349172792864770
1358242986291843072
1360299161346854915
1358863394485526537
1358485043618922496
1358418670356221956
1360192737467748352
1356563034437791748
1357480770735063041
1361340570061389824
1356162410369986560
1364209027975176203
1361017681353277442
1356416573788073984
1359861070895214595
1356918153272524804
1360179997374361601
1359159505964175364
1357772056646057984
1360259228141780997
1360364331767070723
1359448559540711424
1356645249741955073
1357139682694467585
1358898270609809416
1357127132531609603
1359679972416307201
1357124284997632002
1358471415218003970
1359039318438932480
1360012397730275328
1357026781140832256
1356922268279046149
1359577062860816387
1358863449619578883
1359516153459183619
1363464156226211842
1361028923501518852
1357036189740658690
1356975874797617158
1357113596166221825
1358524962177486853
1358258794258694146
1360353819981467652
1356490542658519040
1360208723348582402
1357395868677115909
1361893118866513920
1357250525616627713
1359096724611100676
1361088692467752964
1357155589948903425
1359898708163366913
1359857913234395142
1365578292208627714
1356988525913210883
1356539076120297473
1358104677351624710
1359855383985192960
1364673289340280834
1363117740555460610
1359539935552958467
1361691797307670532
1356539754783920128
1361653377550213122
1359413120905674757
1356934636291690503
1360280610737127426
1358880917624918023
1361794593667301376
1359967020985552902
1358661797679566848
1359598653921443857
1361046382166089728
1360201772283924483
1357459480036986890
1357436515777978369
1365609188471279616
1358473568657559553
1358452446712987651
1358103583770738690
1358428596356939784
1364682641447018498
1360089301401415682
1363764665164136456
1361034386548928515
1360980535712096262
1360584279189843968
1361098404944830465
1357264382812708865
1360004897521995776
1357022405227667460
1357108687282831361
1361779796406116357
1361011619883540486
1359853977718976517
1360680987131326464
1357306840372178948
1359915034932109314
1365012448995143685
1361333025083162624
1358113394595889160
1358882995214647298
1359198101299474434
1359957003318284293
1358865591159914506
1357274197999947776
1361779056354742275
1358103070819954688
1359592286963851272
1364296634042114058
1359558672381333511
1357058813522628608
1360314609652088834
1361779251398246409
1358870411879055369
1365513556066713600
1365581458597842945
1361711985117847555
1361782312233484291
1358113193709735937
1364949677553160201
1364580422739443715
1364091536703713285
1359969494014324741
1360545046597148677
1359586466435858436
1360304001154240514
1358870219981209602
1358124564476276737
1359928130979381253
1362839778903916544
1359908539238658051
1358860434850385923
1360211571146907653
1359966313310007296
1365450334110429185
1358081343230468098
1357891422632951809
1358077043909537794
1358435034462621699
1357135205753053185
1357831157761515520
1356953135017824258
1358119457571418112
1358469804382969859
1358441710125260800
1357069735700135944
1358488116944908288
1357325354285867010
1359144933291159564
1356918104396341248
1361679337280389120
1359665123464413191
1359754052842758150
1358901077412831237
1356683822876807168
1359562381249150978
1357019518070116361
1356986421857378306
1359482377962143744
1359965406916714496
1356883167999897601
1360067868998594565
1358890714667626496
1363131586489831424
1359048262632804354
1362356621612040195
1356174676318441474
1359031177596833792
1358210751853379591
1360244666743029760
1359667635408039941
1359151314756845569
1361819957202477060
1359158597566029827
1358230745337257989
1358870165581160448
1359480695371010051
1357052732935438343
1360252886744203264
1365636325232308228
1357806034526601221
1359744274536009730
1365588929823600645
1364263573573238785
1357231884506456065
1357039165276364803
1364748962503290882
1358890746829488128
1358886429053575169
1356546983272546306
1360995951083745282
1358871084414730240
1364279723036086272
1363094295767613441
1359658371469746177
1358084522877870081
1358883574448091142
1358124736186834948
1357145472167739392
1364976707812421637
1357128418614153217
1365662920521187333
1358891986707771401
1360693045897887744
1358080842699014145
1357019220048019457
1358497630230368258
1358869907165884416
1359147957854101505
1357130407779708929
1356427071195643904
1365585630030348290
1359145863994609670
1361807250554302472
1357084467396030467
1357413610998349828
1366042921921875973
1356932247329378304
1358890697387040771
1356942307627593731
1358855731521482758
1359052282252439553
1358474765212798985
1359142913880559620
1358142792296464385
1365621117025681415
1357706138263912451
1359827581663641600
1358863311740223492
1359807565769682944
1357068877906214912
1356940872819081217
1365681192893317128
1360861755094753283
1359964935309164545
1363105877859987456
1359869685852962820
1358920404841209857
1357127154190983174
1360967196508360715
1359964279345184769
1363120208349716482
1359952387876732928
1357267162713456643
1361444978887708677
1356561947735523331
1357098168203300867
1358918837282955266
1360026034515623939
1359109619336019974
1360634792497315844
1359876866476298243
1359863321407741954
1360005171674288128
1358986706087731204
1361078909123649538
1359042676751011841
1358124393780625408
1357071260988170241
1361651587840696321
1358880281063804931
1358572568974925830
1359519641077506051
1359526467592413188
1362473356935778309
1356977229557886985
1358875646517207043
1363994067542020100
1359937512748298246
1358870543064330244
1356692879146688514
1356647858573873153
1356873700621041664
1357503674826829827
1359093340487245826
1358502943192985607
1358910222987911175
1358893962199728128
1365521236214874113
1359704706889773056
1357652570894970882
1358511920764964864
1361225398290427904
1360181496519286786
1359100134089498625
1356994058380574720
1357806615756423168
1363402123606691841
1357127593494007810
1358855633722818563
1360264278654205952
1360216343094648833
1359512260125876224
1357314699940012032
1360011795688218627
1363146940272300036
1356771546262614016
1361779440259375107
1359157220223709188
1362178641724125184
1361042785642700800
1359855986840862724
1356455686209753089
1359774697332875264
1358121574491185153
1357459153942421507
1365079693028847617
1359512885043560452
1356414442507018240
1363118506292690949
1358520929677115392
1358088521114869760
1360192456457920512
1358344308500402177
1359097355803500548
1359920263937351681
1361820322442473479
1357505021840142337
1356974542300839941
1363003645932040193
1358457004952588292
1356941277548466179
1357070726403137537
1357678952832249858
1357503539002691585
1360320340942028804
1357271528702943234
1359813150493794306
1359930128571260928
1359858909599694850
1361760822691823617
1356975758003044353
1358423137138925575
1358080192439320578
1360212766401974272
1365584521979117569
1356884369030467585
1357436343740231695
1360005211868311552
1359045541624242176
1359844836308889603
1365671689112211459
1359064521311199234
1359868973412716546
1358094171614150657
1357071898996314112
1359245154507501576
1356205383635886081
1360732910240858126
1359882677239881729
1357380611208605696
1358894128654938116
1364680538292953094
1359661327619297286
1356993365510881284
1363119178274787334
1360005067223560193
1357251939076104192
1359242797350592515
1360597158097993736
1363118795661996034
1357832611784187915
1358864462925746179
1357078809762217986
1357139844426838016
1359962944218533892
1358927579126910976
1359682108013314048
1357052644028801031
1363535003431424002
1358883573592391693
1357133569437536256
1364654016697884675
1365699059898585091
1358131819196145665
1358076933779644418
1357439294001012739
1361043808947961856
1365115603602845705
1356884783515783170
1359991302792830982
1363909455470071810
1359217690808897537
1361024338284195840
1359887870899716097
1357077111966752769
1359541861136936965
1359054168930058241
1364653337686265866
1358926886710222854
1358469262969626627
1364682270930518020
1361791357153599490
1357045149713518597
1356967687998562304
1365098093386022920
1357117279520063490
1360106327876452354
1358930622190878725
1366060100520181761
1356942765725212673
1359218800835637249
1359906506691518464
1360235936362205185
1357456432229195777
1361671599133495303
1359996979397468166
1361783218463264773
1358873401688027141
1361696147887316992
1359046674350505985
1365619540445560836
1363146708209836035
1359143190494871553
1359842898884386825
1357483423384887302
1359122588535058433
1358897783261048832
1360535485458898945
1357848028980346880
1359218017385779201
1357242988347478018
1357448389433171971
1359606215651844102
1358590737177341952
1359857058091311109
1358874114350587906
1360031037129068545
1359703343967387650
1358952591854624770
1358900371792531463
1359865642627837952
1359146345169383425
1357355408759939072
1358452794093670400
1359664543803277317
1358126784546541569
1359098374256025600
1361962892149538821
1359922893287809025
1360300010382983176
1359889156613304321
1357037605964152832
1363490542718435337
1364655657945886721
1357027971220045827
1358159538374008834
1357184008900255744
1359610481930096641
1356891157549248512
1359088562784903169
1356976224141197313
1363120426998710275
1358081119808331778
1359548662674767873
1358873387695767557
1364610266328162312
1363571644992733185
1360147061690269697
1356890042493530113
1356967194912038919
1358902575001718784
1359062206143488004
1358890643901337602
1357400225309204491
1361037026708099075
1359053091660824578
1358423247537250304
1357830134171115522
1357340017085976582
1365943592343191552
1361076462577713160
1358422512850382854
1357056880212914179
1358930677027246081
1360310680965042183
1359197696226131975
1358888483574730755
1357051314669301760
1356987260990849027
1359157300397768710
1359667129960775681
1358859195345469440
1359851703319805956
1359062475812065285
1360787369394372608
1357366513091633159
1360983931722563585
1357252556108537857
1358891346396913670
1359451400384770049
1356912921385840640
1359925013072207875
1362882772050857984
1359013243814084609
1360216309523378176
1357097229169917961
1360347845656784896
1365649319387365385
1358933800814788610
1360341805301198858
1357126876687433729
1358868432192761860
1358908666951446528
1358734307033051138
1356941441671573505
1358440266877796352
1357024287123779584
1361661538789163011
1359884860555427848
1357273381591265281
1357255768051957760
1357131201061023744
1358448022544408576
1360212646436478977
1356989254354624516
1358440956857638918
1358086146148995072
1359442354495709189
1358859071256989704
1361271982172631042
1358915994790617091
1357404912213258243
1359046328198852609
1358987674082824199
1365634437128605697
1358876603158302720
1359964912441778183
1357720933650300935
1358922227148800001
1356988282199015426
1359481343579721729
1359999096854106112
1358863519798730754
1363044452714106882
1358671288282341376
1356514577610137602
1365576866384461825
1364953935023341580
1360227265754386439
1366078377615048707
1362801466512138240
1357803409403953152
1357301009303941122
1358911507304747009
1359694892822364160
1365100440497647620
1359857288878706688
1360273992024805376
1357379257631199235
1361654635342217218
1356983475858010112
1357099069538246659
1365230258811789312
1359885257709924362
1359610042845167625
1365584778012073985
1357357035185201155
1365518673151225858
1361807774070558725
1357165233505251335
1357306259142287361
1363180994937913353
1362135996884746241
1361790069527490562
1364991354607177732
1357373360578068481
1357038948304969734
1356894059344846848
1363519377149222913
1359586018698084359
1358911890903207936
1359726315956502528
1363291103844327426
1358083928821796866
1359169839814893571
1358870400134955009
1360264920403746819
1356991248662482949
1359065579999682560
1361801012621815813
1361477497431416840
1357252820060295168
1359838037342044161
1359306170490638336
1357837438090153988
1358924984316530688
1359642071531937794
1359107443008163841
1357126869355692033
1357314599494823938
1358912656875409408
1358117268320907264
1360237402242093056
1358084111395676161
1360298525326737408
1358892573876748299
1361821004901847041
1362815031663071232
1358880166282465283
1358159389841055746
1361805907911467011
1359082439289823233
1359875601553833990
1359547662660489217
1359835310427881480
1359537277442097156
1364284497257185286
1359115826897428483
1357470006242660353
1364706802038890503
1358872588269858821
1359239931080671241
1357715793010688001
1361612783167680515
1357503061225336840
1358469634601738245
1359264793849438210
1358914537500606469
1357021090879569922
1359517285136936961
1359219778053931015
1365565919477567489
1356966836978544651
1358869615770808328
1359067339107483649
1358910646260228096
1357392420753846274
1358083687175364609
1356939795235299328
1361020451397509121
1359237082338779136
1360297175738122244
1359213622552051720
1365750020000149518
1356544724304297986
1360703302795751426
1358877699226353664
1356937710880096256
1358872361924259842
1358522472363134976
1363408812468822016
1360497414763913217
1356996711554682880
1359427704001560577
1356940790111629312
1362101877006041092
1363523115758850049
1360005958580240384
1359096980643971072
1358864337658593282
1364870310328217602
1356967066377609220
1358866542918856709
1359136852717039619
1360010990419660800
1356207047960834051
1359930394943062021
1356689116562341888
1359086088862728193
1360673785234542593
1359974164900294661
1359560553090469892
1357043257021259776
1361652955456425987
1359296305491828738
1358130867445587972
1359926810969055241
1357249330982313985
1359898725955600384
1358886749473243144
1365577141472157700
1356414545800155138
1364707713201164290
1357131018680094721
1357830581959163904
1359886151729954819
1359657539919634436
1356558614551494656
1356906764642443265
1357154487954243585
1357073168092037120
1360234730084577280
1358869411092979713
1360669955994353672
1359761654796402689
1359496204321701893
1356988324393738328
1359178542383267845
1357231680306769928
1357126826209009665
1359607416866881538
1356423916428918784
1360550606088392714
1359871168568848387
1362022044385296384
1356964474566107136
1359836470362652672
1357138161940447234
1357077060842385412
1360043926003015684
1359997010368167945
1359891473295106053
1365559118958854145
1361295258244575234
1363098010968809473
1365518305109413889
1359608540940369925
1359034018034036739
1361097729259282434
1360263898172112897
1359578012853886977
1357135779835830272
1359557752964734982
1356588882121392130
1357020973179039745
1361397733723144195
1365533038361387011
1359994495799074830
1361698648648790018
1358189192220725248
1356428637273268224
1360169012194406400
1360260763592634368
1360280380033675268
1358418132671614977
1358422551245041667
1359072415360430080
1358859041125134340
1357798346480627714
1364999415929311233
1358079092596371458
1358873809038827520
1357848331779788803
1358857045701767173
1361992003882475522
1357700721618132992
1358145389782847488
1359150376214290434
1360732650009468934
1359601437966221312
1358492561074176002
1359793185594236929
1356421494461632518
1359568015105359879
1359880707447881734
1358142948723093505
1358429186516525060
1356420275466862594
1361779162894237699
1362749055999344641
1358951066453303299
1359809103053410304
1361257987915067393
1357522758574473217
1360195139562536961
1356951758224953345
1358322671612813312
1357715601440067587
1356908562275045376
1359062772290584578
1363471506983030785
1358860615658446850
1358989663906758656
1364679401154224132
1358536941088743428
1357881744884645888
1364952552589123586
1364950639130931201
1358895718333825033
1358864224005595136
1361406263343611904
1359999000087265281
1358024181183635458
1360208757733675011
1356971079139483651
1358876029859880967
1357342844575387650
1362405976930934791
1358141583439368193
1359061823685812226
1359883492809715716
1359594602991337476
1357418943921684483
1366066355913564160
1358555457363849224
1357456009669844993
1360920104570126337
1362545385542217734
1363563480910028801
1363296405557817354
1357053840445607937
1366136198285193221
1360320233777545221
1357030123296423944
1359861453944201219
1361779374861729801
1358458120977215489
1359050378575233025
1358896668511522822
1361480117155938306
1356937828266086406
1357116937080307712
1357701728548909060
1357401153588260865
1358927414185906179
1357249531436556289
1360016282792452096
1361781112629063691
1358446009974730755
1362806994525126662
1359561853370834952
1358858551435939844
1364282394258341891
1356908412467085312
1361670358726754306
1361009650557202437
1357245866118103041
1356477121305202691
1358879769165725702
1360251155452952576
1357884292584648704
1359511341527138310
1359966831558201344
1359261485017559043
1362138524095496195
1356915001567686659
1361793167406882816
1359865638345408520
1358861840105766917
1358429019558072320
1357411828456968193
1356888238380756993
1359667670447230979
1357460317752594435
1358518539884388355
1363413930018807809
1356951970892947456
1359949540951027715
1360085419870814208
1363545326863450115
1362706129474715655
1357846774996733953
1363388542144172032
1356890749749583875
1359116646955290629
1358799682424741888
1363159940576260097
1356915386747412481
1359840337334833152
1360327855385763844
1359843396421111810
1360214808675639298
1359602277477216259
1366109078062329859
1356996444343984129
1356881488525074432
1357305486492774405
1358536208918466560
1359914452221591556
1363519739100880897
1358470301743513603
1357252750871056387
1357599656348446720
1358868655363280902
1356956338916573184
1359734599031672835
1359284406867922955
1358990531414614018
1359927469885841413
1360344943680700417
1359966123106664452
1356113288229171200
1358858900020187136
1359981683353808896
1361696643138035715
1364950216231772163
1357127744996392963
1356644832433885189
1358862053474263045
1358417745789022212
1359626190135455744
1365623273342590978
1360999991301570560
1361793937892134920
1364621374657077248
1363146292541669376
1365321104240365569
1360874267571875843
1359054938249326592
1358083108776599556
1358056404658102279
1359122960058118144
1363293798718136323
1360941628324798464
1359974396752977922
1365301016183394305
1357718671498559489
1359633153552490496
1358891329393209347
1357471652385345536
1359872129173487616
1357359974255648774
1357415932021395458
1359855825557282817
1359539994864611331
1362049488857276416
1358867486893109281
1359861687294300164
1361782465485033473
1359150154700517386
1360586150101069835
1356714169081413633
1361786675320487936
1365460887805517824
1359974394790051840
1361781530247499778
1359252936799506432
1365515561107664898
1358983762089029636
1359871955021795331
1357076945620582407
1360259077629222913
1363578180909621249
1359713268491821057
1358138341414359041
1357259821569949696
1357129347509989376
1361778942429040649
1361794444530487306
1359839951391780866
1358079572470824966
1357087881152577539
1359161562674659339
1365516632941027330
1357134887745179648
1362581749738397700
1359574940903763972
1358915808114724868
1359142053523951621
1360100140024029191
1358966777334669317
1365514997917495298
1363769534121992192
1364535789124780035
1358118853012840451
1358866715657056258
1359729548577943554
1357133438436986884
1359702416049004547
1358877142059261954
1356242558091993092
1359888628604940288
1365066542933663746
1359694285675855872
1358143886259064833
1357235089365753858
1358922345998651392
1359566815794503685
1361827327886434306
1361795430238027777
1356942466369355776
1358428153350393864
1359846589540540423
1356970352086315008
1359712473285341189
1357082065418788866
1359970895759085571
1361080286562377728
1358893729193619459
1358892054454145027
1360297744489979905
1359883703271514112
1359599054053920768
1359047258545795073
1358534449235951616
1357692606071906307
1361778645161947136
1357230421168320514
1358869827847356419
1357345482066980865
1356963077867130882
1361817207718744065
1366146595515949057
1357127207093755906
1362069037115654150
1359214597165703168
1360937276386250758
1357342892730142728
1358122761915408387
1359067834324815873
1361790517353267207
1358157841194958853
1358127322554114050
1365832512400949256
1358902956549103616
1357236477973921793
1364783416756097032
1359857604567121920
1356914119358754816
1359841328423702529
1358122889816514571
1359852220032892938
1364672801966346244
1357848984837107713
1356536922215186432
1359808775583129601
1360028122914119681
1362038114869534723
1358216410309271553
1359974098001141763
1360222089618354178
1359913732332208131
1363441772119150594
1359060463796031490
1361223169940586496
1364961897745891330
1359099483628437507
1358132064365723651
1361025666775457799
1359899972750217216
1358202593957326849
1357335791366598659
1358476302186070018
1365725237711634432
1357127080773877765
1365531711145140224
1356435541122777088
1357834192785182723
1358110580092108803
1365572680200708097
1361019756061548546
1364685245421936644
1360036701293453312
1360215181557698561
1359572005851451393
1358095404357873664
1364976028951732229
1358166334694113282
1359302864565321728
1363536762480463874
1366169356191883264
1359179555311878146
1360756918965395457
1357325506841088003
1362043025938128896
1359032236922798080
1358078502243860482
1359114240985022466
1358211270239940608
1357315671122673665
1357129136645488640
1364950051508879370
1356884863710875650
1361022178733547527
1356656989099728901
1360011080530087938
1358871877436006414
1363081410890895360
1361781311199989766
1358428804457377796
1364674596511842307
1359243011595653120
1361804024845131776
1362891044531093514
1363435388996636673
1359179037927755780
1358869590579806208
1357438568646512648
1359172808891392003
1358870370732945409
1358426141778997253
1359859087056531457
1356441736499900419
1358866856992514053
1358932387942531072
1357829062086000640
1359617045902602240
1358081129442664454
1357296117160030210
1365060223896080386
1361686113501540354
1359883935145197571
1360219971343814658
1356989484290760705
1360191786841497601
1358101882997252105
1356898206421053440
1358863782353715202
1361694640878088193
1362183672095518722
1356966336212172800
1359446564310290432
1358863791056953344
1359605191616643072
1357439268751343618
1358174332812460032
1362689061283127296
1356468663709229061
1356916200949833729
1365584308363214854
1359666840318976005
1359028214916603905
1359529959119847431
1357128142926852096
1362417197730197507
1359042818489090049
1359882462059520001
1359572934852042755
1359907748494925832
1361798992829554690
1359068835576500227
1360216224408494084
1358080153683955717
1357351446782636033
1356986663017340929
1358879827391107075
1358705320894337030
1359809432075575298
1358064197003804672
1358141127698878464
1357020097219551234
1360197031940259840
1359642691643076613
1358164427351220225
1359521275153182725
1364893883021279233
1359564149114761221
1359897700129525763
1360014426632560641
1359100091227922432
1359361699451727873
1359896032994287627
1357888686508105728
1365580027295903744
1360948836416581640
1358131594574368772
1364474792762556416
1364675881243987973
1357092031567454216
1357028770302087168
1358935598313205762
1356671531909218306
1359703728949977094
1357019556095668224
1356984934196469761
1359892045784047619
1358430887034187782
1364445664411869185
1359189403445428233
1358481763811622912
1361221462770798592
1358149033588572171
1366060883710009344
1359099312375009281
1359730484394221571
1362030305012568071
1365002642561388545
1359599027248111624
1363515503604600838
1358079504342736898
1358524811107061765
1359591791557832714
1359181679055757316
1358529074222751753
1360372640477827072
1358863975639879681
1360277985673289730
1357808537360072711
1357071953488728065
1359150309898129412
1357062928730570754
1364998767338868736
1363853732971237378
1359881619264450561
1358886434011287553
1357434746284949507
1357842120149774336
1359078709916020737
1356649903896805383
1365619539132702724
1358439152849674240
1359851042771509248
1356630108820357120
1361098449039589386
1362032125789278208
1359064398590050305
1356669510879690753
1358144083961741312
1357438180576923648
1357251965118513154
1356432242604724229
1358122623654375425
1358135281547886595
1360191496029372421
1359928440808480773
1357770468305096707
1356696344233209856
1359581478636695557
1360393973148352514
1359517200307146758
1361005469570113538
1361808669395087362
1358863750963560448
1358674879890001920
1363426156880527362
1356909652785692674
1360014800609280003
1358429530847916034
1365522097477402625
1359859570470961159
1358152028342616070
1359538402744537090
1357052816234340352
1365418470318497793
1357392129006456833
1357026809574027267
1356974637679325189
1361793635407310848
1360189783964848128
1358890017557540865
1358087768891654146
1363147081213427712
1359878797454098438
1357042161334763523
1359520533658931202
1361650381877637124
1359217679710777346
1359606766770786311
1357065244984680449
1358138202729697283
1360224511757606915
1358866768958218240
1358934466308300803
1359838840203194378
1361791878346272772
1364970323532251142
1361768424892948480
1360954367327805442
1358136127660695554
1359514366870183936
1358882097331638275
1358232843357483008
1358861759998816260
1358077200776519689
1360726153661722626
1356966173406093312
1356502170921803777
1359968310994075648
1357433547078959105
1358864534035976196
1358791809607102464
1363487208343224322
1359031249835352065
1357770374130388999
1359589999868575746
1357360231391522818
1357271832915828743
1358870919335333891
1363651124872552449
1357071460607668226
1360321009652482052
1358477338732814338
1362690562030260225
1356669669923577858
1359881779830734851
1359115087089438728
1358922548134690824
1357127052495892483
1356161158361862150
1359897881277300737
1358864855302815745
1356921773082746881
1360236472926928901
1359569181000298498
1357227440687439879
1357135011204517891
1357127026327646216
1356509111765114881
1357289485264949249
1359105709674295299
1358475464281640962
1356664275901837312
1358878045613002752
1358858422779850754
1363105010414989315
1358914719608897536
1359174236661768195
1361000365018275840
1358119696315396097
1359534840329228292
1359513402524196868
1359768054247350273
1359519036330106885
1358890409016111108
1357717028493283328
1365581944298299394
1359575898517868544
1361000632614805511
1360249152530178050
1360201346000056323
1360189723227140096
1359600293810475009
1359855695638769665
1358412919206248451
1361750632080822284
1358882926373568513
1359205967594938371
1364678792942415874
1358873078990737408
1357400802596429826
1357082765955633154
1358889635875860490
1359627687929786368
1358121713679147009
1360911039974547456
1361792374461063170
1365794266929332224
1359115796048404481
1356950575494135808
1358867446900342787
1362028171806330884
1357803263903621123
1359536499793027073
1364667740829741058
1360406700184993794
1360358151032365056
1359226951144267782
1360008345525112836
1359142896461623297
1361235936340815872
1359068295907971073
1356338585427988481
1359085230657835011
1358892187363274758
1358442462222647296
1361792303933841413
1358929655001153543
1358907880833974274
1357124878990721024
1358857253969948675
1359553083181785099
1360500897344876544
1364310873209270273
1356202911571836929
1356306226133553152
1361291282816073729
1356481549701685248
1357040174220398594
1365054594489995265
1357661614422515712
1357049915323613194
1358079787282104323
1356674334555783169
1359055338419404800
1357021614181908481
1359646521302605826
1356941909030285316
1361194998943932417
1358872665939927041
1361210254940393472
1358205623813328896
1365529501896171522
1358487490605305856
1359052244755300353
1359853932609208324
1358377387424112640
1359590282799546368
1356373418762002432
1358429574233796608
1356597749643370498
1365224941432557568
1361786834225872897
1358906935169474564
1358888471205707781
1359960810773217284
1361407929807757312
1357411564069003267
1364594444931055618
1357928961427337218
1361250671266328580
1357065637969952773
1358203857222959106
1360990020610441225
1356338921433686017
1357009900409356289
1356983937243963394
1359746505352093703
1359529801866833922
1359029776367947776
1361204878895419394
1358440680129986566
1362112096335503361
1359082511096283141
1359569219558514692
1356958089698824195
1359147615636643843
1363295948051537922
1356921774445895681
1364896655141703683
1361783769024315398
1359858961114103808
1365547766085206017
1363529195654103040
1356933869799358470
1358132820871421954
1361961334347341824
1356903607749197831
1360139904315965441
1359859224994598917
1359117139106549762
1356673060707971076
1361658324475871235
1365596191099092995
1359074785985183748
1365119639248916482
1360318786386149381
1357836188258889730
1356633736301998085
1357386310890184704
1357773196716630018
1358865724299743233
1359816047122128896
1364379522473238531
1359209428352983042
1362841489848430592
1358079595795386369
1360223084461101057
1359136472360759296
1356937754572181505
1360061067020431366
1359934135113027587
1358485042423615488
1364681891631235072
1356886121490300933
1359545545614888967
1357166364792942593
1361688809893752834
1357481619272175616
1359943456509095938
1357572882830876672
1357633298101645313
1358388172560949249
1360024545235787776
1356975277033877504
1365586617726095361
1359141257747046405
1358183389002674178
1357126820571865088
1365682445123784704
1358523574873710593
1357028941400334343
1361686480813498368
1361236404198588421
1357411818285764620
1361793814848032775
1358120581825183745
1357841668385472512
1357247739348844547
1357351400305549316
1356551074228826116
1356887412996210690
1363810285157515264
1360070364567642115
1364766514746957826
1365059329452302336
1363490883430146060
1358923218267103237
1365564647982723072
1359586753787662340
1359853999348998146
1359228010130526209
1361013348897349632
1359115432217747457
1357848470791536646
1357060629392224259
1361654692879732736
1358941356308246529
1358891972992393218
1357287781626753032
1358116877801820160
1365516104613953536
1359223945405190145
1358981192805208067
1364593548247658496
1361246779388346369
1359880056089284608
1358893911612227586
1357132133555445760
1358912311185076228
1358955832520622080
1361071783936425988
1358636161841975296
1357038951664676867
1360302661459935236
1359943983867305987
1358901648924491781
1359807428066476033
1357249605155631107
1358893623039959083
1356217106384224256
1357026514206928897
1358867508057538560
1356922305339875328
1365632636375474176
1358125875938607106
1361778759678976001
1359858349710462978
1359983803675140104
1361799858420645896
1358102116510928899
1356918394906411013
1361647116955828227
1359698401848401920
1359058266282733574
1359872486167437322
1359753836953554945
1360176882281553920
1359971622179004418
1360298673293393920
1357110809764245505
1358001923673255936
1361650316958191622
1361226535429111811
1358865903228747782
1359102390511808512
1361662394754334724
1359530049037287428
1359843723882999811
1358993874140749825
1358873260184715264
1356973176388001792
1360197018904363012
1360296968375918595
1356975104748630018
1357215758091190272
1360569206950010880
1358991937320189952
1364429012282580994
1356892854828859392
1357282348660883457
1362031223732854787
1359968478476832770
1359058817401688064
1357398195647741953
1360297598008066061
1357414222746050569
1360868398960377858
1356435475842674689
1357807929831915525
1358902033823256576
1358882050657443841
1356036407597400068
1358650748515610624
1357114532099981319
1358445578427002881
1357406682108882944
1357336624833695744
1359865596746342405
1364602084444803072
1358869269900058624
1356433843226636289
1359319355524341760
1360980641001705479
1356987773761249280
1359591042463506432
1364559291806605312
1365626400548548609
1361692125096722436
1359557214965542913
1358990746175569921
1357297376881500162
1359618074723418116
1359965156369924099
1362891362895622145
1364986553953619973
1363953841633394690
1356884485669847042
1361790616703799298
1359062036588675072
1361683225320505352
1358865704116748289
1357773097668083712
1358863545790836739
1357833506043404294
1358861658790236165
1357158340955111427
1359186175706214407
1360029282496634884
1359078269807689730
1365614663468204033
1365515587171069952
1360416853307359237
1360190564428378118
1357334451399712771
1364337733498507267
1359851074165870600
1359196253750521863
1359481431173586947
1356934585439952896
1358212155204640772
1360666877169647617
1359078366083768323
1358420478604509185
1356922267956097030
1358910717215330313
1357048376039264265
1358208459343355909
1358482829856956418
1360025621796126722
1358522822600122369
1358244026311454723
1356888701834571776
1361785779463274497
1360025434000404485
1358907263684145159
1358430407608438787
1357012581916020738
1359080196834549763
1359897194762039300
1359956982946549770
1359070510123003909
1358078924413149187
1359244615916937217
1363101945427357697
1357126751525212162
1361124995473276930
1358124916726464516
1360371594116366337
1359810064530497537
1365584040393400320
1358092424883671042
1358895124244291587
1359042369870573574
1359012255715753986
1359974828497907715
1357402034547351552
1363081037065187330
1361872707084832771
1365540691749789697
1361024382378909696
1360391082358505472
1357832667505586204
1357335960220884992
1358989959135449089
1366016499668942849
1357835055419297797
1357412506780786689
1358446356013199360
1358935702415761409
1359095858554417154
1358718445752360960
1365671086768218113
1359071486083031040
1357403008263405568
1360106255268913158
1359057404864974849
1359136791899623425
1359882353678700554
1360211849522925569
1365563578498113539
1359631635835191298
1358081603075887105
1359869369766002692
1358866566230790147
1359712678231605249
1361037725370097673
1356554172989124609
1356316611704193024
1363873621685530626
1360160344140881922
1357660695555366914
1358881450800594948
1359073576570277888
1365731911084236803
1359700092110929922
1361779427957501952
1359540944949956610
1356917302877446144
1358546863549534214
1362700558604382211
1358992312836194305
1361269061410316293
1357000491453054981
1356970020048363527
1365596861873221634
1361018107268132869
1357127160218210304
1356108019042545665
1359836588604338180
1359257462520631296
1357057452898934791
1360311422819971075
1358861958209032192
1358860386095820807
1357336226223689731
1359063014071222273
1357647386949083137
1357802962123382786
1360158250730151937
1357344818557374472
1359853515854802944
1358430192113442817
1362826574458937345
1359613119606083585
1359564567496564737
1357086578066288640
1358914242037116931
1361790410402717700
1356964215626547202
1361778830961217537
1357080651212677127
1357273636177076224
1359669049953779712
1363003140715470849
1357449270161457154
1360210845037453314
1361302642862010370
1358895493263339529
1358905547542650883
1359611548239622155
1357127114504499201
1360903715742490628
1359687171263918085
1364683034063228931
1357379141302185984
1359562338135867396
1362142361158103043
1359558353224167425
1357773776373633024
1359965911927652354
1364689798418595842
1359900549194391552
1359866163354820613
1356754613324677124
1358424835357954051
1356895697581322240
1357633692185821184
1359828969256873985
1359512037525757953
1358863763118645249
1357136382016290816
1359855018103484419
1357253140169568256
1360033311914131459
1357099214753398785
1358873312596754435
1358863395085299713
1361781673763995649
1357022354480779265
1359283046042767360
1357127104052293637
1359836164044259329
1359629844980637698
1363162760146780162
1363042776456306688
1358419427176382464
1359056249258733569
1356987576058535937
1359909739954642947
1356419947375771652
1359815729718124544
1365977113908703235
1358261690375286786
1359571378337423360
1360312731841286156
1363249659880341504
1359204717268721675
1361123501646749703
1360213915662188544
1356929022312271872
1357774777684025346
1363436390667739136
1357535180332875776
1359826736452677633
1357035678933090306
1363114711131242500
1363165829077078018
1365598827311484928
1363511312018518023
1360010839814717440
1364613607359668225
1359976806745600014
1358859338220240899
1356414127619657730
1365526622363934721
1359886880171585540
1357281210658148352
1359144889494237193
1357129079301033984
1365515450050875392
1361647640010760194
1360279444296990725
1356375268043190272
1358879177718521858
1357132086688309249
1358521255834624006
1358924823653724161
1358446736365207552
1357228763378032643
1358421613016993794
1359834500939808769
1358934163919888386
1357124324705058818
1359181081849790473
1365524963562782720
1356161071204225025
1358681835597942789
1361673010164416512
1359151349733199879
1365976833171337219
1358069378277908480
1356974184954494977
1358129460315357185
1358432455443808264
1361021690390659078
1359915479264071682
1365518908829106176
1360603837975953415
1358867330797740032
1363909397630627843
1358872541721489409
1362138602688372750
1357076261135392770
1360669307735261190
1365572051570987012
1361809019824975874
1357228635263021058
1357505788609245185
1359190136118992904
1359139753216659457
1365743914637004805
1359138147494428675
1359810469347868672
1359079727542247430
1357176859084132352
1356886183515729921
1359897961845686279
1357858391109099522
1357499545157054466
1358138985365839879
1360996848077590529
1357355734783168512
1361753136352931841
1360996306265792517
1357154578601553920
1360114387344883712
1359390638270210049
1357070551697809412
1356193856799313920
1360219637435219973
1357033249101512712
1358104881442283523
1356665706700537861
1363119706891288578
1359012235306295297
1360099792014180352
1359975247139778563
1359798283997175815
1356239735547686919
1359206638616514564
1360008576660553728
1359627677221724163
1358683822246797314
1358875127883182085
1363764347974131713
1358137928422199297
1358976754900172800
1359884797447987200
1361780077638397955
1364831631479955457
1363435641867034626
1357775630016909314
1360682001121095684
1364741846946246656
1359571534348767244
1364694915628871684
1357104283267846144
1359096995386953729
1364674908068999169
1363013393536458753
1357007305070501891
1359637915178041344
1361013738338410498
1365515353976164356
1356885026269503489
1363620553509269506
1359501325780856837
1358807758389272579
1362848077384716292
1365127808167600131
1358110790386089984
1365580346734034945
1358893949226737665
1357282916775174146
1359889537837727744
1357670084915920896
1358123827499327491
1358087088302915584
1359388629651644416
1357820833708847109
1360406143881912322
1357773522341416963
1356718098603245570
1361791171517968387
1358806308372303877
1360678929187667974
1360393901690007552
1358167501964771328
1359673745481302016
1359537441053552648
1362019458693349377
1359068912810414080
1359013076742332416
1357303145253265411
1358235665138335744
1358971121496948738
1358882794894749700
1361781773475213313
1359095239252844544
1359554926544883714
1358887134841745408
1357314640334761985
1359464419449856003
1359150542132494336
1359133248060858374
1357284004756676609
1357235517608366081
1358922404194619392
1358919690270220292
1357233123222827010
1359968362588209163
1359156081923129364
1358866605149741060
1361755115926003721
1356889520185163776
1359524607464775682
1357023161724846080
1358091363380846595
1365516075769733123
1359853025096048641
1359707031423377411
1357379421888462853
1360240542735622148
1358874710466043910
1358521486693310467
1359105105992310785
1359198788234186752
1358898697384456193
1359575807644078081
1359301676193230851
1356987439869493251
1360405302110261249
1356280576848916484
1359946531818897408
1357795862823510016
1360304808956149761
1357028792326377473
1363442276106665984
1358869098554404872
1356978002056347648
1357440062649163779
1363437357442211841
1358888276074127361
1356976340772225025
1363407051469316096
1359446470924115968
1363566552306626562
1358088247038144512
1357410373926858754
1359034260984901634
1359854650044858369
1359104984726593537
1361795188260274177
1358677764858068992
1359930472344784897
1358087566029950978
1357633900927987712
1365554906208342023
1360229861822971909
1360031101410897924
1365583742673309698
1358183008172462082
1364996922356862979
1359437653247197184
1363908428482174977
1358534293937651712
1357805393641111555
1361650142970003457
1359285367296446464
1363886266123608065
1357060997954076686
1359020617421455361
1358866916958474243
1362661488553578496
1357830799156908034
1357445600757899269
1356887930606940160
1356774032683782144
1360301364249731072
1358915956513402881
1358868305868705792
1360860964162318337
1360311872038264834
1361635964003713026
1360979256357117957
1358925428430430212
1364679658797756423
1361783455663669248
1356473041262411776
1364693608234946562
1356432368140226560
1363525165662031872
1361397134344478724
1356417240606859270
1358867005600899073
1363463050062426112
1357132971099185154
1358890830363246595
1359860158550192131
1357150312402997250
1359119027709313031
1356674493440290818
1359133420912312325
1358882573016047619
1356460696733700098
1360290733056552962
1361790886208757766
1356967197600583681
1360241311241146371
1358887522881921026
1360236517164204036
1365517496942538754
1359151856056958983
1359968412328419329
1359218884247699457
1364263543445536770
1359860895778807810
1359533057582256129
1356880124675837953
1361783321227911168
1359869064462692353
1356215698511572992
1364231285766512652
1357684073108496387
1356980466189017088
1358441501592670213
1365024903028736004
1360402074937229315
1365579144340402177
1359543721545527296
1363488155903664131
1357126992680914949
1366148925481189379
1359917181027377153
1357295907822313473
1357003651961802756
1360667506105589761
1356983036341059588
1362782773480730628
1356675198590844929
1356955603172798464
1361671978470559745
1359583220669513743
1357272598028165122
1363064282087309312
1365464107470708737
1364746934909620229
1365785827310198784
1356858463033425923
1357625632453238785
1359873947861458949
1359562800776032258
1358899851749122055
1360345717173325826
1359989532339417098
1358564790185172992
1357035820205629441
1356888754124914690
1357134119373844480
1357023286140502017
1364440947233284099
1364910576015708161
1363554690429038594
1359857012696301573
1359845999590662144
1359074390550446084
1359819684212854786
1358866758141108233
1359881573722705928
1359058300436959234
1359062842020921344
1357239729356423174
1365661039199735809
1365061529436102658
1359807609423986694
1364611659143200768
1356250788314701824
1358861524463480834
1357411031782477825
1359853611296186369
1359806494682853382
1359857697622024193
1359862558740602880
1358865920052068353
1363527939699191814
1358891022428872708
1359984215966818311
1359875435950198784
1358891044344111107
1357150864964800517
1364710177396695041
1357125617016258562
1362697906290049026
1360274602375716866
1359669495837691904
1363804333121355776
1364271342435106817
1360401058321870850
1362832177231192064
1358864430809890820
1359595474920038403
1358131059716718592
1356031776624406528
1357771498656849922
1360879137301426180
1360992661952413700
1358866173627146241
1357385533547290626
1361035212558368777
1360255305712619523
1360013799198257152
1362288803105406979
1359884584159227904
1362137574337372165
1359203874981236740
1359518849633296394
1356330532846637064
1358867615863762945
1363402614843531266
1359481064738160640
