1394761538599374861
1394887689904828416
1394776468622819337
1394856969144569865
1394589715064672257
1394394347119038468
1393726932353695745
1394786984636436480
1394661994100318210
1396710586436755456
1395128493302812680
1394770128861073414
1396907813297967109
1395110944834039810
1394976524957323267
1388805317690105859
1395689048883277832
1394816315139952640
1394783748311470083
1394761764504494084
1394932653917458438
1398167661633286148
1398341816672567302
1397090875721887753
1394751626968186882
1398076821577535488
1395715752376864772
1395002007501656067
1394584927145009159
1388824439689777160
1394423918203609089
1392580015305502720
1396784073331417090
1395122411725627392
1394696285832335362
1394593310900117504
1394610969729507339
1388440296250351617
1396944566087991297
1395380981918404609
1394645055324016641
1394731137319247886
1394729873860702211
1394956295439110145
1393356666352148484
1394762343461044227
1394709301885812736
1395855882056044550
1394941943357050890
1389501723140665350
1391316189717188609
1394652518647570433
1394777499184287746
1388872814887936006
1394668544814616581
1394793894731304962
1394787826496049153
1395717684432617477
1394714512318676995
1394683290553049090
1395016555088564226
1394672800019922944
1394713056907825159
1397091892211376129
1394891021411045379
1394780279533969423
1396734068457447426
1395020935623811078
1394906152383692800
1394584805803708419
1395064046500687875
1394669138568744967
1395498366793129985
1395678761635520514
1395005617849438208
1394711747282546695
1396952547840102403
1394612413685813249
1394761571281293320
1394768999502819329
1394718343932915716
1395262889657872412
1394972291898003461
1389075056526073856
1394779765786218502
1394609499038695429
1391681792059580419
1397706816851787783
1389697284745596931
1395114941879836673
1394771814652465154
1397083269397721091
1395822033502720003
1394767707728384000
1395109302612938758
1393261097231192064
1395288377801519104
1394736478232662016
1394730871584956418
1394656109168836610
1395112485779353603
1394715870753079296
1394822353067122688
1394691602363334659
1394629289107206146
1394579396841910274
1395322785069731842
1394612384829001729
1394609848508198912
1393820080098656260
1394642103171432448
1397405041972109317
1396769131723112448
1396426725123317760
1395045208778235908
1394428314178236416
1391477713655959555
1394664955937529863
1394938140452954121
1391126547650781192
1394790374024097795
1394618693066371076
1397234786482237444
1394724205988651014
1388791909347364864
1396745035106881537
1394789123156856833
1388465765104377857
1394771175105089539
1395090295860121609
1394559418608623617
1394580204664807425
1392362163407360000
1388797552707911681
1394604745202061317
1389167907461115906
1394737673030578184
1394782023236128772
1394612472557051904
1390852195071971328
1388793394323992576
1394743761561915392
1394903317231378439
1394877597000114181
1395042236858081284
1394773026869325833
1394569657936449537
1395016600651239425
1394711008917213187
1394726670251274244
1396402238881423361
1391329519391363072
1394993770270240775
1394617790628306947
1394750392039321609
1395734092839276545
1394790667717578753
1394715909248405504
1389597833515388933
1394383902093938688
1394515230760255491
1395051725896228867
1395717851143680008
1395015478762999814
1394738246857416714
1397405969898999811
1394581869614624769
1395037836085235715
1394746210997706759
1394736424738562053
1394966530866262021
1394414505409589259
1394751792865492993
1394744287510794244
1395075820926947332
1395832611906498561
1394715151257976834
1394568942874734593
1393459353227776000
1389174099415601153
1394789498832175104
1394731540521889796
1396389832184717322
1395007636622487555
1394724003802238980
1393708923450966019
1396750318268989440
1397219432150282245
1394770177422659592
1394689765535006720
1394604499206037508
1394965943604895748
1394579540459012096
1391667368389193735
1394606132321214468
1394933727814422529
1394421216191131648
1394612372921278464
1394617084013776897
1393527246254657537
1394945317460750338
1394753809470066688
1396971576155901954
1394681616195362821
1392877360601522176
1394751016030162948
1394840261289824259
1394889334973771776
1394603242642882562
1394747979337195532
1394808661659242498
1396459088679165952
1395307362404208641
1394972546416713729
1394711035777593354
1393308360229928964
1398330605855776770
1389639504600895499
1394613764385873923
1396918899950727169
1395727565973823495
1395082871698862083
1394609196281352192
1394913395829260289
1394698883989708810
1394740520291913729
1391409621751980037
1394776102523097089
1394737197509746692
1394774719988109312
1394972823018524674
1394716290569408517
1394582725730914306
1394005969487622148
1394904314175500289
1394895790531874817
1393719958048231432
1395052925324496903
1394751127946633218
1394741680654458887
1394609531309760513
1394572622252421122
1394710952449351685
1388816594940334081
1395007431579770885
1394600423932284931
1393265603130105858
1391670165939621889
1390676911697846277
1393216084229206018
1398557899249623053
1397087520370958339
1394636640291856387
1394713025689624579
1395115695927607300
1394635559864258560
1394588185716535296
1395821401605615624
1395022305898684417
1394643429817298945
1393263278365757448
1394631007366795268
1394614324119932928
1394623514355851264
1394991165506740224
1394775582454558720
1395051924215451650
1394918506718760961
1399141647418638338
1394967117343174659
1394727628406411265
1395053450015170563
1394997373991063554
1394882371296583685
1394731424100536324
1394903891486167040
1396872024157523970
1394598057489092608
1394739147689037824
1396919062521860096
1396380332354641921
1394610022143995905
1389155911151886337
1397076448901537794
1395280870106439683
1395177070758617088
1397250243503210501
1394716462959534082
1394857895733366790
1394612858844028935
1394788591499419648
1394432849810448387
1394950251912572928
1394356427452469258
1394713190571954178
1391378248823672833
1397871217797910528
1394770699877765122
1393418204714786816
1393298932000776192
1388820127844536325
1394609395795955713
1394938020508442626
1394617683602198528
1396775340039680005
1394786117057187841
1396379374866272258
1394942855257468932
1395388656232374275
1394728675170467842
1395008038982098949
1394752258781421572
1395263972270612502
1395390538959003649
1396796133565939714
1394716387294289920
1395802623941431299
1394774237106348035
1394904348854005760
1393996124260900866
1394914866398474241
1394541259159654405
1391471823703867393
1394946434236141569
1394890192293617665
1395284385054789633
1394768683399057416
1394774686874095617
1394631535932973063
1395264350949191683
1388476332514873344
1396766404829908997
1394533803813740549
1395006125343444992
1394731210597883904
1394889417215578112
1394609961930530822
1394905922858803200
1394703730227007488
1394628286508978183
1391117562180739072
1394614226510045187
1394577714183643136
1394799013023698946
1394956313797566468
1394660845687345155
1394726396027719686
1391728958501175297
1388789488621604864
1394990716154228744
1394690496962912258
1394994325885423621
1394372359893753857
1395294870416371715
1394601212281040896
1394925680308129793
1395028934136377344
1388384580713992193
1394809188484780032
1388490019820740608
1394790498972442625
1388801775394754562
1394714278427561985
1394620608072331265
1397485232362868739
1395000661553647619
1394931406808178688
1394686611435233287
1394618745482530817
1394976298531950595
1394662922090160133
1394573254480760835
1394718797190270976
1388959153335508993
1394936247555137540
1395822233201827844
1394918006317326336
1394682894589874176
1395035694049935365
1394682937233215488
1394789602326679554
1394763306687139842
1395325120516870146
1394574402898087940
1395016965375340548
1394678456110264333
1388852547780231170
1394556512236941315
1394886157352251393
1394926636701822978
1392591255247499270
1398462223698255878
1395882558223695872
1389384393341427714
1388872498196922372
1394589368405352448
1388984381709197312
1394898643027648512
1394941805884477440
1394677220396785668
1394702679809667075
1394682698275475456
1394600199197167617
1396826020427309057
1394737664696463367
1394757986837569540
1396018120276447234
1394894277608681474
1395530722044219393
1388815619999600646
1396377725175226368
1395086690277109761
1394622099009024000
1396491457935155203
1395304441130233856
1393649531993079810
1388790744576573447
1394965002738704388
1394710283373977600
1394913936210866181
1394617809443991552
1394599262160400385
1394647376539828227
1394715815224782849
1394579792297664513
1391476559731642370
1396095120144060421
1394576532639715328
1397967745581527045
1395272402574192646
1394349101848973322
1394757081207648257
1394750577549221893
1394614697220091915
1394922578746253314
1394610266369896451
1394573568554541056
1393409027875524610
1388739752275365889
1393298839306743811
1394954733102772231
1396391078698360834
1394631973843447814
1394944275067121664
1394683262644244482
1394877420952563712
1394916932705476609
1394421924562751489
1397686071551574018
1393291726882803716
1391092265226055681
1394895615285411842
1394586270991540225
1394741620915019780
1394575438446481409
1394518740260294660
1394937117244076037
1395061385311182850
1394867036220710913
1394621405036167172
1394589088062316548
1398381175698333698
1396384051410391041
1391500663113359363
1394978016573411331
1388535858769317889
1395693035950907397
1394895804264075266
1388845473516118016
1391434849450344454
1394611838202044418
1396467827754864644
1394889733264785408
1396122873203396613
1394753387992961029
1394746483111497728
1394903601622003714
1393270760093982724
1392637463076691968
1394954816611303428
1394714412313976832
1391516862488453122
1394629807732891653
1394768020132831237
1394610248208551938
1395116967011422213
1394778303790206979
1394758965335105539
1391100152098734080
1396788951080390658
1394606054877630468
1394711126668103694
1396114586823270401
1394612648390582272
1394711680454733826
1394769922824278019
1394953567895572480
1393269624628817931
1395159550718844929
1394721806154612740
1394586836991987714
1394917697062850566
1394890983519801347
1397083858345119744
1394739200214413319
1395040353359704064
1394756520827662338
1394725119617081344
1394430681195761664
1394884997056708610
1394410636965302278
1394713347631812609
1388931043634388994
1394563953334886400
1394890936451272707
1394611714918952961
1394599562032173066
1394886216005324807
1394976872467939332
1395357287674486787
1396075705193074690
1394742678752047113
1394788951815249920
1395111294659973124
1395142088388485123
1394789921651576834
1394751505916366852
1395007554086912003
1395113898437718021
1394656571402117127
1394703912666546186
1394750679105818624
1394556785109917696
1394597154954563586
1394618308243169282
1394727685260255233
1394467604933353475
1398779656539627523
1397299547357995011
1394632226873171970
1394783693902856202
1394782097286565890
1394725991436668931
1391104430280425472
1395763824825876481
1393415468254380033
1394556458428248067
1394742217324089361
1395018595311177730
1394584150955511809
1388763294585036800
1394912906068824066
1396215923560828942
1394570936154828800
1393264375646019586
1394683148420722689
1394542673403555841
1394621104275218435
1390410533258633226
1394632840592101377
1394980948094107655
1396502950936154115
1394753659200839690
1394967706429018115
1392579138326650881
1394773901411033105
1395412255131504642
1394649082883235842
1395428994938335232
1398589578831929345
1396450438820605953
1394907924108124166
1394777079380578304
1394536491104276481
1394962785457561600
1394947596066697217
1394569681122496518
1394583401299070977
1394595868846694400
1394705484305809408
1394729822098804743
1397195173604601857
1398546472937926659
1395689453008662528
1394997213441499138
1391166057272987652
1389188138694815745
1394760754440572933
1394762436805283843
1394732816102051840
1394610315074183168
1394573374194700290
1391117999432683521
1394800014401097730
1396897000348692485
1394938944777826304
1397577302213595137
1394910798779146242
1394787488640667651
1394635027644813314
1394902330093494274
1396829438747291652
1394981624471752704
1396794450928603139
1394817300033900544
1396597130660388865
1394592886663131138
1396828131693142016
1388576652968476672
1394914883506946051
1394952274594738178
1394790863587495938
1394783206575153159
1396912884752453633
1394779397446643715
1394891135139602433
1394561218627653633
1394921117886865408
1394940924459954176
1395702181446262784
1396770651835412488
1394739454619828233
1394641972724441091
1394614207623180290
1394662113080193025
1395286775158001667
1394559628214607873
1397348029649326081
1394770438430023683
1394577294640009216
1392618244780003330
1388758595819421700
1394608447619010560
1394355304343691273
1394761417425883144
1396165107516903432
1394714827982053378
1398770838283894784
1396936963526103049
1394712601767067653
1394728465669238786
1388957877272973330
1394576619768098818
1396096715346874369
1395063715297378307
1394713392200437764
1395270715746750464
1396457773009981443
1395396642556231680
1394742201486356490
1394740628190339077
1394635991785394177
1394605822009745409
1394446644293349378
1390677207689973760
1396457520496005123
1394641965912838148
1394744024435728394
1398335098219552774
1394759437311746050
1394779092046733317
1396388434583949318
1391202409267990531
1395927569464283136
1393833254013313024
1395014418292002819
1394624135075147778
1395045661612064768
1396740537475125248
1394715551964991494
1397405093377593350
1394793810778017793
1388455943034347521
1395095204433121289
1396384965374496769
1394537659415076866
1396220221036367872
1394786527423647750
1392233050386452482
1395052908031483905
1394714859154067464
1399446755817709580
1395269492779925509
1394385173001670660
1392425099068944384
1394631759107706881
1394674901160808455
1394660272271503362
1394352262437343235
1394762303506104322
1394728672318341121
1388438504154279940
1394590958004604928
1396950567415656448
1388801589905788929
1397404008759836677
1394542348089049089
1394690165910691847
1394712682582921216
1394759419037106177
1394733376737796098
1394773384341372937
1396450634522574851
1394575320997564422
1394389880365584387
1391873420527288324
1395777934066176006
1394787419766013957
1395975565493121027
1396450919848493062
1394747531456831496
1394585211313262595
1395717372992970753
1396775368103809029
1396466325279678469
1394676540969979905
1388961422042873859
1394738664165494790
1394738164066095106
1394595408727379971
1392607552693694464
1397348606512975882
1394386667419717632
1394472661506576384
1394715511582302209
1395093982070415360
1396884794840080388
1388914506072563716
1390243105966903297
1398393819918393355
1394752093915914240
1394420755862106115
1394917615592775681
1394615183717322758
1394771022230994945
1394557961201127425
1394621991693471746
1394922483980161024
1394572989702840323
1394934843021185028
1396379742597750785
1388991473148891141
1397708319654039556
1395024875895590913
1394568893516156928
1388445671750082562
1394929284419031042
1392540776710746115
1394603590304608257
1393993216689647625
1394556020383522816
1395819586583502850
1394753396377374724
1396895383494725632
1394631717642768394
1389197441661128707
1394758337582010371
1394906515530788868
1388599788984279050
1398275813926187008
1396111644204441602
1394753339317948416
1393993458499600385
1394599147924303875
1394733517771317265
1394916230310547456
1394702787301318656
1396039116891037696
1394950180496199681
1394615231880613891
1394649296486666250
1394891403499646978
1395397292308434953
1394790596338913288
1394912567320010752
1394577437141372930
1394585261196054532
1395050135646883841
1394722149655629829
1397708538026278912
1394760312067395592
1396392521354387461
1394554574996971522
1396768049450176516
1394597672187793408
1394766290808619010
1398430235096498176
1394595125565788161
1391673236652544005
1397085190170808323
1394716943190478848
1394913626344071168
1395689410964897792
1394685618358206464
1394599441945055232
1394719521601110022
1397709741376278531
1394976043258220557
1395825317793632258
1394914300431634441
1388806419651117057
1394635325755039745
1388513617042157570
1395026476580413445
1396089230426873857
1398392380018114564
1395047987550826496
1394600726207336449
1393311235475755008
1394605828607467520
1394668360311451648
1394776071149694981
1394584740829745159
1394581057907920896
1394754186609364992
1395040828922474502
1394616495448207361
1394779031502008321
1394648286519304193
1394766744414208004
1388438892823601152
1398409440144019461
1394961550092480513
1393335479270051847
1395340665756831746
1394738256600784896
1396906871617953793
1394931330094354433
1394822537859719169
1392031154119843840
1395425589914447872
1395704304913289221
1394794412442537985
1394682898138214400
1394647096410746883
1391491748120104968
1394572967095508993
1398599439716073475
1388432461529591809
1390651873326243844
1394726921167060993
1397089248738791426
1398188446817173506
1396770933168279559
1393579840712986626
1391370481677312001
1394613665245147138
1391728399371194370
1394578908452990977
1394744387016474624
1394613408780095489
1394948193234964481
1396894720404635648
1394787199816806402
1394760294287745031
1388934706155110400
1398428848849567747
1394599524459552773
1394688013469376520
1398750892468359168
1394556972230402051
1389150409000947713
1394628344143089669
1394861750198095872
1394602181924425730
1394772953460531203
1388803332416983042
1394741833381597189
1394616120779366401
1394731441754460160
1394593349219278851
1394611594500395009
1394687968770674694
1390360455458312193
1394765850578722821
1398260784497664004
1394976380530606080
1394737921266171910
1394775105755127808
1394585159303942146
1396449726006956032
1394744268607139854
1394913895802888194
1394759879773020161
1396918028873486337
1395822299824246787
1395689674010673152
1395016556246142980
1394886409207656453
1394650626773200897
1394607114627203073
1394781738954641408
1395127455627812864
1396763679811584005
1396793619965677568
1394751526002962447
1394736042926870530
1392560549226074121
1394720340304175110
1394883980059717635
1393329971670753282
1396938608687427585
1394684908262547459
1394915546894905346
1394846483426447362
1394649794941968389
1388797146015621120
1397577278368911361
1394913975918342145
1395057720965931009
1394585389738901505
1394913504256266240
1394917781758484483
1395512660339265536
1394742815352139776
1394917169193013251
1395699540532109312
1394768440683073546
1394744555468169218
1394571293719150593
1395009390567170050
1394968472032063491
1394908623298498562
1394905587389972481
1394618438182637577
1394623794967363589
1394743997759901704
1395242396699537410
1395649978777866240
1394763699059978241
1394697228938354689
1391078366674132992
1394926138061991936
1394573644177752065
1394868178489126915
1394591924586176515
1394714125553610754
1394883574814367744
1396243456176046081
1397139540658331651
1396768087328886786
1394780087032193031
1391088472484630533
1394587555228700672
1388934408745504771
1394778532094660608
1395260967173435395
1394921043819745280
1394757384455827457
1394588765327331331
1396510414901497859
1388493745960669185
1394941502204284928
1394714214665760772
1388804316736204800
1394876947935731718
1394524359318982656
1394776254918897665
1389166822591799299
1394538501635547137
1394611754513076234
1396888710587817986
1395409414098767873
1394410417439522833
1394758840348983297
1394585605896642560
1394647277524946948
1395500958688423939
1394931799449559041
1388967747355385866
1393526982252670980
1394777969927798785
1396156297297465349
1394978439287951361
1394730598049144837
1394692610946633729
1394742851179778060
1394922287342800897
1396798588093616133
1394559142363209729
1394382445584297987
1394632918165860357
1398550388203261953
1396460242687434755
1394753986914406400
1394615936750075904
1393333691934511105
1393265779081162753
1394744348898639872
1394738056473755648
1388884116482011136
1394808966119628804
1394657176497664000
1393485661680947201
1394784773856546831
1394919258073747457
1396736966432018432
1394956150936899586
1394718707788795907
1396824902548836352
1394760572022005764
1394746439322976258
1394555195087065090
1388426860355375107
1388788763258728454
1394916846349000712
1393414719176945668
1395007041962496001
1394858427202031616
1394893716796608515
1396858849743802368
1393873954679541760
1395294513313296387
1396470809623945220
1394968973645697025
1391415331361591299
1397527409004589057
1396789767270961154
1394742652961058818
1394992808134684679
1394761970470039554
1395692892711231493
1394766089972764674
1397174744760340490
1389210642377318403
1394735072771727361
1394587801090396166
1388788780962877440
1394733798139498498
1394733773225406468
1394632893633372160
1395312952425816064
1399491091456577547
1394923565795926018
1394950340445868032
1394750556225380361
1396921167504715777
1394593770881130496
1394867125559431171
1394619029843755009
1394445195882663938
1392617142026125320
1394909853823475716
1394928039436423168
1394787141796904960
1389301151695319042
1394786240352989184
1396191424358518790
1396907437450579969
1394612301580361728
1394782241943924736
1396098272100499459
1394911182969053184
1394602812647084033
1394538418466603008
1393658699298844675
1394783359549722625
1390667776357019648
1396360185392902147
1394605772584144900
1394752745962409991
1394791217024618499
1398431130160971778
1394699702143160321
1394914338612432897
1394557369695232004
1388972782466355202
1394585906577821698
1395012576589885443
1395315719890509826
1394572191409352709
1389245390780837893
1394924517085044736
1394737155164020744
1388906483547529220
1394748292119007234
1396847336194707459
1394719483776970755
1396769955601952768
1394785968188796928
1394779791312687106
1394768798369161220
1395240460793389056
1394952871725125638
1394569911297527810
1395054071627792387
1394756158011977732
1394644592188854272
1389182936700829699
1394736599792029699
1388622629754609671
1394762613381378050
1396883790132297734
1394864730540478468
1394723951624998920
1394619632678588416
1394583047945826307
1394956670694871046
1394760919964700682
1396918230854291457
1394988413548437509
1396367025254060034
1394563635628892164
1394621442654973956
1394618005670219776
1388487125168017410
1394717183721226248
1395000167712141315
1389186917531590660
1394582912490688512
1397529620686192640
1399393844328808457
1394727832643903493
1394696645175128073
1394752321742163969
1391200072734584836
1394918629595140099
1393423453760495616
1394796829401878529
1394547462359195650
1394687931248435206
1392030582394302466
1394579633211838469
1394769767215603712
1394727000833679367
1396614994226188291
1394902791076917250
1393279672033624066
1394987028853501954
1396478534206513164
1390076166107713536
1395355944964530176
1395926875969622017
1394564411436814337
1394614473030307841
1396906392703971329
1397175449785180160
1394595599660552194
1391750781427228679
1394969916546207745
1388790728785121282
1394916733698326531
1394783909754425351
1394713869981978633
1395278822342381568
1392667139593555969
1394998607242305536
1394776727193333761
1396919235155218436
1395041331299430403
1394593061976649733
1394573201347383301
1393470106064367616
1394727508352843779
1394556078721957890
1394986548999958532
1393056009803948032
1390769179930812417
1388957149037015046
1394667006285201408
1394934755129446400
1394752948413009922
1396916917869465600
1389077142579855361
1392592177029582848
1394751346721632261
1396470537396924419
1394920371686723584
1391081508836986883
1389985672262524928
1398178648478396416
1392718993547579394
1394785702718627843
1394741927497580551
1394767698895192069
1394555266398621696
1396101757193883649
1395031970732781570
1394428883009671175
1395032486191804418
1394766241974325259
1394417333997801474
1388442846265552899
1394733857195315204
1396787590578200582
1394739001614082051
1394784303163248642
1394562365073641473
1394791343004790788
1394597794720137224
1394921737968570375
1394777928118964228
1394666860495478789
1394686338058932224
1398428089877778432
1396905267468677131
1394982214903926790
1389168919353638912
1394598151135371266
1398430126682038273
1395792591862566914
1397964917651787781
1392678070990086145
1395724936912723981
1394717349853421571
1394798404312653824
1396483349984817155
1394703116499574786
1394528664050601985
1394726803248386053
1394777996897161216
1394721828518744067
1394739760527298561
1394935742418325505
1394576077356511233
1393100879876743168
1394736710861430788
1395690376040751105
1393962394364354562
1394768733751631872
1391409460665540613
1389176748349263872
1395263484208746496
1394715929804746755
1398332746456576002
1395103251289321472
1388491431317315585
1394783842830061572
1394786527004274693
1394601944279396353
1392560389565603846
1395070856364281858
1394727909449928711
1394576396828266497
1394997776593924097
1394944518781382662
1395003286307082241
1395187505343995904
1394591355482017795
1394604214232494082
1394575571754098688
1394580511058767872
1395280728997482496
1394753581832617984
1394635271413673987
1394583900693966852
1396962871221882882
1394715588056977411
1396806331886149632
1391077394333700096
1394596871042215943
1390859478883524609
1394407722779566083
1394735129466114048
1394720771877048320
1395289187524517889
1391347759626788871
1394982052236247041
1394886964445433857
1394735221354938376
1390856551162859521
1389214399269937157
1395499629626765320
1394608361581260805
1393260972584931330
1396930205634150404
1394623403445956609
1394587135936802817
1394923965492211712
1394588592689893385
1394737001102987269
1391677164249141248
1394517918222856198
1394705013021323264
1394519886626533380
1394776511664820225
1394735832179871744
1395262225292660736
1396662623207366656
1394599641396695041
1388974329430413313
1394770342263107586
1394748902671360001
1392566015893155841
1394555480354299907
1394596291540398082
1394614540298489859
1394572208459161600
1394746715354411015
1394574193476440066
1394788595098075137
1394624621866098688
1394543720511442949
1394542285782753280
1395439368505077765
1395865305436545025
1388583655438749696
1394937377102221317
1394872325061885952
1392343961382047745
1394576265517146112
1394746020135948289
1394687933572079616
1394731719840894979
1394612379997069313
1394800819833380864
1389175685110013958
1398400409740451840
1394578145664069632
1399249077519499272
1394921493667192837
1397439123246534657
1394974835185434632
1394944003855036419
1394789446415958018
1394665727072817155
1395490888147668992
1394775247350603780
1394701452069724160
1394566442108981248
1394775101619441670
1395314241197027330
1394757361672335369
1396459789736153092
1394704449164165132
1394585720132673540
1395289204096176129
1388432622263672832
1394759049909084162
1394937966351601665
1394767712522493962
1394350071475490818
1394748081162305540
1395398387101573125
1394717759595061249
1394577352957599744
1389173444919627781
1395051995136995332
1388801721711869954
1394782137145073665
1394600185586671619
1397180027805081601
1395411755745095683
1394757437647904774
1394744309614788609
1388851798451138563
1391667422973894658
1394728169962446852
1394579060911640578
1394602971435081729
1388935866702254086
1394572683279482881
1396758544662372353
1394748902902050825
1395754947933782023
1396382516672598018
1394729009796243461
1395006292201295876
1394609314749374466
1396408000772980740
1390343526114897926
1394683370442039300
1394772112104120325
1394912328320274434
1398188702870945797
1394773146994200583
1394753594948263945
1395017066529411073
1391413983027007490
1388789774203432960
1394540818074062854
1394605130390061056
1394709672461049856
1388798328738025473
1395030839843557383
1394745629381906436
1394906758641070084
1396828188320444428
1397121007505354753
1394813780010414080
1395819694142144517
1394623124495290372
1390248272573476867
1397582069165928448
1397602887644028929
1395040693924634625
1395294188946792452
1394735109794934792
1394611338312364033
1394416648799588356
1394420215111462913
1396945246571925516
1394934827183448066
1394923477119950851
1388958427226021889
1388795825510395906
1394626559802290179
1394573886176571399
1394805510336094210
1391722978904322056
1393656552352108547
1393265214494330885
1394586902129528834
1398039245181394945
1394569195820568579
1391802389217296386
1394623043599839234
1396414959542804487
1394961181626994688
1395051254250934272
1394965747751870471
1394761554755731469
1395027796943060996
1394784582164258817
1394749720359276544
1394776197905756166
1394618327062958083
1396381165771177988
1398398570580086790
1394955296842321926
1394723951151046663
1394876479264153600
1388425674449465345
1388425551094947843
1394579527150587904
1394585292988981248
1391727908163571715
1394850478798823425
1394960194916978693
1396455689879539714
1394716665368227843
1394182994651455490
1394792443636236296
1394854024667668484
1394778098734927874
1397224053329498112
1394825980536107016
1396459650036518912
1395725712699674626
1395086623180791810
1392883382137262081
1389149509670817793
1394773195400654850
1394733221431152642
1394773623957725185
1388444355623522304
1393301754305990663
1394575176646397952
1395697881005260802
1394721143446200326
1394566598569103360
1394771665624707075
1394611775392321540
1391475243718529027
1394574139864797187
1394952001415520256
1394580059248381952
1395293761769558018
1394848881368784905
1394923907640172544
1395008080946024454
1391117740237275136
1394905417923272705
1394676256675926022
1394753293222653955
1395058334013792258
1394929175773986816
1394756899338428418
1394946102714060802
1394744409237954568
1394606727597756419
1388831111833391113
1394952987919925250
1394790475165470727
1394700346795167747
1394775729829728260
1394604573147475973
1395720224725405696
1394596099353194497
1396379583998566400
1394721438490365960
1394735836806189056
1398321703420416004
1394599865347452934
1391265513674788864
1394849442138935296
1394586116054003714
1395227963281580038
1394762302931542023
1394736854239432704
1393548289866338304
1394611338463399938
1393267018481156101
1394726185481945090
1394802305443237889
1390471762614292480
1394735968612200450
1394586070227034121
1395035453376565252
1394758310558150657
1396125098613030915
1388435734806372356
1394742260877692930
1394758388442148871
1395098484785750020
1394420214255824898
1394890024559259651
1398307946065453067
1394717436960727041
1388849245592162308
1388855774261223426
1391474940654891008
1394929553747976192
1388793758335045634
1394736960493834248
1388797981529415680
1394573984746942464
1396157554204594178
1396687560332742657
1394940035103961088
1395724775285211145
1396104832260448256
1394752896965677058
1395012090033737730
1393981583116447746
1394985055001452544
1395699265008177155
1394728333821284352
1395766189922689028
1394782492129890307
1394794406767702018
1394627173873557505
1394733931988193281
1394770091422756868
1396155109348941827
1394650727742681089
1388627323881238528
1389154909233328131
1395058860688388097
1391680798521188354
1395490867692122118
1396789013072302080
1394758916102295554
1394748930571874304
1391134297562755072
1394409950055702529
1394581022449225728
1395792604726546438
1394742212240478215
1394844484396011522
1394918140790939650
1395439835108806658
1396480998934728705
1394610376554258435
1394537635713060864
1396452841296961539
1394805069820960769
1394778596640690176
1394611128253272065
1394573015397056519
1394569435755728897
1388853326192709633
1394420512126902275
1394989679007707143
1392075513867509760
1395702228590211072
1396951391529209869
1394555743077076992
1392560161361911811
1394952140217540609
1394710978458226689
1394573412895449088
1394760216835723267
1395063447260368907
1394779492237856768
1388793485113839625
1395031547573641218
1394807980307230721
1388937146355048454
1394974001777319939
1394723287410827264
1394936377821773824
1394676140376272905
1394689356670148610
1388760401320501248
1395026484109185029
1394888614174240769
1394605759900553217
1395326292950720512
1394636332920606721
1394760283164397572
1394922099173625856
1395724894059565062
1394470114091753473
1394793826972278784
1390677566156152833
1394561380548808705
1394993677357965315
1395009533236367365
1390241505860796416
1394940509118996480
1394758485875822593
1394751643602849792
1394598710974242819
1396062139773751298
1392611357271408643
1394580429496274944
1393421683898388482
1394816659127480322
1394708757406420995
1396424084112777218
1396771520215724037
1394959312317997056
1394789391701352448
1394537155532361729
1393978392773636097
1394238970561712128
1395626704211746816
1395426026990284802
1394580589706190849
1393450279232851969
1394799341810995202
1388957817831411713
1394989487814594562
1394928230323429378
1389492168201576454
1388442440609239042
1395017465994825728
1396882482809741314
1394936444012089345
1396382819644067841
1398250065060315140
1388803923805450242
1388814276685713408
1394792213717127169
1394602894238814209
1394729727072604170
1394616906410348545
1394605347067895810
1394784481815502854
1396459648031526914
1394712139206742017
1397089990119727111
1394716709727113218
1396496343464566789
1391108993272135684
1394899966561247235
1397159156457644033
1394704086449201153
1396703029982810112
1396474237083430916
1395873974794559490
1398330868419203073
1394942747325440001
1394723330372947968
1394671309964124161
1394743761255772162
1388386993827106816
1395264251791560705
1398969751196647432
1394777821000740864
1394350128291536908
1396145184677695491
1392600706373324805
1394613677005934593
1394719558372560903
1395746815329382402
1397131022597337089
1396474328636608513
1396092519679766533
1394581819941588996
1394896038801117185
1394952899554385920
1394724826741420032
1394910211421396992
1394996854748745736
1394583045492068352
1394949640789893121
1394772174372757508
1394688160727244807
1397017045515083778
1394598476416172039
1394811753364656137
1394892161460707330
1394408569920004104
1394350171325181953
1394585629611204614
1395987453174034432
1395293824570826755
1394644657632653316
1394395190627024903
1393712141581041667
1394392877011292162
1394612510918123527
1394988972716273664
1394958678328061955
1398467028701388802
1394803567572172801
1395339784197971972
1395013693793050632
1394969026938408960
1394743091777650690
1397117500572250113
1397091815459889154
1394603309122654210
1395024198993682437
1394818256528199688
1394596294249877504
1396393993877999616
1394718002814324739
1394738462650142722
1394574212451426305
1394946097697759232
1398401304486158343
1388418558359752705
1395023996148756480
1394824415830020099
1396076472973078531
1394938430883303424
1394727947899129857
1394616974278266884
1392883246350880772
1394609580022321157
1392445148542509056
1394557041268637696
1395002982207471617
1395130800237072386
1394584533803089922
1394537736330256386
1394812871251570691
1394684358129295363
1396031972670070784
1388959830593921027
1394595371138043907
1394900462382600194
1389611856705245192
1394589543936970754
1394616779255828486
1394750558267924482
1396908045368758284
1394984164290662405
1394554397066240006
1388419611704573952
1394648986338877440
1394630889829773313
1394640518194290690
1395107293914619915
1394752079864946690
1394552817956831235
1395061736290623498
1395494629169156116
1394771078933843970
1394758527202254848
1394917680344350723
1394785439723233281
1394816583315476481
1394726998396870656
1396095190386069506
1394636206290448390
1394685738667675654
1394470528791072776
1396530866969583622
1394891912059015168
1388884262498316294
1388423662605307905
1394744233135849474
1394755983554056193
1394993716767739907
1394998270708133890
1393670388463423495
1394774315015495680
1395798434926444547
1394774800799780865
1394623009646915584
1394741805338476550
1389197544044089349
1391351741657063424
1398733697478766592
1394750510054379523
1394746752612380673
1394716909367607296
1394783649682411525
1394599858254794753
1394919822853648386
1394950138414649345
1389143795770576904
1394916163130466312
1394679716309839872
1395795562352492546
1394613816177090563
1394583955047960579
1394628810851688454
1394938093346729986
1395005484642586630
1394952607282737152
1395699607661957121
1394766592903458819
1389173177381650443
1395734233713451014
1394860269344546821
1397200775022006272
1394715052737957890
1394693497446453249
1394881976507764740
1394979248918736899
1391246188062588932
1397090541532241920
1394772251912847361
1389263959950245888
1394871982727045128
1392678502432866306
1390878611947798535
1394631919715880970
1394942352825987074
1395148663773618185
1394569366600028160
1394815673625456645
1394958101619658756
1394629266789257218
1394787170615975950
1395824974519209984
1397061069072384010
1394703923643043843
1391675344269324288
1394573436815556608
1394595083563962368
1399240703310499843
1394754261297283073
1393825484836847616
1398398412815491079
1395299503117414402
1394820443857723393
1395688826996240388
1393993966262042628
1394736974444040192
1394769374339272711
1395294536524517378
1390840458562215939
1394637147043418112
1394600340121694210
1394717050233368578
1389618208026550272
1394572841362894848
1388836351030796289
1394583764987260930
1395755520531763200
1396342385123135493
1394971275186118656
1397061913410949122
1395025708427190276
1394730477307764740
1394413965913038850
1388840029347266560
1394614994524852229
1388428907293073409
1397193645946777603
1394780446685335558
1397525048001445889
1394729401984630785
1394568388085694466
1394933455339900934
1391333006841892867
1395284423210307589
1395635619104182274
1395111002392436742
1391078149941825538
1395820238009143297
1396379644383961088
1397902510375976968
1396756451314569218
1394752142930550784
1394556457056669696
1396814878988513280
1394644607330312195
1388763580825223169
1391092101811687424
1388758417909682176
1388922518791143424
1395690276144963586
1390575270340464640
1394167755994275840
1394916134294597643
1394784924411039747
1394685861300744200
1394447877536161793
1394919020869083139
1394599650179624960
1394584899949154304
1394941531166068738
1396817766867513346
1394899502788751361
1394557973075304449
1392620159123312640
1394719814246178816
1395324806078291968
1394621934994927617
1394984970901463042
1392074295619342339
1394931790440280066
1394577199768944640
1396045156139339782
1396449818197778439
1394887507247083528
1394883294345539587
1394794955005177861
1395059625104453634
1389467360202039298
1394878069933019140
1394926567923621891
1394887288421814273
1396918227167494145
1389845823756849152
1394441916029325316
1395298564126003200
1395408994722795530
1395018362648989702
1394634760597786625
1394930781257142272
1395707422149386242
1389318655251464195
1394711128840753163
1395108492520869894
1399395771045273606
1394760793133096974
1394771121153712132
1396413174237343744
1388403482273660928
1394729456560902149
1394575549230682113
1394348464834850823
1394686288192757772
1394756961145655296
1394615844542500867
1397081017865969666
1394786592347369474
1395320839164268548
1394951024926937088
1388515177948225538
1394737296612728838
1394849506907262976
1394715152315031559
1394751479534297098
1394653290315591680
1394985267552006146
1397551884114747401
1395007115664703494
1394600977613967368
1394946889150345217
1394898850981220352
1391501281630564354
1395041874101035010
1394650998392737795
1394614285553348615
1394711410802896902
1394796911199150088
1397504548781109248
1394421551529930753
1394998588787372032
1398294182591139840
1394975378352001027
1394578208981463040
1394826533588639744
1394757583672651786
1397065880262127619
1395707730128740355
1394420307209895939
1388418838916648962
1394633824462589956
1395353333028773893
1394705330240737288
1394802656393187329
1394567672055140354
1394751240182042625
1394796822250536962
1394727388051820546
1391103646176325632
1394353544552239109
1394572955716358144
1394750673867051009
1394574665448894465
1395087957036609541
1389919288228782080
1388858562219237379
1394637427709562880
1394737391517192192
1395082968146849793
1394717339204079633
1393987108126269444
1394781883888816138
1394749134964416522
1394751050230517763
1394531898865631233
1395306343544852482
1396380325715058688
1394633118292889605
1395930415735705601
1394759648415207424
1394729780675760130
1394616798767628292
1391489724200718338
1394434815110352899
1396856718877990916
1394861057831837697
1388807335565570050
1394650605398994944
1391424383139385346
1394724591923302406
1394904865567133696
1394735722708484096
1394605912011194368
1392762359857491976
1388852286265384961
1390988597147340800
1388961890450214914
1394763886734233600
1396936432569176072
1394742503845371914
1394748237626716168
1394743233368965123
1397906476123967489
1395009055836475392
1388790409267236870
1394682771860299777
1394686232077246464
1388845132875718658
1394638468874129414
1394963754266279937
1394825490968596480
1394368095691681802
1395408665386131460
1388791227949240321
1394704391479902211
1394598666904739841
1397154444916178945
1394955924322852864
1395295287154024450
1396580611700273158
1394778816111947777
1394736874728693765
1394591952918786051
1397590781813219334
1394591897944051712
1394907945910083585
1394887625870295040
1396850683496833025
1388511879920857093
1394559240765952010
1393697568094396418
1394764547895042048
1394726799049908232
1394884465487384576
1394827078319624195
1394946810934927363
1394771528005394432
1388419058584981504
1395766494173220864
1394428916761305088
1398946294798946307
1394739164516687876
1394954844243382285
1394616797094158343
1395717822794321920
1396478937623040003
1397076899298435073
1394598913835941888
1391082576807346179
1388936107400826884
1394984884620365826
1394794021642457088
1394560708147400708
1389152671370711041
1394737174260719616
1394933794575208450
1394626497466585097
1394971756117598221
1394819905485160451
1394978915974852608
1394923388142039042
1395064672047575044
1394727058916495362
1394954983112683521
1394772908799631363
1395905705933254659
1394773615913095170
1397177609881018371
1396878428155035648
1395834661172137984
1395056436053520391
1397247901840052237
1395005330950602759
1394753428765745153
1394715776553295872
1394591816184438790
1388798773418151936
1391328751712100353
1392615608768999426
1395868906305331201
1395700694305419264
1394895298665791494
1397117347224334337
1396868605292294145
1388788241650929666
1393515537515352065
1393260000328495105
1397097107086057475
1394649279734718465
1394939176764723201
1394671641775550465
1392607397827551241
1394641747364433924
1394726343695376392
1394906133370916864
1395019192395522049
1395819185826148355
1396471298885398532
1391088448086450178
1394572926498840585
1395063344927756294
1396235595593158659
1394727571275780096
1392562695455522816
1391487953684283396
1398455249539588096
1394742568555003908
1394769234257973250
1394760880571682817
1392617275488972807
1395701007657623560
1394898185768820736
1394697189943808005
1388535820911579138
1394785608845910017
1394789025848995845
1394960107293794308
1394956910550466561
1392602988414386177
1395208556299837441
1396386275427557377
1394720018085158915
1394941827116150786
1394725418964504579
1388937525306212352
1394610102997487619
1394751931214618625
1394658277275971597
1390558328057597959
1395778925154951168
1394980194176409602
1394914312129556480
1394641167170555910
1394366428422283268
1394729635389267969
1394615862527725572
1391682800315740162
1394755845175619588
1395061326871994374
1395004554639552520
1394881119091310597
1388852275616096261
1396387075709100033
1394596416723509253
1395023569856368644
1394939301704634370
1394619520564744192
1395700560838500354
1394813008736661510
1388966464590426116
1394408998565302275
1399493877397078017
1389161512871383047
1394610550655660032
1392590304625061889
1388851972237926403
1394775902135980042
1398618899348967429
1388892287820877825
1394740729176629248
1394877512430276608
1394625897655898114
1395449284917665792
1394602981832761346
1394737837422043138
1388831268876570624
1394581019022565376
1391455946182963208
1390958622285385734
1394938939287420929
1394927680324263937
1394750645790461962
1394796246594998272
1394589029581082624
1395002386201169921
1394996223556431872
1394924144068866048
1395443744070111234
1394644353298075654
1394783708528484353
1394588682938638336
1395976983432077313
1394619034751180802
1394687794442874880
1394635312131891203
1389848125230272513
1397220059395788810
1398776911543820290
1396895405502238721
1395408503251013635
1394781103299383298
1394789474907967491
1388839291455946753
1394684233415806976
1388893368877559809
1395808367864684553
1394921796902834180
1394739461842509837
1394975598183866371
1394956842187558914
1394715697306087427
1397524718845038597
1394695580966924291
1394609633403318272
1394584009611649026
1394934373921796096
1395024410676015104
1394849312891416578
1394645944516370432
1394838280391299076
1394616646472507396
1395008512632164353
1395669404420018179
1394778759849447431
1395819376260100098
1394606528703893505
1395058983300259840
1394573279168540674
1392614720574836738
1394758922108555266
1394803024648982528
1394754678618042376
1397863092663590914
1392561971741040648
1394712452764508160
1394686886724218880
1395292972552441856
1395016478538207234
1394617134484008961
1394601449603190785
1394616890455101441
1394795804179709959
1395054962598625280
1394727790482804738
1394667491121672192
1395151874953814017
1394596793275518978
1395738183430774789
1396381275276054531
1394563142106091522
1396789922934280195
1391491846057115651
1394772759641829376
1394816196445356032
1395822420649459717
1394683215898624005
1391095119663800324
1396110432369315840
1394410275860795394
1394577312130215937
1397167723914932225
1394914884073271299
1396063039049326597
1394963334236147715
1395048946356080651
1391317783359721472
1394557223980969986
1392524235902439425
1397596771442900992
1394803037978386438
1388832684684812290
1394775632983347201
1395249243527450625
1396793639926390787
1394720666025332738
1394738287718318084
1394995732378275842
1394749326530949124
1391038884511981574
1394738425496997893
1394915217042194432
1395286109408702467
1394579851357609984
1397372048704421888
1393281346550833153
1397607798926622725
1398341865401954307
1394640267760869380
1394575115661217794
1391471417720512522
1396833563170021379
1396707931995922435
1388930388018483202
1394761360857260039
1388818489679519744
1394656508269432842
1394542897190608896
1394717012732129284
1394778837905461249
1393262988400939011
1394600658708348929
1394996433296691206
1394966145946488834
1394694827896365063
1396909813028859912
1395011603477803010
1395716964513943553
1394790034935517187
1394985813973295112
1395652602713497600
1394786903946416142
1394759232738709508
1395720604838473729
1394688169883340801
1395413091995762695
1394925749589745665
1396380170865582080
1395000982665371652
1391483422686728193
1388903204046389252
1396725668214452226
1394648976100626435
1395727924276436997
1394579813546053641
1394726374410174464
1394754059547156485
1394610195045703682
1396380965484834816
1394770551038693383
1395359721750732800
1392564028224925697
1397863291389685761
1394735618706612236
1388964196218454019
1394981154470703107
1394578680337293322
1395129961325993984
1395297484688199682
1394586426621239298
1394714908109987842
1394735612335378436
1394736085037723653
1395696632491094019
1394907751755694081
1394715168077238272
1394929386919432194
1394779790931075077
1388789080490713088
1392933805220978688
1396775873966231556
1394776341166309384
1394597944528154625
1389213531602554882
1394917481748340736
1396885858679238661
1394568401058680834
1394601318971490309
1397492922392719366
1394684635993546756
1395021068679647236
1391760517019099139
1394747362887745537
1391458195990884354
1395415034721935374
1394693215773675526
1394556671033229314
1396769317455339522
1395823457976324100
1394580929742508032
1394914934312554498
1395041529400545282
1394575142173515777
1391091218944307200
1391314917492416520
1394661925116600324
1395828798831091715
1394601129565114369
1394537033352286210
1394634875571998727
1394558148372013056
1394772501008375810
1394609491577081856
1394782727304581122
1395317374421803011
1394607191961870337
1396403941638905864
1397880421963214851
1394573359866863620
1392560085646430215
1394957732093046784
1394938707019538434
1394610505738764292
1394683039632998404
1394636477846458374
1394722070400061440
1388789763088453632
1394716613451173889
1394613384428101635
1394784553881980937
1394785824299003906
1395259584785301507
1394639200515919874
1398674247149629447
1395689102155075588
1394795372615241733
1397086544398270464
1394910793918001152
1394795930726060033
1394890178435686407
1395767816645750811
1394901513131208710
1388561080356638722
1396839983189839873
1394636406014816259
1395766148038283270
1396939108677718021
1394737479916326916
1394744244842242048
1394349350306856966
1389318725271175171
1394734843880161281
1394583502574788608
1394712339358834696
1394739811244720134
1394648795309350912
1394984175632097280
1394778420337315843
1394590289235480577
1394589628313841666
1394757558817202181
1394712728393207809
1394686403028660234
1394914686160809989
1394968076974702592
1394011522767142914
1393263635947048962
1394568999812411393
1394761196931256320
1394902944307372033
1394787411943739398
1394819295981473793
1394597927184748545
1394603403351822338
1394683281677946880
1389156738780344320
1394677444146352132
1395803119511035907
1394760681145180160
1395058189012508673
1394907833439817729
1394821257447854083
1394703226742743043
1394633261016666112
1394894575404261377
1389155796269871107
1394717342282698756
1394350263373283334
1394823100525592577
1394775196897320961
1388891816297181187
1388792662094983169
1394827917553815553
1394544662963163142
1395871009631256579
1394823409012383744
1397893625862893572
1394782413960716296
1394951537806434304
1394907675331371008
1395285505797984256
1396795853646540800
1394723166065418240
1394920926001696770
1392010902795395072
1394765827665182726
1394616157706018817
1394889083693019136
1395249221792632835
1394903465692999682
1396070545570123781
1397346467522785282
1391502605969408010
1395481504545923078
1395423611578630150
1399419856466874369
1394802761292779521
1394763093763403785
1394622768193417221
1394714659505180675
1394888437430472705
1394739663471063046
1395689766222503939
1394641546524364803
1397798181103079424
1395039237947396101
1388966390095355904
1388961106111176723
1394744409086992391
1393677793750302722
1395391692082192390
1394918982768017410
1394301377401208832
1388426254827806721
1394904649321353217
1394711871400390658
1388890864626323457
1394424570992545799
1394773911473115136
1388446871035727875
1394584036996222977
1395915319017881606
1394614815205859332
1396407049597095939
1394765271953444866
1388909110654128131
1398580815597035523
1394716400959242240
1395020434417098754
1397686159065731072
1394689456288960514
1396016089738485762
1397706960686964736
1394937655096393735
1394738730368385025
1394866262212239364
1394130238288891908
1394757845162381313
1394791512932818952
1392720103695806464
1390419254474911747
1392580362493116416
1398423281431191565
1388421946409463809
1393262322353856520
1396356992369889281
1395020746020335620
1394585654022098944
1394931244912287746
1394688149503287298
1388428003529613313
1394630571792478208
1396388967507955713
1396900682108739588
1394714803965362178
1394910456712732673
1395709608421904392
1394596127211655170
1395043057721135107
1391328631406874628
1398344334047694848
1394759159351021574
1395010723974164484
1394962406820962304
1394682747008995335
1394703117128712199
1394774079870226436
1388437981204291587
1394767837693153281
1393438493150310401
1396407240941314050
1394682849811443714
1396776811430883342
1389245086781919252
1397090957053644802
1395824369667121156
1397955697376174083
1394595451731681281
1394733106603696129
1396454683389173766
1394552655276564484
1395026320367792135
1395115818879496197
1394887785119617027
1395618587314900995
1394891556411281409
1394793759288745988
1394759041080078343
1394711632593489925
1391407625477185541
1394646427498909697
1389459350511575042
1394745063570354176
1396100382804385800
1395141838890274819
1394578314845634569
1396712183040520197
1394588626193944580
1392562046542258177
1394592934436253698
1388798637283627008
1396381318938873857
1394712386846793732
1394922693296803841
1389149861178748932
1394161496125546501
1394987556786384896
1394723973041119232
1394657354944335872
1395258780586332162
1394716314766348288
1394649019075399684
1394594105838260225
1390359203043229699
1394813290946220038
1391197719449018371
1394965358960861195
1398188489984954368
1394733416344657926
1388419353138376705
1395014174921695235
1394680025216126986
1394576331053076481
1392604268721491968
1395021003927998470
1394945844500221952
1394630326098432000
1396459843372916743
1394998627232272388
1391405085977161730
1394761781504057346
1388427984437133316
1388759381748105216
1394774290021691396
1394663191397998592
1394617013784489989
1395124651395883012
1396479321041260544
1394684200750653449
1392616668480876547
1393262064123228164
1394795129450467330
1394775792899481601
1394753141032226820
1396464450195136514
1396380437543522304
1394759888669134848
1394801487243534339
1394931173328105474
1394988426068381704
1396391267110686720
1399264103659618304
1395419824789065730
1394781573669703682
1394573254514417664
1394422969699553281
1397936578304020480
1389836628714299392
1394644248335732740
1394971020633718788
1394609421603512320
1396945051717091330
1394614616047734784
1393267085044854786
1394969072085999617
1394625726394126336
1389214867257704457
1388478460549545984
1394683549089939464
1394539048014860290
1389499538029809665
1395021356945879040
1394907386415095811
1394711658581446665
1394752353522290688
1391052665476501508
1389499580425908225
1394919156902936586
1388840010762366976
1394574829773279238
1394786130575384581
1394587043016155142
1395267731713318912
1390360410038079491
1394644595489792007
1398599168281698304
1394716398677598213
1395004202255007748
1396380480832954370
1394734960691535874
1394663942555934727
1394572431218593796
1394420877148688384
1392590154427162625
1397273653973331975
1396010519836958722
1395034471951478791
1395311395110072323
1394622540350373892
1394787717398077442
1394691542577786884
1394888453653938177
1391148275789668355
1394677932170387456
1394614479036506112
1396819212832759809
1394591120395587586
1395077575886655493
1396949783470804997
1394880235368325125
1394589237111136257
1394778038773112836
1394530608957820929
1396468065232166913
1396460583571140609
1395008133135802374
1394651532453351427
1394915769633460224
1396884366828130307
1394739095759425550
1396449590136786948
1396450994104459265
1393579696479145988
1394744572631212033
1394773506525646848
1396905523132444672
1394733704526839815
1397186644386664454
1395310479485067266
1394610409383075840
1390389068958248961
1394430013420756996
1394743925257146381
1394684316706385922
1394575222834188292
1396380630565494784
1394885962925289473
1394677533094944774
1394420043488825349
1398210184179294212
1395078264113278983
1396453238707216387
1397227744434561033
1394851486694354945
1394958141146664964
1394961343237836805
1394578478251614209
1397127324236226560
