1286091444952981505
1286029089380470786
1285875882788298752
1284339998842597377
1285952903480369152
1285907549318000640
1282782011942473730
1286006590806556674
1285908218925940737
1286197679031308290
1286065062256562179
1278662024281587712
1285917865825230850
1280930512312446976
1286276859718705152
1280527419481473025
1285905089434198018
1285914108559339520
1280911101056745472
1287839202709733377
1285998941839011842
1285727189640654848
1284754011837669376
1285566077003542528
1286207214286450688
1286053384630472710
1285909582796263425
1280922045006655488
1279331713697697792
1286028719254056967
1289109026643599360
1286361987098775552
1288412294473494530
1283962742580314113
1289095628405051393
1281587228209283072
1284311678973177856
1280764309858062336
1285971262444048384
1280888582849298433
1279510024113577984
1286689587339890689
1282169451228561408
1286071725239816194
1286053715544289282
1285936912231010311
1286009067618668551
1288140880289955840
1287878289801936896
1283171561009221636
1288506989937659904
1286030696490950656
1278215398173945863
1288807536917970944
1286048482374148097
1285161777056161793
1285907622235901955
1286286031973748736
1283146585455710208
1284752850426396675
1285920627413659648
1285916824996118528
1278763767397048326
1285970461378183170
1280946235919171584
1278669473357185025
1284890262913908736
1287826956386553856
1286291517951401985
1285906675749330945
1286239511547084800
1285961212971417602
1278737280824414208
1279430094138859520
1278331018035040256
1283202579036549120
1286219361112530947
1285936717149724672
1285905302743900161
1280891354130919425
1289316756683554817
1286229557050302464
1283795096815775749
1280989851198935043
1285912772988067840
1286287414462382082
1285912809033826307
1282984919225044993
1286891362638413824
1279819005503700997
1286279022100590592
1284841526917464067
1280767730526965760
1285915804345786368
1286561433359179776
1286162657880539136
1280169528190660615
1283342523503718401
1286010473507364865
1284915333271375874
1279740253616713728
1280632560452845568
1279833954443505665
1286018308907642883
1279836480614084609
1279827599712190470
1286222322656055304
1285893653102317569
1286231794195595264
1286562320194428933
1284352849833529345
1280857113741479937
1289133039000461313
1284989289961607169
1284964251011080205
1280876488573759492
1283864954542731264
1280612463654965250
1287877752113127424
1278213954540646401
1279428637838671873
1287749552200613893
1286036891314397186
1288762965299273728
1279486400812003330
1279787934183501828
1286001789523943424
1285911346073284608
1288112610747928583
1286313736622530561
1279388866642874368
1286431768233545730
1286617740619452417
1286020326334304257
1279500587046965248
1279400455366479872
1287392295604621314
1281705916635787264
1280787681778245632
1284979482386993154
1283651300358594562
1286179592328359936
1284418532046966784
1283487166056800258
1283415343227187200
1286291092208594945
1281173975016538112
1288379868669972481
1279358802685579267
1286011279627497473
1287298821647728641
1286385907797569537
1285129002894733312
1285906116333973511
1284057709529182209
1287492573276393480
1287074141431042048
1286700252913901568
1286161573992636417
1286066920618446854
1285968436812754949
1280913599268098048
1278735186583150593
1286234766371631110
1279839629357834242
1283842942399021060
1288404502765277184
1283231432903712768
1285959088610869255
1279382591003676673
1286637230820339715
1286050911320772609
1286256494523056130
1286195632240242688
1285924788788224005
1285951376065953792
1279450088667054080
1286027119743705089
1285905013173366790
1279526601257029635
1287715239979614219
1279473192613163008
1286707976309538821
1286182339274473473
1280608744515284993
1289344261456986112
1278794469157081088
1289289716647383042
1278574754967019522
1286418104612921344
1285959638580690945
1280795135295578118
1283514938921803778
1286174155340222464
1287063518483709954
1283339941997621250
1285887032322129921
1280459838628257792
1279541252132921345
1287861209149124610
1286058875364478977
1278362972692393984
1288114982312243203
1287070913150713859
1288050078263975936
1286063407603556353
1285147935987183616
1289172888621182979
1279399080716840960
1283508457098878977
1286008415903514625
1283472088045621249
1288229715103318018
1278766447397871617
1286012718663729158
1288201278817013762
1284064358021160961
1288074724300460034
1285999405166927873
1283378039880142848
1289187551564070913
1279473907863560199
1278511152591446017
1278359055229124616
1287729213164916738
1283051845632569346
1280894695871180800
1286189123804499969
1280518796168572933
1278978457641369600
1285987085082664966
1286176595099758592
1278220016140333058
1285299371475718144
1285934545045467136
1283440834512334850
1285947683807596546
1281098863127015424
1281959491068665859
1289190596356141057
1285926676959027200
1288909092761874432
1278376607103758336
1280236199928610819
1280889908815691778
1288191136679550976
1285915002529079298
1286055044702441475
1285922306402004992
1283408649180917764
1286203504240009217
1288940797031784466
1285962785541824518
1280186248095764485
1278981155518386177
1289343299573047296
1285906511642927104
1287900820357484546
1285906026835972096
1279377996089102342
1285727760556728323
1280958306345865216
1280883266942373889
1280260825698222080
1279890150127001601
1288595687022694400
1285312950450950150
1286298151499051016
1286035026753314816
1280518861826273281
1280895804891205637
1280902422249058308
1288593511789539329
1286303841101713408
1287285991682826242
1285934023555121163
1279392059145805824
1286057705497604096
1280886635362648064
1288768922880225281
1289005666363990020
1285922029233987585
1288956734380400647
1288182793135099906
1286014262431952897
1286000576749342720
1287726207065350146
1285919792633913344
1283507904310661121
1281590070655488000
1286143751069601798
1280996979028324352
1280887470385700865
1279376318870798337
1286219258800807937
1285961315694125057
1287005374147629056
1286076143171522562
1285906918536613893
1282184064980545538
1279470589900701696
1286105860549345281
1284211212964827137
1278263662671810561
1286581534074560512
1287407744060973057
1284388435411767296
1281966581589987328
1286022048326836225
1281004409149890566
1285906590181273601
1289155046098100225
1278288751588978688
1285977680639401985
1283470719960133632
1289106624154611713
1286281632920592385
1286024676636889089
1283497236169621504
1287790081579900940
1285935444174213121
1286023706972753921
1285168709477203968
1285952449673650176
1289096712255086594
1280909735953223680
1285851894783651840
1281860824089403393
1286060255156330496
1278278678179385345
1280962017491218432
1288586521717678080
1289030092358811652
1281310922754179073
1285212716714557440
1288730067116396544
1280351346198274049
1283337756706512897
1288464743104159746
1288845356688715777
1285996345929719810
1288945572645343235
1280885113857822720
1283466953026236416
1286012270607323138
1286063520119808000
1288865529399250944
1281407540882894849
1288834205468811264
1278650800512868358
1281074960988016652
1279053417101565952
1286295948096831490
1286049758335860738
1285935824866021379
1283274160475648007
1286076619984187392
1285924032722997250
1280896688719228928
1288772060853010433
1283346583753494528
1280697062049427457
1285810998453186564
1286024321593376768
1285925867261132803
1287059201047527428
1285992301949587458
1279503989860679680
1286175554929131520
1279375012324130816
1284818825851080704
1288244377161207809
1285895876293136384
1285918303664431104
1287397799949213696
1286216618092175361
1285544780504731654
1286048254686375937
1286026466455687168
1282938613265768448
1281019479951114241
1282971323468218368
1283536468955353091
1286029657662464013
1283292733520650240
1278590218703187973
1285936602020220929
1280626255474438144
1285906390981267461
1283130737852645378
1289145011569819649
1284212243132030977
1283170578887843841
1289184976290881537
1279535837806505988
1285905231742730240
1286194932471009283
1286028851135631361
1284153540022329345
1286024152944644097
1286214579220099074
1287955338315157504
1287350054810980353
1281862289361195009
1286029796359786496
1285932919257784321
1279323697384427525
1281098544900976647
1286308284916473859
1288958680621350913
1286055998369693697
1285984039002869765
1286028701759688707
1285943692713496579
1283896660205154304
1280424849807159296
1280920948787593216
1285944997783785474
1280292756934533123
1283108936879616000
1281098173788946432
1279870160342585344
1288196412254097409
1287103192921190401
1282796180553060358
1285133672165847040
1285996265998823435
1286043921194393613
1283441453537144834
1286313592221048832
1280885147898916866
1287414705364111361
1286032692342128641
1279853867832881153
1287980646070194176
1285921786077618177
1287764663070085120
1286307182183677954
1286060722959589378
1286278111156473856
1286295424844865538
1286028557295202307
1278214759729463296
1285907365745889280
1286914589763010560
1282961113349586944
1282273181659729920
1286081061445869568
1282902697348399104
1283469884261793803
1289318155932717056
1288962264075206657
1288791128460926976
1284179674487230464
1285905636866371584
1287524913260179457
1289309063411507200
1286441985889443841
1286422361630220289
1286044759971311617
1282987934229069825
1281886126349983744
1280957139914285057
1280889700564295681
1282222731300405250
1280979069530714121
1284913046088036352
1287810121737830402
1286984646765445121
1286289231866990594
1279515833086115840
1282399573483360258
1285909290285518848
1286014806957404162
1285970468525219841
1282933003518345218
1283412216130174978
1286078969582886914
1283072504836304897
1281006052629151745
1284190830614286336
1278250815153745921
1283125076892823552
1287679895875792896
1285680078307889152
1280426555659993088
1286038544235077632
1286013478017392641
1288485118143795201
1283411904384454656
1286091131428765699
1285947673015652357
1280884962489745408
1283115197465604104
1279478684773212160
1286369154623315968
1286310049258905602
1286062317151703044
1279698401416880129
1284432084468207616
1286422275122757633
1287079031104573440
1286223710295330816
1287730542289584129
1286104213873995778
1285110242901209088
1286288980871450626
1286058456978522112
1285998556109824000
1278389973398556673
1279379703695118336
1281549382760964096
1285592290401103873
1282961409719050242
1278406270039609344
1288505542755975177
1278627101592244225
1288954199418470401
1279398765963730945
1286053523243892737
1282669390996086784
1281313610531209216
1283009099857264640
1286783896256946180
1280892608538173446
1279440851853246467
1285923410581819394
1289000953119735812
1280527778094485504
1286082013636812803
1286026532910239749
1286186818736660481
1288720008512708609
1286932285074411520
1286044504055779329
1288850343019913217
1286050041514414081
1285911289861210112
1280890003002994689
1286487412772876291
1281025374655336449
1280767496891576320
1285912390693945345
1280436454812942336
1279374680038793217
1285870980250963968
1278263745718808578
1285999545374183425
1282691246457335809
1284765307056398336
1285913818900594690
1282015511971233793
1284914994321203201
1285957013718040576
1278215303202250759
1286038123860942848
1283842036832051200
1282973307889999878
1285969832622485506
1279719519355895808
1286289884580323329
1286340227372584965
1286075480798629889
1284518396428787713
1283537614121967617
1287779529185009666
1279486334692921351
1284959016062517254
1279384005801107459
1286054336888545288
1286043235752857608
1280486482671742977
1287326513088602112
1285933447022870528
1286361655241310213
1286132231317213184
1286167171819876352
1278937898155421696
1278486369841618946
1286025152518672390
1288972499628298241
1280506015339995140
1280899062619832321
1286326986609221633
1285262648658059264
1286438259061555207
1285491484343574528
1283534428573257728
1286940735389016066
1287018954817507329
1287786486226653186
1286091805549899777
1285904946358083584
1279427428683780097
1288672262149697537
1283655209143738368
1286202362311442432
1279439766308732933
1287904554756059136
1288738131169226752
1288683587521449991
1282105816628301824
1285999183032459266
1279511607173877761
1285490099116036097
1286073925215162372
1284636971458072577
1286240080290611200
1288586577082540038
1280908521056452608
1279048092076126209
1285595843735822342
1284062944607838211
1279123536569937921
1286225052300652544
1280895994058756101
1286426691401908232
1287809901893488640
1286285810724151304
1280101815053430786
1280885360097198080
1285967750209441805
1288772153261936640
1288837118975004672
1285967887455399936
1285940787071660037
1285954578421252099
1288911792945745923
1278804275641176069
1285931023675600897
1279378735234535424
1285982838538612736
1280846802347069440
1285922758086594562
1288049950908129280
1285993347375603713
1284063277480386560
1281724581460488195
1289296784871702530
1282973885231542273
1280523715835543552
1280635979020349441
1288962833229713416
1285940151743651843
1280234681661825025
1281594883787153409
1282218990979424257
1280514357248614404
1283412549623570434
1286739853066080258
1281895974223454209
1280893298446663687
1280508674352525313
1287727169276383234
1286013740048101378
1288941442531033091
1285871079362301952
1287754773064822784
1280871090731003904
1280888553631776769
1288856755225661440
1288942148499451904
1279480805048401922
1278366387535298562
1283413277402431489
1283084776015044609
1285940181942644736
1280490462575562754
1279501736496029697
1278810685493960704
1283409098416021504
1278793791059693569
1282702879158140940
1286033908799279104
1285981511821426689
1278678684547907585
1286048785093799937
1286084900253306881
1287167162034028545
1288904071110438918
1286172765951864833
1286290682366304256
1286066628455731205
1285997658629386240
1279165903389761536
1286087797548486661
1285907025776517120
1285349014251036672
1286416267663028226
1284650507689234432
1286066307046297602
1283499720053334018
1285857337933279232
1287680614989090821
1278628774838493184
1284831375569367040
1286010795294445571
1280755037267001344
1288909186634379264
1285912429839384577
1279700737476497409
1282782580480368645
1286457311389720577
1286069457719353344
1280779595688673286
1280995875532111872
1288944624225189888
1283050041737916417
1286045683414433796
1286021870547083265
1283520533682966528
1280603583885516801
1285906527644155904
1285321142916591625
1285925936534355969
1288681479585898497
1283316027246481408
1285673438259154947
1278256013137895426
1286038554615873537
1285946697609285633
1286198538473529344
1281042036897067010
1278299521110413312
1286304632650764289
1285931913425891330
1280820558234517504
1278251883526840320
1285118991762100224
1283501218229346307
1282685835838738432
1285170103001190400
1286210497394683911
1285925149234147328
1278735999334518784
1286182542010396672
1279503670191718402
1279734669584601090
1278738886160777217
1286055860880515072
1283797634717757440
1286284544346292224
1287123812400746496
1287770952969977856
1280900458215813122
1287803417809899525
1280418831312314368
1287426119910793217
1282935050238144515
1286082882319060993
1285945874984710145
1280954325255303177
1280779036676034560
1282271453275193346
1287393805436559360
1287027340732706816
1279499005869907968
1288772348754178049
1279511534893481984
1285992820315127814
1287814095371145219
1279510137569456128
1285839319576580097
1280227224717836288
1287987040362127360
1288898653273366528
1283499943894884358
1280903794042310657
1283123906795253762
1286222143626399744
1286019040625008647
1285924394859147266
1286007322175840257
1286442649952628736
1282046172505550848
1280462900411449344
1285958754844979206
1289139110905618432
1285918062835834880
1288843442093789184
1285937487911833601
1286026420712542209
1282989105383645185
1284080799197925376
1285907689072140289
1285917628423438337
1286049053483110401
1280483632348626945
1280571548294770688
1285841694513143808
1282971153229918208
1285907868944932865
1286033609900675077
1279856973010305024
1279829763155275776
1288463247214030849
1286030796357328897
1288465949000183809
1284586523724337153
1279778530012860417
1286523407677489157
1288412459057979393
1286420941518635018
1288876450427396096
1286023680611553280
1286279266200682497
1278215065032851457
1279386006823862272
1285721304067440645
1280518701998125057
1282904375376084994
1280897396671754242
1287841458117124102
1280507713961824257
1281008028762988547
1286326964664573952
1278668397086232576
1287442716184518658
1286391637372018688
1286231417307963394
1284915923057627136
1280887226725851136
1284058658578497536
1280624622711513088
1280536232162983938
1278921260567838721
1286562196294709249
1286199208442245120
1285905546709786626
1287818576922054656
1286055102600679424
1289289833643298816
1279379256133537794
1286416056295272448
1288749995307532288
1286109409261887488
1285170533135462400
1279499343297425409
1288552340396691459
1279535831842197505
1289147785942638592
1285905646987223040
1289190257657884675
1288743671576371201
1288805916113018880
1287063404063133697
1286299552593711105
1286281542864691203
1285959980940701710
1285917319215157248
1286140657137049600
1288027689148874752
1286269882074529792
1285974690058600449
1288931163235586048
1286290638485491712
1285944631121842177
1281600420733911040
1282949788460343296
1279394099750154241
1286556198960082944
1284580610560995329
1285735011191328768
1286047292324282370
1284853834678968321
1285332315359580161
1285959128360325122
1284477784103018496
1280894558478499841
1285931924679208960
1283174862509477888
1280995049287962626
1286035574436986880
1286044020595200001
1286060709873192960
