1406000113215066118
1409654621266583554
1401987996757417991
1401516469477855233
1401543036757229575
1410118133550141445
1406276605123694593
1401514138086645766
1401521009623289856
1401651548199981060
1401565408725979137
1409750076013039620
1401569852771405826
1409488401875755008
1401647061183913990
1407979417159225346
1401502776870510592
1401568658686713857
1401685898119503872
1409490721007190016
1401611059551735818
1401568734351958033
1401560738553073679
1409389377537687552
1406940800156569601
1405467328998002688
1401121162621501441
1400146172338130948
1409441754420498433
1401658709177253888
1407336130954076164
1401671089361768448
1401534272331255809
1401686711361548289
1401559910744215553
1403796028927660037
1407050188284383232
1409468054510178310
1401662044445753344
1401641810846441484
1401640753290354689
1401496739807436804
1407003044093497348
1410302750462779393
1406932458319273987
1409233921523404804
1409639127553699841
1401933291377340418
1409628856995168257
1410296739714772995
1403363918672715776
1401515911224434691
1401787064035782657
1401491304266280962
1409412914562355200
1401576219066392577
1407070675534233602
1409493156165521411
1401580590433026049
1409427687081381888
1401521816666001408
1401501086989623297
1403973425966850048
1401639674087608320
1401493593198665736
1401576724454912001
1401677286227824646
1409561714463580163
1409389445355388938
1407241238609379329
1407450816278110209
1407055639101194244
1409415868551991297
1400145579947212803
1409716851727208456
1401617258783416325
1401459549060599809
1409591895223844874
1409490168403333120
1401545140079153152
1401822956943294465
1409447621782130688
1409503112210141188
1402586227090636800
1407645438761746433
1405148886432464901
1409745133172572164
1401533114803949571
1409495624605519873
1401503294779015168
1409624193566654466
1403116616884359170
1409523641071685633
1409415581284065281
1401564335646855179
1409447080897175554
1409275801669931014
1408772280428150789
1401555616766869506
1401532059424808961
1401554259607539717
1401445273000464386
1403791662191624192
1400135677149331457
1409440336011841536
1401658064026181639
1408110553579544578
1401791085693870080
1401622168597893123
1401491714553044993
1409491034451628035
1403834777447374864
1409597836514234375
1407647970158338049
1407646658377224192
1407195583551524864
1401448289011126273
1409418936559542272
1409496015045021697
1401580738236104704
1407044957030989829
1407055903522689027
1409877566840836099
1401520731503140868
1409538243041894404
1401511753381515264
1401567671741825029
1401509223209504775
1409453099098558465
1409410479353704449
1403343981652611074
1402730625925271558
1401566360401072132
1409428398808702981
1410029681441640451
1401578511610036231
1409783360298401794
1401578128854728710
1401562498109788161
1409422453907111936
1409436456209338370
1401215917242126340
1401491674237374465
1403640040459284480
1401569783582167042
1401538756398751746
1408335385739005952
1401637054958669824
1409510792890880004
1409435378466054146
1404926416483930115
1401586362537627656
1408335253903753217
1407062297730748420
1401499755935633409
1410362557441974275
1401589526527627265
1404773676050960388
1407666092793905152
1401625895819825152
1409842351749611529
1409460503726931972
1409462273488441348
1401630451886927881
1410339666084220936
1407048508344090637
1400088031462400002
1401514825977667589
1401152323297153026
1401633743824113666
1401541980849643523
1401521233045360642
1401505776083034113
1405894439952846848
1401496335963074562
1401633006784331777
1402587653975986179
1401213562169827332
1401530208973471744
1401564014543609858
1401560006001106950
1401700224779890692
1409413132271902723
1400909404564770822
1400217760597266432
1401652925324275721
1407749959814979586
1401590314801025031
1401219092447649794
1400139216479297542
1400140676793352195
1409627256239034368
1403260498452307970
1400185781197680652
1409390433894023169
1409535156424163340
1409623040141316096
1409451104925007872
1401700181305958404
1408455348613259266
1401569648756375556
1401177944609984515
1401531854734385161
1401632379551244293
1401590888225153026
1410346900042231815
1409539420802457605
1409458980032860162
1401570999083188242
1409469539499266049
1409476556951625735
1409429045402554369
1401444316225146884
1401653621062782976
1404005625894522880
1401556559906459659
1409425678861320192
1409682065348390917
1401531855229313025
1401798523566317573
1409410800062812167
1402658830329188353
1409496422207082496
1401541875618680837
1409527611294945284
1401507405561843714
1409539670384562178
1401605483564253185
1403242323727761413
1401631414228037641
1409773436180762627
1404031716524793857
1401778765819269122
1407483902881587202
1408720215865708549
1405416789195038722
1403840889995280387
1401493199747751940
1408816639940993026
1407055406959112194
1409481547590385670
1401574878432698370
1401494367290937344
1410338904121688067
1401446747545780227
1401809280873926657
1409420637714649090
1401577019691962368
1401554273482297348
1409487050974375950
1401191762400587776
1400185981194616838
1401594853683871745
1400153877224341512
1409454513082273794
1409437084373422082
1409431159973593095
1401507284023447555
1401613885342466050
1407647307768778752
1401652189626617858
1408754829061677060
1401503102142922757
1409413205584187398
1401492864748638211
1406940607948410886
1401467379893350400
1401439800394240001
1403813162365947905
1401178448706654213
1409640214570541058
1409618558976499716
1409582339672379392
1400158249790418947
1409784417141284868
1401568479833202688
1407542421945303043
1401551971866365958
1409611214699835394
1403267963952762880
1407558370379243524
1408328604413575173
1400154707486810117
1409518222504779776
1403973696792956929
1401545208366575623
1407730454938198024
1403274665909497858
1403362201793073159
1400909685604159488
1401441443344957443
1410366411600498694
1401636211056336897
1409524226994884617
1401654444908027907
1399845422470946829
1401552212162236416
1410282345375096842
1408358781675884546
1409496849837432832
1401716895800254464
1401518898822979584
1407551099591086085
1409833931072053251
1407227774285266947
1409533893733199877
1401809192281837570
1401571646453043206
1404907318010171408
1401560627726983175
1409587740505563137
1401590718200754178
1401763510963552260
1409424056009609220
1401727857869611013
1401550152377188356
1401836706760998913
1409481940466606084
1409215001349533704
1401604998761484293
1401490943572852738
1409506393166602242
1409425010729664515
1409400687654547457
1408797346956300293
1407064887973580802
1407058140135297030
1401513752353181696
1401880168902369280
1401504994172493824
1401576160593596422
1410260206387335178
1401975947772018688
1409416198689804288
1401444137359060995
1401500495454351362
1402973965946064899
1409487586385698829
1401526463799693318
1409578214226382850
1409484829838749697
1409502249366196237
1401574953862971392
1401492310442004482
1403089375903334400
1401604499018436613
1405992553565110288
1401931782195458048
1402584699793559554
1402623481632772099
1409566384993062913
1409449390960431105
1401546393412640768
1401633860878749707
1401792066762514434
1409395667169128451
1401510941032910850
1409587408107020308
1409540544896946180
1409447487929257987
1407075042714923009
1409427860188696581
1401820963566768130
1401570045839433732
1401559460208943111
1401479027186180096
1409608549366480902
1406281767695290371
1408365740428771328
1401554912543186955
1401529983479304195
1408488786326085634
1406626210466177028
1407271825034432515
1408341335455772674
1401572908980396034
1403388381615296514
1409401880229318657
1409600145818279938
1401683031166013446
1401573052496896004
1401547438968741892
1403085851110821897
1401530299096436738
1409783707683147780
1401452903580278786
1401157560405794818
1401541628586831876
1405144793097936897
1401680630837137411
1401451555895840769
1409632037657407491
1409511152476905478
1402644981135855619
1401554181006184456
1401506251503280131
1409423158566916098
1406320827025534979
1401985015274160131
1401633449883095052
1401512030591324161
1401549616307490818
1407793661153316870
1409495793266999299
1401545182852653066
1409468733098270721
1409629472639406081
1401677500263055365
1401637132834328582
1401930980693319684
1401776540812255233
1401527639400194049
1409398666977320961
1409441941591310338
1409791089544925184
1406264765874384898
1408327329789755392
1401661488776032260
1410261376384344071
1403813112105611266
1401614417826037762
1401650558885376000
1409492666048524291
1404229666244907009
1409508409985191940
1400157879169081350
1409398752457236480
1401594717276672001
1409462311681728515
1401895617308340225
1401565106371170305
1409413639946309637
1401498983546097666
1405242081002545159
1401540574562459648
1401578187189063683
1409405383886651392
1409424430913236992
1409525810088845313
1409407586399567872
1407636482001678337
1401489100935475202
1401536730067521536
1401941736444858372
1401452463069224965
1409388614774054918
1406239917324128260
1408341983781961728
1403013714475991043
1406235095384612868
1401513871949680641
1408562964718817286
1402007378544021505
1401535041067487233
1401639660808458240
1400139768554569733
1402123336197545984
1401568816291889152
1401815338816315392
1409510106182656004
1400192799560060931
1401598046073413639
1408821541530484744
1409776340195319811
1403838603130716165
1408556129043587076
1401787683890995200
1401533640316796937
1404794441681014785
1406991241900855299
1409596188064628741
1409448450891059201
1410199703170555909
1409470777951391744
1401593547934023683
1401553240383234050
1401567716042063880
1401621664614567936
1406059338876264450
1403801935443021828
1401853839922319363
1401627534517846018
1409394690592477185
1407694658956845056
1401568019936055301
1401500319864049665
1409405555899240448
1401213228751937548
1405476845072662530
1401941393711509507
1401487041993523201
1401320552082575363
1399655649366233095
1401590425769725953
1401618429824614409
1401515221475266562
1401412300544880640
1401641026092208136
1410353569216274437
1403364987175907335
1401654991924891651
1399829966754353156
1400721766989901828
1402709412243021824
1401499256603750405
1401118505274068993
1401509368282202112
1401448682998878211
1401651527362789379
1403928635761999874
1401628303639855109
1401607283193307142
1401456566969278467
1401550767228608518
1401575197526925315
1409404214116245508
1401592590311596033
1401500628875153411
1401620150927904773
1409612412643332107
1401635769123549194
1409514772488405001
1409894241837502466
1408335174408998913
1400371774454480899
1401591293369847808
1401503646332895234
1409961015492714499
1403890604103307265
1402944166624169986
1401576673234108418
1401975612206632967
1401618811376259073
1401524389238251525
1409628920618520585
1410283684477997065
1401511975407046657
1402379828817444866
1408780005694377990
1401761359415627776
1401539200739155971
1401529187823927298
1400136281347309574
1409604382568726533
1407747107763666950
1401888002964606978
1401536918664454147
1402775400183439364
1401534524211838980
1410365742256635913
1401570644316364801
1401774901170692099
1402588637905276934
1409781385959809030
1409504543147278341
1407710505679065088
1409464084689522688
1409417295001264129
1403793371441909768
1401529924373073920
1401517764641275907
1409554956844158980
1409576167221432322
1410329024237293577
1409522867495186438
1401813957116104708
1401255672763895809
1404782119478497283
1401651984076312576
1401901398191661059
1409539904695111685
1401772615774228489
1407207130583740421
1401625801263661065
1401609997096783872
1401877750768705542
1401686555367022595
1401216809395703821
1409619540640604164
1401664113542115333
1409518511580487693
1409504739478409222
1409613586264170505
1401449085253607424
1409554367561220103
1401502847427137539
1409427200076550148
1401786812222300162
1401662615332478982
1408335980969578502
1401492586142044162
1407643965252419586
1403837616747810818
1401580138865758213
1401510408251392001
1409456499169054721
1409457232287350785
1409420037769809925
1401549750692950018
1409943034700177412
1407796811826438146
1407105295466311681
1407881148047503360
1401864168840515584
1401551651777953798
1402582939595120643
1408471932492816386
1409515568122707971
1409394239176417283
1409449327739744262
1408334349045485571
1403271440942653441
1406182085577121792
1401535545176641538
1401568715120971778
1409416400444313600
1409434755909697540
1401528303912095745
1401773404043321346
1405885231782109185
1401540970290757632
1409407115203170307
1401217406350020610
1403837839591235584
1409410007624454144
1401704916507316224
1401597707458953219
1400154781629493250
1407693267920109571
1402739175120584712
1409478317049323520
1401557775352840196
1401531708378320904
1407136786749460483
1409597283688198151
1409421581177208836
1405395087371210755
1401225235219812352
1407368017999187972
1409587143182221314
1401513437897842688
1401607580103938052
1400141009254748163
1409518236249505795
1401588057137102849
1401787277114740736
1401526896928645121
1401509787200802822
1401599036407300101
1401571671367106562
1407019671145136134
1405559783340523530
1409530360937992194
1409541320142696452
1409518669496033286
1401509662026092546
1401478489858097152
1401831902718447620
1403979092907659264
1401491127979679748
1407344024533487617
1401569489506951174
1407675958807629827
1401510690100330498
1409424745771196417
1401534033658527745
1409421151747649537
1401317729248894982
1403348557474762752
1407215399599550464
1401572589076635651
1409651752962433027
1407544712865648645
1409639922659561480
1409581911882694657
1401627442339536896
1407378687729807364
1401482449956347905
1401561523357618177
1401514169204035587
1401513978514259975
1401637265558831104
1401492967932715009
1407543658602172417
1404838343351865351
1409429565093601285
1409506413039206406
1409424251753484288
1401566210618236934
1401835073595314177
1401438845518876672
1401145734083366914
1409777026580549635
1409512489998598150
1401541202323947520
1401161760317579265
1409482063619756035
1408340715143413761
1401643497912995848
1401597443540717568
1410327019485859843
1403993489017389058
1401446694185836548
1409862217571487746
1409566222627360769
1401544213716738050
1409504644154462210
1401382176210493441
1401565332091850753
1403915956284497929
1401653738566307849
1409414403695558658
1409480671001710598
1401567257151553541
1401519164838363136
1406245501117288449
1404871365052846091
1401572234557374466
1402981431639347200
1403373057474023426
1401654752778330114
1408817384295653381
1401627841054314500
1403699630467125250
1404873795882659843
1401579932065673218
1401511883551739905
1409497969255088135
1402363204706127878
1401560908795723778
1401557298854641667
1401699460607008768
1409518971997540352
1409626769569705984
1406146977658703879
1409408004823433217
1400186051419906050
1401601944041529349
1408331391285276673
1408327648460394499
1401562097138425864
1409630916889088003
1408443057620520961
1409443958061678592
1407022131234455558
1401828896476217344
1407084860456505344
1401795538786344960
1401509744817414144
1401517937048051714
1409583590556372998
1401521960186679307
1401811481474342915
1401557767186485249
1410357013473865730
1401557362306170880
1408905975013249028
1401601222487031808
1401157942557261826
1409799905795784711
1409422787379351552
1401572012993269764
1401152743188934657
1401545448997937158
1401531429964627969
1400814382200807425
1401511414758522881
1407173692610596867
1401574784757112839
1410351401356701701
1401506267600982019
1401818521739345926
1401563522614579200
1408189642512424960
1409433857670193156
1408094972436492303
1410148040246185984
1401562964730155018
1409631146506211332
1409643056312164354
1401513144418197504
1401470363104681984
1407696827097534468
1409457679358119943
1408328041709936643
1409514823549964290
1401537116245565444
1401702941925548034
1409610268313800718
1401224052270931972
1401535983754039301
1401458154827829250
1401501697051144198
1409643703954595841
1401536770894872578
1409593064369295360
1401915556928819201
1401802045942865924
1401614335647096837
1401499764059934727
1409422413608198146
1405354380811984896
1409523604820217861
1409623747947122693
1399719680865091584
1407224443773067270
1401643291570061314
1409405175996026882
1401490645966102528
1401614216461795331
1406284792665083911
1401805871286558722
1409404352113033221
1407542192596475907
1403838839983153156
1401626411958517763
1401575213272272900
1401580684372815877
1409448735726354433
1401151968870113280
1401566317547823106
1401866542384562180
1407056019608440840
1401638132806737927
1401541937837002757
1406952515044843520
1404562688336859137
1409552507853021187
1403267965836042241
1406908859206283265
1401503363620036609
1401574946757828609
1409487362665680902
1401971550396497923
1403985743656140802
1400817069281718275
1409454250732703747
1401693585280540675
1401451766043062272
1401774995240636420
1401591246121062405
1400368689036341248
1403801854933352450
1401565865909309441
1401978835093098502
1409831440590770179
1404441100195090435
1409400827635249152
1401592155827736580
1409457077530079233
1410347222508638208
1401565037819576335
1401502346165751812
1401902689458475014
1401564647183036416
1401491417508220932
1409734839121678337
1401587230674767872
1409440659879124993
1401621378449690626
1401763703016542209
1409420291361718272
1401579509569232902
1407354517260312577
1401610076159422469
1401612528094953475
1401554972496498690
1401528724001021952
1400146791648137219
1409405093884137480
1401534582755844097
1409435775339581440
1409415082149388291
1401584733499318274
1401787427946119168
1409622397171367940
1404991177565294593
1401545019186630660
1404994386149187589
1400209140778246145
1401531671254548488
1409424574794637313
1406688489559764998
1409518689515446273
1401658969232445445
1401809987668692994
1401496974717853698
1404528501030625298
1409620959460413464
1409393987736293377
1409423147913330688
1409436873576095747
1401587190291894275
1400188799385231362
1407055390668431362
1404052356610859015
1401653274030264324
1401401364614426624
1405229659068014595
1401497252858847236
1401667174826192897
1401558377646411779
1409628250544951299
1405422326062235650
1401575434949730310
1409394985775009792
1402720319488548865
1410375516390055950
1409580827709743107
1401982033220587520
1409534365189689347
1401681271101837315
1403794220498948102
1401662616813150215
1409524728101052426
1401497569709248516
1401597894361292808
1401603388538773508
1410304952057143301
1403792872156057609
1407072390992048132
1401784192636182528
1409392460321730564
1410279724996309002
1406941631534804993
1409590084601401344
1409621553445224452
1405530290961850368
1401456329445814275
1409638549176033287
1401655934456414212
1401643648048111621
1401542701431013379
1401552869967474697
1401497511215370241
1409558945446993926
1408841784084606990
1400140036746719236
1409461666459312130
1406916262647771139
1401588645409312775
1409541302652375044
1409414282194915331
1409429990903586819
1401515853837971468
1401569245260038154
1409394603439108096
1403342921248694274
1408505523855626244
1409624206644420612
1401590238938603522
1401559276204793857
1401573298954293249
1401551191105060871
1401333873737412609
1409586282179694593
1404198604953341958
1401814689848479745
1401560078663172097
1406275624751271943
1409434895978577925
1407676579069767680
1401619734035062794
1401527892509605890
1406268151273340931
1408944857855545346
1402556122620379140
1401556204615262209
1409584091058434052
1407059262153633796
1409474491462438912
1401608709063782406
1401673518216093696
1401563225561382917
1409499582040576000
1407109801633411074
1401576430715248641
1409391261375664130
1406893076178771969
1401662305402769419
1409408142836969473
1404738007731691520
1401461136697012226
1403796859420921861
1410327895709564930
1404992020414926848
1401541560894885891
1401627541295800326
1401613612473532418
1401780747241992198
1409401566315024390
1403807521660354564
1401580082620153857
1401574739102011392
1401695482490101761
1409795028193533952
1407057944651444229
1401501577601552384
1401493788678295559
1409444878979850249
1401707980345708547
1401530643243278340
1401519565255946247
1401840091312668674
1401666891471626244
1401564952356442117
1409403328090578946
1401535181740204033
1409428069216030725
1401645972476862468
1401598207247912962
1401574484650430472
1400732402423582720
1401640556447555584
1401575094808424455
1409497418954162177
1409467492368588805
1409429177909104643
1401192726310359040
1401527997296005122
1408143405390176259
1409828419890675715
1401926928291057668
1401641572664500226
1403703139010859017
1402596680390807554
1409397318609215493
1407634769802846209
1409451896876769281
1401509884881952769
1401571169740984324
1401434034639622144
1401293293456138244
1401672500803670024
1401639072297328642
1401568591363911682
1401576710462709769
1401503409593884674
1407413233674293249
1409589039255093250
1401495165165056001
1409490352227168256
1409393536680837131
1407088731350241284
1401649572607311879
1406500590650376194
1401520651291095050
1407058915775373320
1402645136211943434
1401591794010411012
1409785648416968704
1410367919675019266
1401518129134641154
1409391693179330562
1409783792684908544
1401553801174294530
1401603207328116740
1409547856692846592
1401636886897119233
1401537973187928064
1406650529317543942
1404129556009603074
1400190837921832961
1403865914643202050
1401793552103919618
1407451138341888008
1401509320597069824
1401508721117773824
1409630158999465985
1409425808628781056
1401565047680389120
1401817956821073921
1401529651395272710
1401485441929449472
1409389023597039619
1401498573980712960
1406928038449795072
1407276606872227846
1409601202166325250
1403991465643155457
1401569730452934656
1407413119673065475
1409777364804980738
1406148312970018818
1402365455113801732
1401796073400811524
1401779764898246658
1402731166076223499
1409490283784454149
1409408423792418819
1407141265695719424
1403793109125902338
1409768626484400129
1410329803052490761
1410039004700065793
1401567053501407232
1401549461675970562
1409588776045662212
1401437302652641286
1401847129249832960
1409522449205579785
1409505361321762818
1404138919592140803
1407244896512118787
1401609848752459778
1401530911745888258
1401318176944791558
1409388720999079939
1403982630799003650
1400176516248576002
1401800270833590274
1401591565030768640
1409536259702366210
1401645835839016972
1406649747486785544
1402975436867518467
1402716254260051976
1409775252687699970
1401539184238678021
1401607238591078402
1401510415499137033
1401206415927255048
1410367822740480001
1401885944580554753
1409545704503189505
1409495906291007492
1409433461971206150
1401574260242583556
1401525073736052747
1409428951743799297
1405497641497153536
1409555566717030401
1409411133132398592
1407505322105884673
1401615596970819584
1408500415868682252
1409823528245940231
1409513178594172939
1409633624899551240
1401621033392783363
1404867167515037702
1409498084254617609
1401563314547789836
1409451154040295434
1401739174936461313
1406911536354955269
1405397051031146496
1401673414830694401
1409408553056616450
1409447744893341700
1410356027783004167
1401544134142443521
1409517786074959877
1401562161143549959
1401429982979756035
1409792526639321089
1400145918293327877
1401503842282442763
1407674095328796674
1407631942594580490
1407114844982157314
1401517212347817987
1409585829605875732
1409517920275808257
1401467821310287875
1401502326305796096
1405429132289359875
1403599826269446151
1409476345508282368
1401529985052164096
1407635650183057410
1403791743934476299
1407638099098804227
1409406936819306501
1401558973128585218
1409421618775048193
1401763663078436865
1401560826918621193
1407604340475535364
1401554856825982977
1402604121157423109
1407248080257359873
1401254603878973443
1409614732584177681
1403089475429937160
1404143420608757768
1401555206043734018
1409393257470173184
1401478955299901441
1401470502271660032
1401482038285328385
1409889625049546762
1401602282341416963
1409593822850568202
1401534175908438017
1409400401749852160
1409512509774696450
1407229253528309762
1407096394280747008
1409716286960062464
1401736766776922112
1409417799622082560
1409403562304675841
1401628942424055812
1407349366424223760
1408090524809060359
1409475982772391937
1401470093301854209
1409443046345826310
1409421404936810503
1407073309649510409
1409388880231636995
1401636753681833992
1401608395967238144
1401610490372055042
1409010723582320640
1402016997379121159
1409462011092742144
1409556796025495556
1401627169730727939
1407059996207091714
1401572140583993346
1407098529554763776
1401561443133267972
1401536256698421254
1409453421590163462
1408045224803328004
1409214873020600324
1401540511824023559
1403977644425846784
1401228271669424128
1403838818969587713
1409457544557481988
1401659088744878081
1402671354122493959
1401624488102486018
1401525716123017218
1409395923055165440
1400000021303541761
1401696648380796930
1404039633219076102
1408404288909549569
1401456404125343744
1401506143516692482
1403795432673787905
1406271773281239045
1410270544197570561
1401635165441564683
1401782897263120388
1401558600938668039
1409397870256705543
1401465229331120130
1401630611069153280
1400204087921160192
1403361187291611137
1401599370504646656
1409622239012663299
1409418581180362760
1408808041995190279
1400153935197966342
1401548521623465986
1401564110383374340
1408491599156453378
1401835586495959044
1401525488548560896
1400179804578762757
1401522441214644229
1406008069797122051
1401551268930260992
1406146386236674048
1400190249515487238
1405173426092969986
1403793581626859529
1401622727098777601
1409624608513265666
1401585443137785857
1407284268997484548
1401545821137555463
1403700170919972869
1401533262808457217
1401482626213502976
1401590259440361473
1401154831537127431
1404017700817547264
1401554807253614598
1409425900102467584
1408130661253357572
1403795003365900288
1409601773929701383
1406919361177214980
1401785461106958339
1401604830490152967
1409716875689218050
1409830483387633664
1409903222744047622
1409472783621447683
1401539074964459526
1409394528482643969
1401513634963013639
1404992613107765251
1401530561395671040
1409425691297435648
1401768054678229000
1406731084763643909
1409761277518483456
1401746458571911169
1401579830043365376
1401565466196332544
1409397885263921154
1401703981580275712
1409390624667627522
1401599009794498580
1403845681211752451
1401601029477703681
1401501376920920065
1401498542745735168
1409410701907664897
1406978831446163456
1400183484925218824
1409642787583062017
1401484808757420035
1407634117815156739
1401855029758287879
1401536707070251010
1401529560865329152
1406283929246699522
1407075139108413442
1401491305453195268
1404836856290852864
1409622928468107264
1409454249419984903
1409545957184790539
1409424520373575681
1400845060367921152
1407647280333832192
1406966037011218435
1410356659701096461
1409420622082588676
1409488655874412549
1409397131014778880
1407000641453670402
1409534950483890177
1407774935473328138
1401533419918614529
1409781110599565317
1406973914530652161
1401464496590368772
1401648204144386054
1401603862801289218
1406691298850086917
1404862985923923969
1401543534965100548
1409806791106609154
1409597957423439877
1401558416389292033
1409508309007228932
1409490847545106434
1401458547762794503
1403846812042137601
1401496353939800067
1401653270691692549
1405044836470829059
1409393735801217024
1407707801695236108
1401594036746608647
1409516514105987074
1401639602276929539
1403982460354977792
1401632881949163524
1409477689803747330
1409525007198339074
1407112152310235141
1403974327838687233
1403348787217809408
1401604252166934528
1405127458131750915
1410338479880519686
1406984190898360330
1407090701880418304
1401528639989104641
1409433114154307589
1401671163512774662
1409397817790042115
1409483404316454912
1401579895046746119
1401566797262905354
1401223408168357891
1401518536615473152
1409565281614245903
1401555404635709440
1401772906045186049
1405190919561883652
1407043856479174661
1401783975836897280
1401798213229854721
1401661955551731712
1401543292966391812
1401555486927884288
1407058430137929741
1401516576483033091
1403328401306439681
1409595497438973953
1409572274693365767
1402023764917899266
1401533559664414722
1406652351008628736
1409633395064283139
1409525152921042954
1401182152457400327
1401752148707364867
1409922486494433290
1405533876374491144
1403969090482548739
1401598038758641670
1407002062290919427
1402598119985057797
1401452525983780868
1401530934432866308
1401667839963152395
1410356439030407175
1401499397549084673
1401546202789908484
1409458885212180481
1403800000207990790
1408355184909053956
1409519798858530816
1403976996842053634
1407707057407602689
1409535766926143494
1400372283726827520
1403814459139833860
1409487867685003269
1402662061725958153
1409409349051633664
1408336415243571201
1401554417309130754
1401859022773493773
1401123040256274440
1408404476508114947
1401643016520142851
1401734225632632836
1401532705611948032
1406983979690082310
1401501229562408960
1401844110814756864
1403812994069499906
1408840405517582345
1400138849452498944
1409409214435504128
1401656373939691526
1401524958241738754
1402011579206545410
1401714981306081281
1401587433347682311
1401610335174414336
1401564226997657602
1401275359610478594
1403807320489005062
1403911096159846402
1409406623987253250
1409636147978850305
1401598603299336192
1400174165760610311
1404993507111079939
1403793075386867712
1401892863596711941
1401629241796698122
1401830854905696258
1401602707601997824
1408455477621661697
1401574168651603969
1408336801820037129
1410361894070804485
1401500871918227457
1409409854318522368
1401620495678705665
1409643498861600774
1401508273971400705
1408939849193766915
1406966863100325890
1401570067087777792
1409413363336192000
1401566440310947844
1409437578248474625
1407044184293445635
1401534525356838913
1401541245965635599
1408484263952064515
1402856290687324161
1401665070124486656
1409411431989194755
1400394204644270083
1401561296873590791
1407031485832568833
1403797007978971141
1401212694229889032
1401490384375721987
1409409032134201347
1409533254076710925
1407811711759962116
1409520864534597635
1401532603312881670
1401517264512425987
1407207311748124672
1401560653568032771
1408348160917966850
1409407487552393217
1401773426067574785
1401650370900865024
1409523804443906049
1409451747366559748
1409401086184771586
1401531730956369920
1405265280016678914
1401650995621515265
1407033837599744001
1409617946490589191
1409665700633800716
1403117264690425857
1401656972353605634
1409534858922283008
1406997771400486912
1400215414194462728
1401517600354492417
1409490683484950530
1401812131880779777
1410352129211088905
1410318162906787842
1407103088616513537
1409438328819179522
1400154362773712899
1401627014822600707
1401614349547065350
1401558627769540619
1408353921056313347
1409831512644669441
1407471153401188352
1401664145179746304
1401580064232382467
1409635137327747077
1409493294674059270
1406555378981163010
1401552025868017668
1401671145083084811
1401565653308411905
1401317385517285380
1409032671070654466
1401600049587625984
1407249633898897410
1401489125086277634
1409529582898843651
1407078230734032900
1407630658651017217
1403841931734667266
1402973084081078275
1401598724397277185
1401583739726147586
1409391237153447945
1409571813361860621
1409414790863364096
1401472342375780353
1401497523055902721
1401663342612189193
1401492596120297481
1400137593040351232
1401634648745185282
1409583531915812882
1401721953308794888
1409490314025385984
1407699841392812039
1401502122944958464
1401448348033372163
1407543534392119297
1409577261548847104
1401651651124019206
1401570658509807621
1401533152519245824
1401513765351395328
1409569054726180870
1409399634364088325
1409656385223024644
1409420030014537730
1409430952191926272
1409525885909229571
1409485238162579459
1401783731736743937
1401563665443311622
1400214680820490247
1401792338029056002
1401615019956133892
1409522290208002055
1409398718361710592
1402630839285002246
1407443479429627905
1409518376230297607
1409474505030909957
1408476018206203904
1402550622277226499
1401495271633207299
1401561425307484166
1401513352468340737
1407043257511653378
1407241948537180161
1405033678082805771
1401530847216476161
1401554212501196800
1401547509139488771
1401572261547720711
1409816348100857862
1409431522323619840
1409780012799172608
1401537616231682052
1400138216901074945
1409594931111510018
1401826739010080770
1409420565887205376
1401514992453787650
1401559837218160643
1401818537904250881
1400145461101662210
1408800778341474304
1402608578683416576
1402510544846962688
1403390341839998980
1399835659028811780
1409475942712553475
1401607997470777350
1401779693855154177
1409567339553640455
1401406415693041664
1408329362596896768
1407059565389266947
1409463003813134336
1401565950864994306
1409481693166178307
1401842036370776065
1401547639380922379
1401524579781201921
1409442243317010434
1401547926099435527
1401573997607800834
1409454415648538624
1402988962264719363
1401519409236164608
1408341848964358148
1401490982403772421
1403978430329372674
1401785145707974657
1401594687799058439
1409490213991297024
1401537932226404356
1401513516759126020
1401548212004167686
1408504948942385157
1409396128660004865
1409420290329874438
1408089459669745665
1409421917078048771
1401519813881651205
1409430797589925890
1409428834584252419
1409398343592288256
1403073183633350661
1402595915010088968
1410119211486257152
1409433089290477572
1401526531319603200
1400770256830976000
1409528823465627650
1407695222344196099
1401576651499180039
1401503951594430468
1407357370620125188
1403089171007381509
1409413830271188993
1407090234769260554
1403952374004191240
1401542782255341571
1401558426539507720
1407222972243496960
1403436850883268611
1409528739013275651
1409469954135670787
1409390443452932096
1409424885181472772
1401492734419116033
1407472716609953792
1408764819268902917
1401840136464252931
1406383651735146502
1408110984405913608
1403902415196278792
1409781528750694400
1402002691157602309
1401883582688280582
1403335734732468224
1401525603208155139
1409411917370867715
1409414875001114624
1401563250689511424
1401529557400932353
1400154823027216397
1401546011835785231
1409774148893745155
1403396467637862407
1405438404960165892
1401603575466369030
1401477201585971201
1401555132358316036
1401525036519985154
1401562417973403651
1407076688840757259
1401455584583557120
1401455201601601536
1409396721935958020
1409783470507933697
1409562327771488258
1401633764636303364
1403838290315337729
1409825147289149440
1401521220676460549
1407119283419758596
1401458618361319425
1409412001252659204
1401492579548602369
1409908745354809351
1401566779038650372
1409496725220380673
1407747277523914759
1409395945213726726
1407399608461017088
1409525512771358720
1403896459548925956
1401546061743788035
1403975108939636737
1401540370580783106
1408765767630340102
1401558093612322820
1401640631370399749
1401496534462652416
1407765856579424260
1406650073866457094
1401670148403179525
1400210413703270400
1401596070967267328
1409589139243110401
1402951730745298947
1401584938038837255
1401771413044924416
1401607546855559168
1401572209190125573
1409520824881647616
1407005396544458754
1409588119817449472
1401531898875334662
1409585226091667473
1409450534545788935
1401568377232048132
1401554145136594949
1403906050428919810
1407274409442910208
1401537849187573764
1402363697901809671
1401884901910224905
1409469955339390977
1409422146753945603
1403079292351881217
1402740726073602052
1400137328660779008
1401562721880100865
1401765547696705536
1401567707733110786
1409462524953731074
1401559345515712512
1409568098890440713
1409442598008328194
1409410659285090306
1401496203590836228
1403041590701080589
1409966730743590913
1401538294421278730
1409400557782159361
1409420335200473091
1401626150967951362
1403270857758318595
1407246041905176584
1402017023249502220
1409517593296244736
1401547858927525890
1401491755233579008
1409658104447340547
1401576237827514374
1401542747350355975
1401655934993244161
1401512918349500419
1409586881264689182
1409436312361385986
1405070035601743873
1401654322019155969
1400224921570230276
1409399422740484101
1410259792053035016
1409435240125321217
1402624197948579842
1400187207198052356
1401596480604053505
1409442360493228032
1401451737756704773
1401574145419268099
1401556422010212352
1401560838880759815
1409592236984225795
1409634153100832768
1402959437749436416
1409388793279418368
1409578338696536064
1401630157002137604
1409438685007859712
1409422877774991360
1401526485039583234
1401593778125877257
1409394118938267649
1401636469589135360
1400728006126182403
1401524201178206209
1409523714639663105
1409536605342384128
1399694824077471747
1401501546546860034
1401597977626619909
1409601756384878603
1401523877340192771
1401525085945671682
1401620278376022017
1401505654683095041
1409426192575434752
1403271507955101696
1409495546751078404
1401614767220047876
1400176074680635393
1409592702480654336
1404098395309019136
1403012888453959686
1401499828480323588
1403699419028066305
1401569878843211779
1401498181641379840
1401571832986230789
1409416666061193217
1409412466010996739
1401569125428875268
1409408463453687808
1409505804701552650
1409460632106242049
1401596095382306816
1403791384545529859
1407371977032077315
1409523076690292736
1409443822619312132
1409423792259092480
1406594506896576516
1400092765887795203
1405104681366478854
1401893322445176835
1401819662397104128
1405037498464714758
1401741544789524483
1409518645873713157
1408866818559782920
1407542871197114373
1405446511534788613
1400195078941970446
1401569611393507331
1403990208505434113
1409408846959943680
1401650081280020483
1401161013379178504
1407055259587973121
1401145519691513858
1400149037328785409
1401607425262764039
1409476617135693827
1401780153680678912
1405098896175554563
1401625881433489411
1401568053662568448
1401784223963488256
1401503319168847872
1401658728651362305
1401538900972249094
1401441385178402817
1409480873695748101
1405640562498277376
1409431114159099904
1401576630166900739
1403808231550554117
1404715873374457856
1409714445840883718
1401480703108435970
1401571080314236931
1409418617536532481
1407436423158980609
1406985881395859457
1407697060053327878
1404067116517662721
1401667248000012288
1401545740875440132
1406267717120937990
1403794104086110215
1404773809320759299
1401619724459560967
1409402323437338632
1405397963401314304
1401579205826166784
1400165069913300995
1400893320604364807
1409511117186027522
1409861525079269377
1409452314319110148
1408764715522789378
1401547929425436676
1402036674268385291
1409450244425895936
1401518094531563523
1409404581453443072
1401742361420566528
1401600537066356739
1401559116292706304
1401507300515397637
1401617482507563010
1406329428112781315
1408330957384527874
1401574896195489795
1408343471136587778
1401771830889881605
1410353291612069889
1404782192274939913
1409624697659142144
1404991243059445762
1401524744147640326
1409517727102947331
1409517483141312515
1408105891451265024
1400139121906044932
1401842523031621633
1401678093908164613
1409456173565284352
1401526898128297988
1400154955554643972
1407255106219917314
1406951575336144897
1409455428409380871
1403084912262062093
1410359684473688071
1401646559129911298
1409415936587804672
1400930596042465284
1401970967308537866
1406932846803963912
1401525761606049802
1401445022923476992
1401614463875391489
1409404936157290496
1401502786441916421
1400208496092647425
1401668150500986882
1401511584900468742
1401521829026672644
1401533293342904324
1409456556308058117
1409421668758523912
1409518761904836618
1409444182285074432
1409398990534332417
1400146469819195397
1404054456010948608
1401773985403129862
1401559929928966147
1401556028483854344
1401507106608586752
1401221645772247042
1400170634932588553
1401526715923509254
1409827421289910273
1409585242160046081
1409457365099945986
1401747003105742850
1409534446316015618
1401566146906759173
1401509481540898821
1401630553141657607
1409539078874357760
1401493793661243396
1409509806348681224
1403855267813543936
1403794828509552644
1409522135203201028
1409491286328066050
1407352440454791173
1401776411984248834
1409415637970079746
1409431936934854658
1401582638532603906
1401610866802499590
1401516329086115842
1409558090056441865
1401660326790189057
1401445904578719744
1401486122002403331
1401221150051647489
1401475206330437636
1401535241702068234
1401511527178543105
1409628687880888321
1409570496815980549
1409568202351337473
1405269300126961665
1401608922176397318
1401567015840661507
1409406041511677952
1409589311457030150
1409532875968495617
1401603695981350912
1403806716190416898
1404173065853050880
1401539963246743554
1401487840261906434
1409859610983469059
1401584371916812288
1401654303652188165
1409461151734321157
1410347307816697856
1410360276021559298
1404891755846279172
1401646559838810115
1401595143245946880
1409544152916934659
1401617940219322375
1401530274752745475
1409471931229818885
1404479352813785091
1409401105092591616
1407695386588991488
1401510352123269122
1403033462664273927
1408333079542915073
1401215395319648256
1401799295704223746
1401555260087361540
1406629368886083588
1409504913227403265
1401639231701782537
1409463446937260036
1403793381164294149
1409437775280082946
1404107586941640704
1409539992301494277
1407367272360984581
1408432637887266822
1409425500242694144
1404991568751247367
1407108801749295106
1401559317631975436
1401451388899672067
1405268158827532291
1399623863068069889
1401499538960142338
1400918016636997634
1401592586780004357
1401606145534574593
1400482065473277962
1410207116426633218
1407399878645489668
1406268275085004806
1408114858042789893
1408442061720797187
1401562829870796802
1401476857606950915
1401598184175149061
1409405695695409154
1409422810376724483
1401751437181325316
1400203854168342531
1401616939722620928
1401598287413714947
1401559868008452102
1402959482221649920
1409389117021032450
1404002584877309954
1401555149701713923
1401529887949787143
1409613569365319682
1409404537606189057
1401788783717199872
1401661699019640833
1402297735408140292
1404932660733038595
1409494992222142465
1404733350670123009
1409448698120134658
1401527201871413251
1400146160539611140
1410333377639682051
1401566433407082505
1401524665059794944
1401815807093510146
1409629465861365762
1409613277836029958
1407311182898339846
1401640667873435650
1403837725212557313
1401568486380408835
1401509701859352579
1401562373455032322
1409511806658400266
1403815906350936073
1407043238234558465
1407056789573623815
1401611689079066626
1401555172812378112
1403225508259708928
1402010582807625731
1401672042261397512
1401628503909580810
1401546147676758023
1401220308212895744
1409635239941443589
1401619033800294410
1403680937649528832
1401586340043558914
1404441898308231177
1401990029359124480
1401173379609210880
1409766114800906240
1409502666703708167
1407747790915186698
1400141522029494280
1401516841672101888
1409448372638044163
1401502329350860801
1409402730758688770
1400419141551546369
1401448036061093888
1401541982254735362
1403792930909872134
1401540688827846656
1409768333788995585
1409388942005264384
1406181503135064068
1407430373248806925
1410371418982916102
1401502127948697602
1401519228847599618
1407423860664717313
1402625905747501059
1401925133351129089
1400722951180279808
1401554417879556107
1409839541222088704
1409589998517555202
1407042378993651712
1402582688872210441
1401565870799921157
1409765617071239170
1401648782887075840
1407085301542105090
1409589723241222148
1401883124447985670
1401645330148569092
1409691382055260168
1409552518330396683
1402601695960571909
1401525607733907456
1409432877301907456
1401558687110553610
1409406210495942658
1409410866194354178
1401676137219215367
1401584935253729290
1401553946955616263
1401543794860998664
1404023644318273539
1401580437810655243
1401629183999189005
1410306133554835462
1403013000987041793
1401518494043283470
1404020479480971265
1409458383858683904
1401561171669422086
1400139552052944896
1409620491652845571
1401509966230523912
1401497440822468609
1403800437921357827
1409474464371384321
1402625607138172938
1401501646031667202
1401652574193860610
1400207262107508737
1401782284404019200
1409943426896908299
1400144895080341513
1403974727803281416
1400193896135729153
1407717964409942017
1407631821920157699
1409448027002130439
1401616367225344003
1401584109680566280
1409520514595426307
1403809588177219589
1402740804649721858
1407342429750038529
1401555765152948228
1401617418401759243
1409594769551106048
1401226796889161734
1409565415043391492
1409517333975113728
1409172438659764227
1401591112968585221
1409568555700469760
1401678070961090560
1407647661633818624
1409564417763729411
1406937478733385729
1403826887021969410
1401558637676486660
1402665514455928836
1402336535496757251
1401496577886281728
1409500734090002438
1407055289950613504
1408814666520932360
1401919858372194313
1400148593818882061
1400203840012554242
1403997381717340164
1401526331188338695
1409618287684587523
1401491936234684418
1402510115270500354
1401538189786075142
1401445669160751107
1409528406098722822
1409422761869651969
1403623691611783172
1401812550648487938
1409421761188401154
1409473531499499524
1402366137220976646
1401567855414501384
1401569180885860357
1409635094138998786
1409398730684567552
1409434271459250176
1409654493185073154
1401578163436720141
1409622244297363462
1409441996645806080
1409409628778213377
1401526784441651200
1403805131116797958
1403699562406191106
1404170935071088644
1409456324014903301
1409556126505615367
1401705776729763840
1407577685686206468
1401579019129217028
1401944251467014146
1404781928855769091
1409497601272127492
1409616472540958728
1409497773624467463
1401572981495799816
1409524236067086345
1401440238875054083
1404028891635802117
1400721589633703940
1406354238930833411
1401608545603403779
1401663955316232193
1401598299476463618
1410375969223888910
1409641122582863877
1401617701219581957
1410354180427063297
1401595518078402561
1402984450099609610
1409564455520935940
1401781211593334787
1401642640823685122
1401522554985238532
1401519320518348802
1401779812407169027
1403791892203122705
1406931927056228353
1401535693373984783
1409549653478187012
1407097560146321420
1401588990243975173
1401566664844529667
1401558339352416258
1401324684923346945
1407547802239094784
1401510561276387328
1409631364354252801
1401655252986875907
1409600728411353089
1409635821183856643
1409526031250333696
1406002882231549953
1407119651528642561
1405395297350598656
1401473898819031047
1409553033470545931
1401497475056209923
1409435867089866755
1401564352013029377
1409439604491665411
1401565963854790656
1401765678110158849
1408776181927849986
1404004244970221571
1406347497929424900
1401586619258478594
1408531589928210437
1401612169163247628
1400526861382344709
1409694389979414530
1401414983418847233
1401555731191676930
1409427080509628416
1406509472521101315
1401812119813857281
1401507625313964034
1401663551618564103
1401585343950950407
1401547490319638529
1401505779287564290
1409482391329116163
1409623215358431236
1407692854433140742
1402514995343249417
1401672025878433801
1401606763699396614
1401487038210318336
1403047574320394242
1409439752089182212
1401573200639795200
1401606498749407232
1401545832332148741
1403064242304135170
1401500761763291139
1401534803682410504
1403875488569888771
1400364916171808768
1409399400611332101
1401586493039288322
1409476116641980417
1401646948810170375
1407403747039395844
1401840911168983041
1407678790491332608
1409491847077150726
1409390965740163073
1408504225651433486
1401556913050075145
1409675490374287374
1409638571439394821
1402579590208446466
1409445947592130561
1400156706244644866
1409573975588548615
1400418947380432896
1409414286020128772
1409390351857733632
1401592256579227654
1401553994443636746
1401594902614511619
1406265632337846275
1409396011886428164
1401566153386991622
1408452094059855875
1407201577312698368
1409394261917941762
1401797684655276036
1409426197650579459
1409427739128569857
1401559859997388822
1401532582005706757
1407217822099554307
1401771311479857157
1401596661617594369
1401925664303878151
1409476952403099656
1408465125200338945
1407793844037500928
1409599738958258188
1401568469380964356
1406568779631497216
1401456663773728768
1401533363589193728
1401437915398483968
1407383697414885384
1403743394237665282
1400185892787179526
1404443935951491075
1401568730543443973
1401638499221229568
1401516424259063810
1401668198513135620
1401640842524303363
1407751017144459268
1401582350312656900
1403307191491305472
1401493817879113728
1409442354222833665
1410330396810690560
1400138701523595267
1409586699865186305
1409439527572316160
1403938169435865091
1409483342093983748
1408776610426327041
1406946996603195394
1401626610231562240
1401512735876292608
1409514613398454275
1409435163168231426
1401501101485142016
1409624567073492993
1407695907445956609
1405892350589743106
1410042496449712130
1401784540771852288
1401507334548041734
1409601283582050311
1403844597542014980
1401512075009069056
1401570307538919424
1409421403871453185
1401574343713378304
1403814189899169793
1403792574771609605
1401530009093873667
1401569980311871490
1409524228848771073
1409595974905909250
1401583290189029377
1409593140621758467
1402397485142839309
1402584982762180612
1409520764366295054
1401582704899002376
1401634807512276995
1409523480060702722
1401854474340159490
1406280097527644160
1408897422898642945
1401658783944876032
1409480998002335747
1403270871024873472
1407047131706310663
1401602189165015041
1401578261306544131
1406833109828526080
1401501518096916483
1402364582082056196
1408357110866399234
1401746494798155777
1409518659685453828
1401696061924708353
1400154451575513090
1409563140300345349
1401527637592391696
1409481161257127940
1409516240163512328
1409451834201329664
1403978339447099395
1401571172450451456
1403835743265558528
1401809732747370496
1401761065554358272
1410353214290018304
1401511089079308289
1400215155045244933
1409509252163641348
1401557955317805058
1409580501506170881
1401549091507691520
1409515621021368327
1401634178505003008
1401680544958668809
1408835243763769344
1401637742245732356
1409461793253203970
1401591579761123332
1401602568481030150
1401529967167655938
1401479458306002952
1401565994359865349
1401559846420463616
1401519444141150208
1402675475063971840
1409399557746839553
1409424297957920769
1405319158326251520
1401618449328136202
1407402682172817415
1401613581058183176
1401525793411452928
1408995295036313604
1405162528716607491
1407493641313173508
1401575442155462660
1400325822901325825
1406234790613950464
1409425521172258816
1409391632227647490
1409404342252285952
1401925779773181953
1407692165099175938
1401639636519329792
1409405229796315141
1401518956700131332
1401505403326849025
1400181782260166656
1401639817914486784
1409451880577744897
1401658165339512832
1404127577783083011
1409432162764562433
1401500049490731012
1401535982588071938
1401523383117008904
1401634271857627140
1410284100703899650
1404922563873103879
1401782239227166723
1401475785601470466
1401669243654098946
1409573034588057603
1405996035307147267
1405845199545327617
1401501638729293824
1409394438334554112
1403718871908036609
1401551729179697153
1401576296153600002
1403845739151826948
1409767602960965636
1401647313286832130
1407689545576062980
1409423172554969088
1401531354697940996
1408464387128631306
1401763798688714753
1406609607234101255
1407031064405684224
1407263881987342342
1401446003543314436
1401651756044636161
1401630847535661059
1401499584531161088
1402379850258714627
1401587449814523909
1401576082734780419
1408904720949858307
1401505244920614915
1408764846791872512
1409578728481492997
1409601778283421698
1404993110258683907
1410251913355042822
1409468784671342602
1409436371291414528
1401500072219717632
1410350779333066753
1400403710275162113
1400145897607110662
1401624843653689345
1403391884416933890
1401436952260493313
1407078611379761158
1401519886057324547
1403835589959487488
1409766483476074499
1400143914204602368
1406897739254927361
1408347556560707589
1409976616328048645
1401534336713826306
1401610192668741643
1401549714764480519
1409650884858900485
1409572371132977153
1401608226207154181
1409396646543249411
1401642325512704001
1400372058232610816
1409441829586673664
1407113737534853130
1401560423732813826
1401436020395200514
1407142046612299776
1409415657586892800
1401629160431312898
1409458627350601730
1407116881606160392
1409433322955157506
1409492970781429760
1407850190560768004
1401526762123804673
1404881466241191943
1401519398993661952
1402417817186619392
1402810282750185473
1408343099278036994
1401563117646237699
1408088279715614722
1409520850341142531
1406966827817766916
1409456824059846656
1403703447006949377
1401501120648908805
1401568783572127745
1407384250698113026
1406988191366848518
1409515257228414986
1407095898530893824
1401493746223624200
1402463248197238785
1401666295016345600
1409440380232343555
1401215428299472902
1406685433380052993
1401623229467332618
1404018966000029701
1401592333162975236
1403986501747232769
1401478284223913987
1406680082882641924
1401637591347257345
1409415003321536514
1401598334222143495
1409602829531103232
1401611567653965834
1401558942849847297
1401636568604065793
1408338302437146625
1401555924368637955
1401647997537161221
1401613621864669194
1403802561803702277
1409512651202379784
1401629792902991876
1401672896750264322
1401555801781768193
1401545096206639106
1401513810196897795
1401587832951611395
1409468216494198789
1409497206499971075
1401564435110674434
1409449598473715716
1401650709934710786
1409407787738832901
1408770931523194882
1401499408005578753
1401629424173395987
1403974781490319362
1401976420142915591
1401677275230355462
1401576941526867969
1405781302561980419
1407058386999549953
1401835942076428289
1401768503481352196
1401597201265135618
1401575279429029891
1410261594110672896
1409455275728375813
1401646605032464390
1409174560021389314
1409427399691931648
1409396165129428993
1403821106490974209
1400145354935443457
1407713801219215366
1403823839700717573
1407694779723485189
1401975547312361473
1401571799880638465
1401563360743862272
1409583514798858266
1401615381488406530
1409454091953135616
1409585554245636099
1407701642456309762
1409425616252899329
1401524281822138368
1401505703810973696
1401541533250248706
1408613369985310720
1407702168854052877
1407819761975808006
1401540738014384128
1407252232651878400
1401545262498263046
1401555933126402053
1409476732118310919
1401450948363440129
1401224782125862921
1409431556830248962
1400193152821219329
1409522863908982792
1409585647786938368
1401633009032470531
1409418072830709761
1409434711156482048
1400188349734866945
1401520647331852296
1409588276986454054
1409518338162761733
1409403601663971330
1401692758268600326
1408390497215860740
1408859162533060617
1401605295227518989
1409485810928340999
1401594102651756550
1409011965561872394
1406960025105539072
1403705055996481544
1401611287117930496
1410179018234765324
1409635333763858435
1401619739278032900
1401923633639985152
1401671245226258434
1401989709627375621
1401614352495616003
1399804877920944136
1403418741929545731
1401554945887948801
1409522476904812554
1409454353195360258
1409404271154638851
1403088469807800320
1408863494913601541
1409634117109489667
1407633884016164865
1409636013266259970
1407637074669408257
1401255107459694603
1409973528653406219
1401546191305953288
1401494214224060418
1401621336330588167
1409396035487686658
1401507050035859457
1401602962498146310
1401498028884770818
1401206165942460421
1401415622135795714
1401518289705132039
1407637376298635264
1401643656633884683
1407102092888641538
1409520816266661895
1409160571816222720
1401558236038316036
1401497499991433216
1409446734770618369
1400264738857271296
1401512760324890626
1405609388363091978
1409736501668331521
1401645580309368833
1402605040129515521
1401607086958682120
1401625075577720835
1401555115983740928
1409455955390119940
1401536143385055235
1401521175923245058
1401493141237215236
1409487871137005569
1409512347476054018
1409437127608311808
1409826772120649730
1407685216521576454
1400143708276903938
1401575885128486915
1407638280082964484
1401650737600516099
1400285849070284806
1401560759218454539
1409432890774069250
1409554835591073795
1409633558356905992
1401548217620238336
1401504345875795968
1401560849693745153
1409488468825284608
1401211758656827396
1401573184638533634
1401562297613574148
1409492097200177158
1401517011952443392
1409407872753192965
1403087244374773763
1402933423489044483
1402016561087627265
1401581613763399681
1409717714294353923
1408754732273917954
1401509179886649347
1409450695334535171
1401921614837649414
1409537307401674757
1407735766613176321
1401660091779239941
1400185971430285312
1406165099728060419
1406901956887592960
1409736556362059777
1401583722554695685
1407055842717966338
1401553334444699648
1401516446400892933
1402372934749016064
1401531441339670530
1409547042234540036
1410362406279303171
1401555365678964738
1401535199888936963
1401524292450406401
1410048028476588045
1409638361644503040
1409490859708628995
1409405595770396674
1409408462518370306
1401609480429838336
1401633216839233538
1410234260024406031
1409518647853342721
1401143965206953988
1401528231711363073
1400218543292129282
1401615686099742720
1401926232040693760
1401576554321297410
1401502506866331649
1409484854199304194
1404920302296047619
1409427268175372290
1407705621760196612
1401816049335603202
1407295886372311040
1407631346164539393
1409449780095459328
1402368734224916481
1401654990855344137
1409843459180072964
1401633587246604288
1401575687014785032
1409555868727848962
1401572392191807495
1401533074178035713
1409511035858567168
1405267946503512067
1401490298338000897
1405054161738252288
1401450363203510275
1409688494314692611
1407632969876094977
1409412097952280580
1401627033042575367
1407065332431400960
1401538721917325315
1403723986702381057
1401499181798379526
1409461859401482243
1409418635068719115
1401595049855565836
1409455798292516864
1408756000782536706
1401681031955156996
1408336384159535105
1406930595553452032
1409412596583833600
1409396095776612353
1403999159473016835
1401866033242255360
1409602007351107593
1401142895864844288
1404160815717130240
1401561446681657346
1401664441498976261
1409415574975877120
1409579302845304837
1409673516941668367
1407366784500518918
1401605972750127105
1401817912055414785
1401610914395267072
1407799023298387970
1409463477333336064
1409531970212843526
1407084895478894597
1404911434623066121
1402620768882675714
1409694652429606914
1400351856375828483
1401653580747218947
1402583228498731013
1407638594886438916
1401653947622998018
1401585481498959878
1401511974123577347
1401293708985868305
1408624866161565699
1400203074409582596
1401629741661229064
1409643710061580288
1409757644877934593
1401623032523804677
1409495304215408641
1402621617973432322
1407268889361256448
1401923468749377538
1406145701172715522
1400186465800228865
1401558393454829569
1401523486359707650
1401490736017707016
1401668206423646209
1401609445772255236
1406939627668312064
1401771175689211908
1401651471024889856
1408933402481467392
1406571820367724545
1401680197930340354
1401637010339676161
1401648472709861377
1401578582405697537
1409493927737057280
1408818576895709185
1401596527613812741
1406236946440069125
1401496132925235200
1408328447408156674
1405196899288850440
1410296960662245381
1410334016256069642
1401511875859333125
1406934914944192512
1401864631115735040
1401670530453979136
1401658255345172481
1409660192384376832
1409783096862445574
1409556557923299333
1403703571137413126
1401800132560044036
1400202552994680834
1409507702448050183
1401563873812135937
1401618099221274624
1403008059144871941
1409454688471244807
1401570067477901314
1400172272091009025
1401521829974614016
1401447337478791171
1401546002713264139
1406147356471574529
1404137268814692358
1401515059185172484
1409620719441309697
1409635838015672327
1401831558814765056
1401561034662547457
1409298587071221763
1401856665230757888
1409518078245883911
1401578071963148290
1410266468701380609
1409446976349954048
1401635666832805890
1401625090018656257
1409811642595041280
1401482050662764544
1399901211009110016
1409593317466296320
1401597893224583169
1401622199358955523
1401442493154181120
1409483679529848834
1409418017394462723
1401942779387916288
1409388462621462533
1409766080604741633
1403807420376391680
1401615065128869893
1409518585706422276
1404894874059644929
1401522520721969154
1401559404290482179
1401557820768653312
1409783756953694209
1409401746313650179
1401920357976662024
1401626436524445697
1401557123755036680
1400972249583304708
1401615148096397317
1409481950109241346
1401525771177541634
1401642308479688705
1401249790340616192
1407755602592423940
1401708261519216641
1404996282150789120
1401538509685641216
1401555581719257096
1410252389781811208
1401528815478874113
1408415749157363717
1405006182717300738
1409518517062410240
1407056900173271044
1401252234420174848
1401932138883211269
1400161353889894405
1409644173926408194
1401503121092878340
1406650249498738692
1401863843773661189
1401551640352727042
1400142981492060166
1406694722672943112
1401534123047591937
1401606870016659460
1401989875583356934
1409402224334323714
1401521430278311938
1401206256061358081
1401620955852595203
1401556613681537032
1409462205431623683
1409829064924352514
1401553350961860609
1401246216487378950
1409614602476916738
1409635949005266951
1401483295217623043
1409442546686779393
1401664431197728776
1401627446760312838
1403817819662344194
1409388861793476610
1401597290704510987
1407060741836922885
1401513687563837444
1408872971406647303
1401502781802958852
1401432367756107782
1406927908816498691
1409527849464348678
1401517617739964417
1401489705766694917
1409899593970638851
1409497615482372100
1409482994725830657
1401658352149700610
1401778970312556544
1402583543717502976
1401792186702864387
1401631780751425539
1407649982501490690
1409402196978962435
1409665017868210176
1408445075055595522
1409768363061043204
1401613857844514826
1406389937977577475
1402271750205980678
1401561090610413579
1401595631462981644
1409390915194658818
1409445574835904518
1402390685668548614
1403394279863721992
1402683961881550849
1401645126863228928
1402727299422867459
1409435081685585921
1401805656412282884
1401525206338965510
1409633670994956289
1402961395499536385
1401591208493948943
1408362655493070848
1407606023746097152
1401532939440111617
1409604429620383750
1405831331439861768
1410326996165480449
1409519011881177088
1401669205834014724
1401492755373821953
1402547213847367682
1401205969871413250
1409500048761704449
1401510770672820240
1401579485447823363
1401543137475112963
1401787396853805056
1403827748414660612
1409423984861618178
1409558627736854540
1401572265288945665
1407697447711875075
1406692154341310475
1403792122159960066
1401559593092894728
1409532431758245904
1410301308159025152
1409490702267002880
1400188391677906946
1401618805483315213
1400340369758433285
1401588792046276611
1401592389614161923
1401578307032846340
1408358513580154881
1401506353676435456
1401826910531883010
1407042376712036356
1401532675467382786
1401623150106918914
1409520214673342472
1401505166923288577
1409495304924241925
1401771812955070467
1409950255798525959
1408762582559776774
1408200645061103617
1399880494402183170
1408170778240106504
1407692629563805701
1401561005432487936
1403847430106488842
1401495589762781188
1409487987184967683
1404885364586827782
1409836328863383554
1409549556660985862
1401619669644201985
1401567962151145476
1405124681619935232
1405961389030756356
1409409766439411712
1401557865932988420
1409645943239049216
1401627904145043461
1404863700247457800
1401834677187530755
1401650469177528320
1401548807280680962
1401531394619289604
1401466743646789632
1401784629762347008
1401595680494440453
1409430733995888641
1401547555532595201
1401794638386716679
1407447864490565638
1409474969495613442
1407542326088585217
1409396660615237638
1406983642291843077
1409430344345047045
1401598318665515008
1401591798322155526
1401579185324298249
1401495613422845952
1408399567167627268
1401943653266886660
1409458935162146816
1409432772205289472
1400519698131951616
1401573882465767425
1409878882744950800
1407818563503767558
1401594557066776576
1401459112538411010
1410182080047337472
1401642971582414864
1403793130412032004
1409511570208591878
1409583005522272279
1409734287361024000
1401528054170726402
1402368726326972422
1401585282026295296
1401145896000274433
1409665405115781120
1401462830277201921
1409509636827320321
1403792363273834496
1401558954925297670
1401536670500020229
1401511338409615361
1401628454110515209
1409401663169994755
1401636421581082624
1401607313501392905
1409571925555306502
1408819906540453891
1404061695274799109
1402983414194524161
1409505937312948234
1409491121714208770
1409434334243835906
1401616540114509836
1408774593892978691
1399772474607345665
1409453974013501443
1409404572204945410
1409406355925000198
1401474366341255168
1401609669320318987
1401443942034464773
1409388760496852992
1409574806610235395
1409433130059059206
1401630069773287428
1409424436965556225
1407700819273736193
1401617455223652353
1403699369392676864
1409594697958543361
1401561818028462081
1401529832429719557
1402709492417114112
1409783415075901441
1409672933887275013
1407546004895899653
1409583207784140800
1401564966180864000
1401607384884199428
1401594129621078022
1408910154532372484
1401603232468815873
1401625790094135299
1401854831304794112
1401594728534118403
1401515169482739714
1401500528652267522
1409398021834657794
1409405780076470272
1406686730057621509
1404992422472466438
1400136873524203523
1409574151455711235
1405449702070497284
1409423870008991745
1401606414892769284
1401776089739972612
1409566418908090372
1401535279979171842
1403800216315310082
1409540629923782656
1409500956673331210
1401760346432487424
1401517320682577927
1401499088244383744
1401570176253022209
1401541281034215424
1402720881835716609
1409390345629097985
1407055989665415175
1409630346740523021
1401620072301486081
1409470058666020872
1409415990157381633
1406626853981413376
1401966984867323907
1401622389088296966
1403838241455980544
1409987182887120899
1401426375882514435
1409405125534310404
1407190146731159553
1403805745368473602
1407211083539099648
1406921070981038085
1401658265688285188
1409524720882573320
1401849513070022662
1401533461186367491
1401790151039332354
1409536149488558083
1402354532475191296
1404184151679451139
1401782144469549056
1410207925587558401
1401642647752691713
1409426316965855233
1409573917463826436
1401606787942465538
1407799953922134025
1409435592736313344
1401623334975119363
1409474811622051842
1409612130630963203
1401559757165674500
1401529603970174980
1409602137223581704
1407259193522937860
1401509547920003079
1402740227240828928
1401654944147644417
1401555772258111488
1409437661228580869
1401606819613712385
1402363153111990281
1401540421956800517
1401529129791627273
1409484568575492098
1403723492164616194
1401560518800838659
1409526694659203080
1400251952911597569
1401486439574081538
1409596420408201220
1406989417550655490
1409494684263718916
1409450756890112003
1409400674538987521
1409388741291040769
1409388895024857088
1409448769754701824
1400211447230222336
1408820527049940994
1407213372114935812
1401496742080700416
1409643193021341701
1405431135031681025
1400175109508407310
1402005197421953028
1407247731790340098
1409611970039455744
1406268763494879233
1403116282795397123
1404852697648578561
1409417579316363266
1401555249698164738
1409414295755046912
1401559397357260804
1407616326332526593
1409546472736108548
1409599788593684483
1408496202337984519
1401557765219364866
1403951056476909568
1405037798458105857
1409389669377318913
1406700630341734408
1409457579026169858
1401683907846750211
1404131538485264386
1400148614794690561
1404917588942114816
1410358920833609732
1401629271328792576
1409416718724874241
1401531164767236100
1401501752525037569
1401771693404794884
1409529559641436166
1409438166700941313
1401554481486180354
1401485570057150471
1409426909843312640
1405083100028284940
1401497422300434433
1409236190939783177
1402595231753814024
1400186952037670920
1409462496403103750
1403311918559997952
1401439225187295235
1409414764279836672
1409655690562396165
1407294484329775108
1401567704977379333
1403847138803585037
1401531479205756931
1408468375337058312
1401550304068476935
1401607474805891078
1403873963349004288
1401611996504727562
1401567154319855628
1401770608829026305
1401238043923726338
1409487531910078464
1401629664829919236
1401555554414346245
1402130065102671872
1409433342035038210
1401581612131926019
1407639622767808515
1401505724619018240
1407279280099319808
1401576051726245888
1401509371855659013
1401496271697940484
1401519111658684419
1409484917977890822
1407069567587864581
1403362022771789830
1403159031443767296
1406941056801837057
1409642654116184067
1403747366419767297
1409411637384257538
1401504426834153472
1406150896791310339
1400486760749187077
1409624078013517825
1409542748789673988
1409391057675198465
1409519170224545792
1409446796988985350
1401543497497329667
1409599974925647872
1401620361712656385
1401490455402008576
1404876060848754695
1401576439502225408
1406930874466246662
1401452935654084612
1401460199592976385
1401653068383633408
1401521460607393793
1401499527706812419
1404016861449183233
1401568880342994944
1409494552805838853
1409448486425317378
1401595666003116035
1401535424540053505
1404826059023990784
1401132253984473089
1401497374288187394
1401554451366748166
1401634016089067524
1401586416166096897
1400211031369076747
1408392588021977091
1409425654769201157
1409390199814111235
1405494960653324292
1403798260087677006
1401498902101123082
1405039696577695744
1401647583404175360
1401571557835685890
1401494276446556162
1407066918104752132
1401564453594931201
1409595588463693826
1409424450911670274
1401586822329798662
1409461293023698946
1401460176402751489
1401578763004133378
1409415983203340289
1400164357913382917
1407057720138735616
1401783765115060226
1401771305398059008
1401574168525672450
1409395004259418112
1409614910611468288
1401511052970504193
1401519356455100421
1401617060401188868
1408330529938841606
1408822870000680962
1408455246456705033
1401540168448892929
1409500411694833667
1401549656082026496
1409399930884665347
1401684589056344071
1407171214947270662
1407204906616999936
1401512087831158786
1400169554874093575
1401502243623481349
1402603797365542912
1408344874223648769
1408966077636349953
1401637129764093952
1401574717417459718
1401552923646173187
1401556447201214467
1409421891606126600
1406344757417332737
1409429292941930502
1408922928184442883
1409439145630568451
1409555901485289478
1408856204076531712
1400209657596198914
1404911660398092292
1401542039628619782
1409391659184541698
1407056043528667142
1400155012999831554
1409411974623019009
1407857810700910598
1404991617803689987
1403272900761866241
1400191538265722890
1399689861876043778
1401508134934491139
1409424623746392065
1400150801675427844
1401448979875905538
1410358272150933505
1409472142106845188
1403793898397487116
1401563042786254849
1401996846747238412
1401163148871229447
1405223812543795201
1407392461668900871
1401851022297997312
1401493342244978690
1401546472693374977
1409409349924143105
1401563897778380808
1401612944467709956
1401583015285952516
1403825268859473924
1407249315987341315
1409491741984559108
1409448021570592768
1401564556930002948
1401550368383832065
1409209484933840901
1404915326698020873
1401578772567052293
1400164926593798146
1403764874107314184
1409393785415557123
1401630569046347777
1401654658041626631
1406663102846885893
1401513306641285127
1409634083982872581
1409419721963933699
1402857367075700736
1400157014744088578
1409414420627955715
1407292739633430530
1409480060462157824
1401607154839195661
1401498024673746945
1400734048897601536
1409416662806368265
1401570958234816513
1401326928343220235
1410299645176303620
1401509183116263425
1408815003927449607
1401511136743337985
1401553069251436544
1401459883300605952
1409525131706257411
1401490938489446400
1401450898077982722
1409470424312860673
1409633854323789826
1407055368178573312
1409471191325290498
1401651840522108930
1409527042627022854
1407280193207734274
1402365746513076224
1401214203189465090
1409557411388706817
1409441864135102468
1401519594980978691
1409426575565676550
1401574241842171916
1400139054658764805
1401551427265347588
1401663034486046720
1407087592030547976
1409554621501169670
1409475473185427462
1409411568362737666
1409579854027231243
1408327268389298178
1410261920507117568
1401615628478337025
1409824454176165888
1401671712828268547
1409530491515162626
1409438318358667264
1404134613878984712
1403032398300844035
1402342534735597568
1401561502419722242
1401270206874505222
1401509670678941701
1404412804640251911
1409579991197798400
1401460540074086407
1401567110652964864
1403915309124358146
1401506793180782592
1409826760779202560
1401491840554221568
1400202110818467852
1401848133336940547
1406190216772194308
1401437499726217220
1400145059631316994
1409496528855744514
1401619754717171712
1401590782105210881
1401579751316283394
1403975509009219585
1403274549576224769
1400777726131322880
1403846718832132096
1407460969866051587
1401515121902604288
1409439010758578176
1401589014306693126
1403360611472396295
1404786919670681602
1407124184854052865
1403794042463289348
1405124858342690817
1409537597534265346
1403320431772377088
1407848111251275779
1401505023331291136
1401173532487340033
1409493041707208710
1401605407676809223
1401856546271862785
1401527343747850244
1409424544192991235
1401722709835452429
1408763908157054979
1401570509792419849
1404846849903693831
1401563362652270592
1401932137373257730
1407632968701693955
1407217420364812288
1401443533509234692
1409506565103788044
1409651726605459458
1409461238619414535
1409582504831426598
1401466186240610308
1403089545642586116
1401521688072921090
1409557513536692232
1401569391813201924
1409391698866737152
1409422379093217280
1402586859465740294
1401904738619248646
1401542893395976200
1400144177048981505
1401606546640060425
1409397205925089282
1405561510009704456
1409422529018671105
1409400992567865346
1406269831389790213
1407248898834448387
1401523255920545795
1401786305156206593
1401522103648653313
1402353629017804801
1409416787503075330
1401536814368821249
1406321622332628998
1401502638596931591
1401619453104820230
1401565844774268931
1401654841995403267
1408415330909798402
1409519376378781699
1407296367341424640
1403927101066125312
1404221202554568706
1401497200065122307
1400911522566750214
1401962308012843009
1401547961209864193
1408342298325393412
1401658203402866692
1403973518899953664
1401551318192381954
1409435538558533638
1401653412442382338
1409524822024019971
1409531713756205064
1409408368167501826
1401448404258115584
1409486021453139976
1401627475210346503
1401566404034416644
1409445320602357761
1409979336309018635
1401564961588011010
1401582865419284481
1401859711964700673
1401571683329314816
1401548494142427137
1401487194833960961
1409479521313693699
1406020829922705408
1401644433800630273
1401492348303970304
1405422190481317888
1401554332458356736
1401544922809909251
1406940665699778568
1401269613703348233
1401512597623607301
1401454141415772164
1401512170404433925
1401588889429712898
1401728688899641345
1401596003208286211
1401572733285244936
1408899316710883330
1401627757759639560
1401560484306993157
1409468152212332544
1409407190931283970
1403982689930203137
1401621839789559810
1409392690463117312
1409431535946764289
1401614785398153217
1409291741014994952
1409425181383315456
1403985293213159425
1407632880885436416
1401608608895414275
1401574400697278466
1401526596037709825
1401633634596147203
1401533256437321734
1407953058227752961
1401775323897815044
1409671864100614151
1408796258593120257
1401611107933081603
1407367503806926853
1401946770725277696
1405430583002603522
1407664897178189825
1401477036640772097
1401502335080321025
1401148543583326208
1400215285295091725
1401541883353092099
1401107840807362560
1402594271341973506
1407269508499320842
1406933324988362754
1407125691418689538
1401493272393027586
1405530534961311744
1401526509429530635
1410264667159683078
1409462488047968259
1409435756989407234
1401602031291412488
1405253032615481345
1401532026814140417
1401538479281033222
1402362983486050307
1409441431958269952
1401677716424990722
1404133218501029890
1401540411408228354
1401496363431612416
1409427572195274753
1401550001621377030
1403988972825624576
1401541066923331584
1401588389133045770
1409629805268570114
1401619202574802952
1409596114542682119
1409611275773136896
1400219242692288512
1402998825241907207
1401631371571965953
1401607410498912265
1400181682335059968
1401622644877844483
1409583243024732162
1400191332157726721
1409651212878712840
1409886024839409681
1403508209185443840
1402595930831044615
1409499552055443458
1402681271982116865
1401665584501243911
1409437616924155905
1401544840375062532
1401789387394912261
1401621170605248519
1401320467538092032
1409472198302183429
1402712143229820933
1401488457210413056
1401559368693387267
1407794173349089283
1407669489425076224
1401636507199455239
1409805734792073221
1401802093560832000
1401499869412573193
1401895097164259331
1409646604303290377
1402644802550874112
1401663362371657732
1401609848605888522
1401599818888253445
1401577712003829760
1401531415116845061
1401440124110581761
1401836071403589633
1401206548119105540
1401585764492886027
1409648727980056577
1409532016710885376
1409408768555765761
1401492966376620034
1404836349866348544
1401556063296577541
1403080774723817473
1406937965708791810
1401586811890290700
1409567296113217537
1408501733408612356
1409573224300658689
1409451552100782083
1401620345342382086
1401556167529218055
1401521520174899200
1400155026744545283
1409788563592564738
1401199819293704195
1401606875330879498
1405543383301562371
1405993128205688845
1401451122775236609
1406336069872898050
1401228840211566594
1401509831643697154
1409406609969893383
1408554742423470082
1406156394403872768
1406271516413673481
1403699994440372224
1409442984970625031
1408339385376989186
1401493055790850050
1409445552094384129
1402643337048477699
1402363205205336064
1401576663981383681
1409388685397839880
1407492686848868353
1409829165407391749
1408393100511305731
1401902370561400837
1401768793521655808
1401515925338300418
1401644071823740928
1409517053569077250
1401634291885428739
1401567177514405892
1408353771499962372
1401796092174405633
1407747549855948802
1409433448658485252
1403816843710771201
1409768606183964673
1409443642595581952
1409434087442501635
1400157598436020226
1407544522997964800
1404024010476773376
1401464196601163780
1409531397153464322
1408806366161117188
1401541635322822662
1404808353012981760
1401511175028985859
1409759898230050817
1401623975478939657
1401561805198139394
1408778273857867778
1407545775979180034
1401575002290405377
1408417535129755660
1409443398835134464
1399828532155633668
1401964881503559683
1409394420391239682
1401453768315711489
1401582120225619974
1401612754260201472
1401656279140032516
1401616717835608064
1401598395324768256
1401648646769291270
1410359038676815872
1409446949686816769
1409449909925916673
1401567655073665024
1401499221757513729
1409403278471860224
1408809252672712711
1400136104599330816
1406933724034371585
1401550780310642688
1402257443271413762
1404041410656063491
1409536872859242496
1401607816364822536
1409202617503322114
1401906203123458057
1409427307622719488
1401504491183149063
1409601354859941895
1409421547924865026
1401552307016327172
1409600122313453574
1401591914957357057
1401600005518118923
1401647702165819395
1401602405117083660
1409477237984923648
1409624868014870532
1410326422871326723
1409398613252378627
1401539862591946752
1407048546193391622
1407314570071379976
1403989047496876032
1401567274050502657
1401468681222295554
1409496062361063428
1407731432672407555
1402683872052232193
1402134819446964225
1403794819252731910
1402353989660852231
1409655043624628225
1405148731855577093
1401584993445584899
1403861225834942467
1401497446308618240
1410182485464526851
1409491674536026113
1409427388434427905
1405165783290892303
1404219582085316609
1407910983742509061
1409410222674808832
1405482793203912705
1401813471923167235
1401491422101053442
1403801794342440963
1401422609833775104
1409436090457591808
1401521690211979265
1401514504446525442
1409430786164547585
1401641330988695560
1407115713098268672
1403792425617874952
1401642123875819527
1409401899217006592
1402739967298842634
1400148139370221570
1409641306767302657
1401965471247831046
1401577555333894145
1401453130525687811
1401615732199280641
1401578996031229952
1401556784037482499
1401480743730270212
1401446218702766081
1409620562180182017
1400157274920914951
1409463600188698628
1401528362380804099
1409458616873140226
1401546631170953222
1409404426377388035
1401596798242902016
1409461565200420864
1409450291947315205
1409414650588958723
1409453796166713352
1401658259669405703
1401666940448428035
1401627896448524300
1401526604216647686
1407306934970105858
1403055248328040450
1401748022216859648
1408339407749406720
1409790885638836224
1409529316514439173
1401632128979419137
1401611171405303809
1409522400476139528
1401657360242839558
1401579527982268428
1401474926608105472
1409456413315842052
1409471282106843142
1401554716669190148
1409403323820691458
1401695469886128130
1406235587774926848
1401615869059297290
1401483668368003075
1401541922695569411
1401548658156392450
1401558339780329473
1401525956393766915
1402648298096312320
1409599999617474560
1401466922512830464
1399829399512440838
1409403848901410818
1405435571305132035
1409553459498602496
1401442202421714944
1401624189191299087
1409399352439808002
1405351705533898753
1409526647829717006
1401686859386867712
1401578282240331776
1401601038910734337
1409451563207299079
1409828233894264837
1407691024307208195
1409424419668307968
1409593307118903299
1401807863350181888
1401593039349596163
1401546438497144839
1401505806730809346
1409458244079304707
1401565348747436035
1401614279208583174
1409568019647447043
1404022784465018880
1401659259138543624
1401513896813514753
1401455061176311809
1401602674118774785
1408339690021785601
1407044707612598272
1401607447429718016
1401583372003127311
1401516374644699147
1409410696727629827
1401627856409710596
1401531999316217856
1401628271570206721
1401630996206964741
1409488563595534343
1404992896646975494
1401634558500556803
1404123225689313282
1401468062428172288
1401541886356168704
1409405290840313856
1401573271145959438
1409418449491828740
1404871649401397248
1401469565230583808
1403806940157857792
1410303530917826561
1409541031637491714
1410360763504644096
1409424078545489921
1401868393607802880
1401571805526122499
1409440726430126080
1401584827351158785
1407037328909013001
1409588285286928388
1409521692309921800
1401453659796520961
1399645003576664070
1403090075680976911
1409409190863507458
1401858712583688192
1407041532696354817
1401580142846255110
1401657571757465604
1409813993955463169
1409460005741400066
1409417929981153282
1406324946066886659
1408544854158811154
1407063149849817095
1401555062590214150
1401627367613812736
1401506038596222983
1401472864885395456
1409486296477802498
1407692303955857413
1410338628958629889
1409421891513761798
1409487518152728577
1409584966363619330
1401574231004098565
1404374607717711874
1408152109632176132
1401454383238426626
1401529389150617613
1401505455394918406
1409443951061438468
1409437907547574272
1402971757041098755
1401546554763264004
1409477223267045377
1410344748674658309
1401923211298758666
1407048606239105024
1399797589428559878
1401479390421258241
1409454129689280515
1401548430669922309
1401598322629124105
1409396033667350532
1401542172004995082
1401514696004583427
1401577782396784642
1409426628502069254
1401527140106055691
1402723868209471489
1410355286515367943
1409388338814062596
1401564204956622851
1407938039364599808
1401543948338933761
1401498487368392705
1401494800365408257
1401264785036132354
1401558223887470592
1400185330117062660
1401591590573981703
1409433163106078724
1409481145180434433
1403095777732399106
1401642229417062400
1409609881506697216
1401617955922792453
1407067360616497159
1405083954357616643
1409516768419254280
1400154885094510593
1409429301041246210
1406950034004971521
1406681212278689793
1409418576440836100
1401534505043779587
1401492929638764546
1401586604196651010
1401561983720243207
1408553723845042179
1401584876055367689
1409448671863840769
1401610059981918217
1401492851373088774
1403226402611204096
1406978679691952136
1401605069506859009
1404797322521939976
1402994268122189832
1407644446573875202
1401502424792285188
1403830067441119236
1407630781925703682
1407082403282235398
1401522074288541697
1400139364596961281
1401540430223843338
1401672081016766465
1409448938755796992
1409577385704501257
1409402547845074945
1409473226762227714
1409577524733136898
1409541198793121798
1401539869042745344
1409449601099304961
1409851340453552133
1401805113069551619
1401579415029653509
1403793120723099650
1401628594288406532
1409410294883962881
1401580669860462597
1409388551872077825
1409423495377915906
1409636849589514244
1401154350295179265
1401506906510929921
1399761487909036041
1401641736481484808
1407208548673765378
