1367500789317586946
1367156054170157056
1368952943320440835
1376540472542257153
1367476209303576577
1366844889938489350
1374289651805134848
1366786402525077511
1366377718569447424
1366953321035096066
1369001027769409540
1367099450703941635
1376715991825137664
1373417446762242062
1366715989451243522
1375019132786249732
1368993644737400835
1367064270001889281
1367465021459030020
1373633391246114817
1369949349187321863
1366856347678085121
1366816639384174594
1366765359789965312
1367203038516117506
1366819362972307458
1366779327468175363
1368195521232465921
1367449889043603459
1366717996866093058
1374377615885180941
1373520922456522753
1367184579447185408
1369048829073502217
1366887694253633537
1366818699286618117
1366819101004464129
1366781903202709505
1366914395230593024
1366662126031486979
1367052551481360391
1376649128847962112
1366815883042172931
1366845826052616203
1367141129431449602
1366846990273904642
1367459376018169856
1375424078316732417
1366967927027757065
1366461761541578755
1366778512443637762
1368626767259394050
1374291973184622595
1370970348322177028
1366737313619927043
1367153308805251081
1367061377035210759
1366848583484510211
1367450018534346752
1366782735403147264
1369287237951700992
1366467205727203341
1368646473588543497
1374281079172034560
1374416994053713926
1369106648627810307
1366729199420116992
1368660999935557633
1373358349996208137
1366738927462268933
1372913673170210818
1366881528152793088
1374004665604530181
1368659107373318150
1367150276117893123
1366902150136291328
1366782787299205123
1366818105264078848
1366725505081356295
1370283185246994433
1366415111032823811
1368612892933824513
1368463292809773059
1367855428126846976
1367040222618415117
1367020682559840262
1367883096402452481
1371898644832653318
1366581354633310210
1375232186182418440
1370457008709763074
1376534656603013120
1366725252340998146
1367563684323745799
1367148344980733954
1367243521158094851
1368638916954365956
1368620525812129792
1366788366273044485
1373644043461275648
1366376529937260547
1371941786877313025
1367866265050681344
1375517801545359363
1367433449443905536
1366858854642966530
1369028766605971458
1366858255234969601
1366850116523548675
1368194932251459588
1366819043039203331
1376718338915766281
1373703513159704579
1366756795167965185
1368635705530978306
1366844486253498372
1368994396507627522
1366760276813631495
1367459207931432960
1367133273017573378
1367085211318693888
1366391380465971203
1375225949453701122
1366780691665534977
1366919975873691648
1367438881566638080
1375515156952739841
1366741867321245696
1373652679919079426
1366736276758683649
1367600525840183296
1366522789759434753
1367122259563929604
1372219261096181762
1368594977509552133
1366991486995357697
1367036033653760000
1366379907165659144
1367359693115559937
1366809990086987777
1366645788407975937
1367158901309898757
1374443123967881216
1367075892435025920
1366397268765642752
1368305500031508481
1367603129697632259
1369803468790194177
1368929910899806208
1368686724973494274
1366802567624355842
1375012622333059076
1368662560283721731
1371902781888532481
1367517916778926080
1373330873572024325
1368684498775400450
1368193519450480643
1368641948282683397
1367017752318328832
1367189927109271554
1366811125816455168
1373650800745021445
1366853376827412489
1373896727212691457
1367479932734083083
1366875458692931588
1373649269392080897
1366887476300759040
1366823110872363012
1373348643391029256
1366783665968205828
1366905387455287297
1366762273595920387
1366670459295715333
1368840288148553730
1366849601035190280
1367537496238735363
1375052654389395460
1372457582015692801
1366666723638845441
1368645575651033092
1367409128784691203
1366858315704197120
1377398343194664960
1367183020915101698
1376665546155036677
1373617302571249665
1376643197556948997
1367126749184729088
1367043951488880642
1366927262684176384
1366439494463987719
1366852875977170951
1371204178291388424
1367607888781467650
1374317183946399744
1366753318245138432
1366720252579618816
1366191151221506049
1374394850833920010
1368683703480778759
1372622559758323712
1367263574670925826
1371427308335108100
1367858341402320902
1366860147893678084
1366793012584538130
1375082200899674115
1371152609009078280
1366861451143639043
1367390081351356422
1366849943395270661
1366843077126742020
1366790798411501574
1366506845360320517
1366758737365635072
1366825175849836550
1368635955972804609
1375997280352792576
1377408669642498049
1373632831197433857
1368815710760239107
1374951514024910849
1372203546125463555
1366853576941834243
1367056296059559937
1371133742635442180
1377385666309316610
1366857161108774915
1367093383198605314
1367429450896449539
1366912359239974913
1368880345890889731
1367603865181446145
1366727178487029764
1366796129757708293
1367126831468597249
1371693309366833152
1366788114140844037
1372325821667545091
1367244795064717320
1366796785159667716
1375777355592007680
1366745489492836352
1367239697915924483
1374970729607888896
1368522403123494917
1366993994614509572
1366825487557885953
1367068070708195331
1367424671990353924
1367099516667777028
1367046742810755074
1367464391554252808
1366852070654025729
1376476486656524290
1367197796508565504
1368159321184493572
1367374161996349440
1373394199723270148
1367198969668001798
1377391322814877702
1367693400477233152
1366388044207636486
1374290193092653058
1367136681900597250
1366863235702521857
1367240238423298054
1368601872848859137
1366868424304046089
1375218593202323464
1366867907498622978
1366605268809895940
1367969611166138373
1366774136815710212
1367848970454769677
1366799550904737794
1373364339319697415
1367574800101695500
1366754123773788167
1367053538275254272
1367939084967157767
1374785826538815499
1367432763566157825
1366876512901808136
1374290632370495489
1367023910097682434
1366835203436642307
1366406087755374610
1367158188446003201
1366776625459851267
1366733808112979969
1367625541872873473
1367222668043378688
1374102582550007809
1368837777085890563
1370305679576170501
1367939921030316036
1373411955663310849
1368646593059119107
1367145268328734723
1372896164027236354
1370807354707562497
1373615959714435074
1368193936142065664
1367115344708526087
1367565791395201026
1367411730549256196
1367127393698279427
1373690117160898564
1366856056287207428
1368705799606972418
1366849488896278528
1366796327586299911
1368952122058883074
1371131534384726017
1366983715226857474
1368132777787424768
1369449457285177344
1368448787132391424
1366854312664715267
1366824855132332034
1367036090696220676
1366861674028933125
1366861725832785920
1366455827792560131
1367446288397185031
1367217377096716291
1366833037309280260
1366834009855168514
1368621982095470593
1366790912093937673
1374293689934184451
1368712029255708672
1366670606305878019
1374426183043977232
1367033180398772224
1366716113095188483
1367153504603824129
1373735576092966912
1367938539418247170
1366380007640203268
1376693025007665154
1375033270346391553
1366464595033022471
1368637929267081221
1376696211755970563
1366717058810056707
1370862654840000522
1366857338989268992
1371862311615533063
1367499036589256708
1367129876155797505
1367510364007657475
1367140789831299079
1366769678190841865
1376662058717044742
1368957016304214018
1371177750309011459
1368309002577281024
1366878777465307137
1366751891397480448
1377335360913465344
1375202279083671556
1374280600400637955
1366959175687954434
1366826652756570116
1367059408669323267
1366373548579844097
1366310249414672387
1367339799712006146
1376648365577011205
1369002816233209860
1368812427144531968
1367448254879793152
1367338900608417792
1367096223732228099
1366777113718718467
1366838783350562818
1368711242932752386
1373353274699571203
1366549869607981056
1366868678977929218
1366737532252258307
1367435833159143424
1371631171038289924
1367385758869434368
1368600139963772937
1366852713242312708
1366750755235979264
1367077819847749635
1367551600353566725
1369278664563699714
1366875336496074756
1367015520822718467
1372635092766580737
1366838841777217541
1368078180712652804
1366455731050991621
1366789477922988034
1373641850532290563
1367860557261529097
1366826289076781058
1367974332425777152
1366912193627889671
1366772331947950082
1368113449323085825
1376664642081132547
1367075201993879554
1366821795605708811
1367876346161078275
1366995308010491904
1374729500420886529
1366624789557874689
1375948046366863367
1366803712463806469
1366782895172571141
1366906155990216707
1370721196757635074
1366772354890817536
1367850378910400512
1368305290677006338
1366887193835409413
1367142364117151746
1366863649990729730
1366858471304552448
1366847918976729090
1367208981190574087
1367536381904498689
1367470235654230016
1366886971075887112
1367867914389512194
1367444684927295488
1370054931722428418
1366804459343478785
1366779161994526726
1367039772020133890
1368598454893568004
1367591312887713793
1366730085399683073
1366886652547903494
1366865619837050883
1366780354254823424
1368603167882178563
1366913861295755264
1368190317053292551
1366853960443842564
1366820834409603072
1374334984585150467
1367744782978670593
1367494450654625801
1367152972367601668
1367441231568138242
1367074961274372096
1367060007016161289
1366881630372134919
1366815337975529472
1366439154620321797
1366845451509657600
1367448288589467652
1374294604179238915
1372559191475376129
1366380188980957185
1367374644202848257
1367748955711406082
1366437544821465089
1372596424089739266
1373917649592258560
1366833035325415425
1367073472497790976
1374308536126205952
1366868792073211904
1375031470914420737
1371207646355816455
1366786010022092810
1367449224435089409
1366727474248372226
1367248610207801346
1366717888850259970
1367358965655478273
1368503095601344514
1367385170182090753
1367089373829857287
1366715125932163074
1367073068951220229
1369282904203878400
1367347090788122628
1372185322625323012
1368710448477069320
1372454607478198272
1367029081057951744
1374053375021621251
1366406773427621889
1374298134428463106
1373185639701745667
1371224034248040450
1366996853401784324
1366387949881995265
1366580823999320064
1366972721716936705
1377168170801229828
1366992805512495104
1368825333835825152
1366782215179411459
1367116145581584386
1371134287458795520
1372195800672038914
1366903035453186057
1368094463395041284
1367951242559885329
1368635281453285377
1368265689358888964
1367471001320251396
1367493914274508811
1373606234289537029
1371131058071175169
1366850785292800002
1366766016802545665
1372587410035507202
1366670522944225281
1369067963911913472
1367441125955555330
1366860087923519495
1366830176190005248
1367460211338919937
1367130074974216203
1368552641916264449
1376473453918830592
1367851408414961668
1371131733488336899
1366437907595223053
1367033357775876096
1367053972859736064
1367538449063018505
1371198738312609796
1366453694468915202
1374395844846182401
1367881886777884685
1367109066854707202
1366819645030879234
1374187834962280455
1376109588647456768
1366737977632645129
1373588102686638083
1366810555680493570
1371380056526835712
1366532079865987076
1366801514988208138
1373567288729821187
1368690511263973377
1366788901818490888
1366864885406191622
1371140817327374336
1367442109029040128
1366776472246091776
1367446076148637706
1367430189781823490
1371156173639012362
1368634062672441348
1367207104688381960
1366859138534428677
1367000334854459392
1370147351671803910
1366887418578800640
1367218657823195141
1367127576330788864
1371830001776070657
1367211786022379524
1368607465668046851
1367432207447580672
1367119411098886145
1368610709202944009
1367075035916210179
1367617582476521475
1367147933393694723
1367169496750960643
1366801172435247109
1366519460052553728
1367058331542642688
1366817790582218752
1367850419670687754
1367444000853155841
1366747359804284929
1366512675384082435
1367431262412156929
1367447851584933890
1367857501232848900
1374300954921725952
1368503681969233920
1373405064438673410
1371138135279726605
1367976288036794370
1366811215880716291
1371420833122545666
1373604364137467905
1367074670378377217
1367151555531653120
1367893028606799877
1367049438896783365
1371151693090598916
1367069594326880257
1367165749563973640
1366792012167581697
1373365979464470530
1367156448074092545
1374997489267408898
1366990881786585089
1367165314404909062
1367499829946032138
1366777578711887881
1366669532920754177
1367567337029840897
1373628867697577984
1366868225095565320
1366824169359482884
1366382948312842240
1375051185779007490
1367074728310157313
1366830130979631104
1366852200060829696
1373358700723892231
1373680180347158539
1370312462264901632
1367468469134974982
1368124361115308033
1367972355570610176
1373603694953041921
1367074238243491841
1367245890881085441
1374337776695541762
1366788969434857482
1366911114454462466
1366789015303843841
1373494349984583682
1371146209126199298
1366789703249313793
1366791233507651590
1375579574721990656
1368578078860001281
1366817838695079944
1367042160244195330
1373691126448799748
1367864767268937728
1366720497761845249
1366867550773125121
1367836175092899841
1367143788230107145
1374012833202118661
1367692457694072840
1368151895739613186
1367141265998032900
1373435692949204994
1366899925167005696
1367075810436403202
1366851801203490816
1366767896723140608
1366870836553089025
1367851972863397894
1366876377526460419
1368917439828922372
1368833673697583104
1366880081570856962
1367374878589022214
1367144636003856387
1366766312865808386
1367853941078319104
1366979811621695493
1368993993674080259
1376743813478240256
1367409874280329217
1366993245767675906
1366792819910860808
1366868451806035973
1367219277615554560
1367135165697376258
1366414898855608323
1366826155425292288
1368207595132121089
1367116796738871300
1366831873163411462
1366780330712190982
1366455260965990400
1374302186683912198
1373761226505871360
1372880548797030404
1367858695846125569
1367177960772562946
1368540764058382338
1366579881585369089
1367552240437899269
1366735926114811904
1367027352694370304
1374997642929963009
1373619619349532672
1368140785196167168
1367116731660070913
1368609744039124992
1374310678027239428
1368653591628689411
1366769631818620934
1375582289590095872
1367116635816001540
1374302488984178688
1366770013508673536
1366812200850108419
1367455678089072644
1366905697141678088
1366523505215496200
1367722102678257665
1374370553260302338
1368639091907125252
1367436186801885188
1366392615084646404
1366790234910949380
1366837709159989249
1372192885232312327
1367098732299374594
1366373904038641667
1374279941618032640
1373379581156163584
1366787365692444676
1369000646855323649
1370370547150958592
1367430032382124033
1367268787553243144
1367085048046960640
1374106065147723784
1368692400017801224
1368831924177952769
1366794631841734656
1366765357009149953
1368638507191853062
1367207284791775239
1373713770296512513
1366729648206405632
1368600335523143683
1367769060222644224
1368137036734083073
1367038729576144898
1366799000695889933
1371379205401890819
1372622792257114115
1366888789659037698
1366839644730580995
1366759249892630531
1367936888850485256
1368700477664329730
1366828193987108868
1367935538225905664
1372463058791100416
1367445136410607616
1367474294213799936
1366780205247975427
1366774732570427395
1367144710196899845
1366711459481272321
1366777034773573632
1371202743579373568
1367209280726827010
1367865656037761027
1366853123319488513
1368871674876227586
1368653465287802881
1366870835345190912
1367207411405234184
1371201071243202572
1371170027660017664
1366864375651446795
1366780849321095174
1376883647337402375
1366522521324056583
1371137362047164422
1367081933394608131
1366862725968764931
1367037502637416448
1367344984425455618
1376715050300416000
1367000235277484032
1366847601228845060
1366833490235392006
1366906321933639680
1366875449624842243
1366858902428598274
1366760815773245445
1374291832214056963
1372344674741014528
1366856192983789573
1367230078107713542
1367017665508892674
1376906778840080390
1366825987653177356
1368682103894867972
1372479447916494850
1368870909990363138
1370432760024866820
1368402932085964801
1366756752142831619
1376562397171875840
1366819346283134979
1368727905233231878
1366733576474144771
1366968386589253642
1374400130455986184
1369361010688155649
1367032578729910285
1372531813923622916
1367374941700653057
1367146333954596865
1367056077292994561
1373347353789366275
1366888155136278528
1367863606252077057
1370340575992545286
1366762438478204937
1366536717600251904
1366888684054839301
1367132528524591110
1367993354252914689
1367581366091722757
1367081872778485762
1368949970485788679
1376529091646656513
1368644350993981440
1367047982617669634
1367937376060903429
1367495680277835787
1373556848465444865
1368563711661793281
1373679499909402630
1366622697711689729
1367440984989171717
1366794392057561094
1376393076562886656
1367163203495596036
1373355361684574215
1371207380717932545
1371525368654524417
1370347948161298434
1366847908998488067
1367088666221432836
1366786883188056065
1366850931179085844
1367769707252703233
1366765103232806915
1366823669901713411
1376790956234653696
1376183452794490883
1374087901026390022
1366790222986567684
1366409550782431234
1366387043895508993
1370393356543664130
1367055094143979526
1366716872033501184
1366775244388782084
1368691538130264067
1367571916572262400
1366405812189601796
1367121279158001669
1374064496088596481
1367375551611166721
1367141580520488964
1367078063637413895
1375038724027912194
1375164164658827271
1366718167435927554
1366826967694245892
1372335031327281156
1366747441429643269
1366668623264288770
1374308777864880131
1367057875621851136
1366986857372934145
1371236346124206083
1366774170147815428
1366821330490953730
1367433253070766086
1373814749109092353
1371135578473910273
1367408780942725130
1374323695657881604
1366850361118650368
1367180714471489537
1373707157099675650
1366750139973570560
1367367035609636873
1366841806583980040
1366838921397751813
1371133338765910017
1366822554476941312
1375275130268581891
1371208566409998340
1367000668289064961
1367019412507799554
1367623811030536195
1373413378920697860
1366906991118061575
1366798413426270208
1372743080760258562
1366860814624452610
1366760098454978565
1368871961837920266
1366828269169950725
1366827610014121985
1366458834731073541
1366994218955255819
1368965538882465793
1375241844112625671
1366781274623467521
1366906596119502853
1372870434354515970
1367148006982713351
1367506060941156355
1367450419044225024
1375012365343862789
1367162541953191938
1367120273833684997
1369021233753452552
1367579661664927748
1367013412723716096
1371696793436700674
1370216945220468738
1376506338675675139
1376899660384731137
1374280235705847810
1368935450258403333
1373776220102524929
1370308188755623941
1367115517815902208
1367077486757105672
1371135391655473163
1368136157247193091
1367784228834906113
1375555604350181381
1374502683638259717
1367429444915363840
1373771913051398146
1371139106038816772
1366843347923533826
1371177912834129921
1366853131078926337
1367001642604847106
1366876330869063680
1366842467492986887
1366762691050807302
1367937413121736707
1368281413334761472
1366522376364707842
1367849863329837058
1366908035340374017
1368632523442503687
1366576037891629057
1368649851873992708
1369210344841875457
1373641575973195782
1371468876169547786
1374394884065431566
1371445448209276929
1367719412036476930
1368604013344784385
1366860630435717124
1366828644446973955
1366467620879400964
1366656396490641408
1371155786181832710
1366754733843693568
1367537549569363971
1366775280136826882
1375963326237270016
1366789453734412290
1367221655169363971
1371162403325493249
1367372148407435268
1366802019458113536
1366796489469681666
1366761072628293635
1376717770285584384
1366762495608836099
1375864578773553153
1366730635038117888
1374651850448908288
1367899325230178307
1373620816336785418
1366480809893502976
1368874255685935110
1376820371329060864
1367094224651497474
1372204041862848514
1374280679484223491
1373560299450683393
1373607550323687426
1372220322469007361
1373619997554176007
1366893601842737152
1366778018572759044
1371224672780619778
1369004594408394760
1375084036226494473
1374745197922385932
1366760819896311818
1367538268867334145
1373579532339449858
1373745620662550533
1368154916129280003
1366775527579738122
1366901670316281858
1371230053523132418
1367857226837336083
1370354678119211014
1368593161845575683
1376643691000049675
1368676107105472516
1368610308772614147
1366814164694552579
1367038425694625795
1366780641266835460
1373566461931847680
1367172126655021057
1368629610582335492
1368152020067172352
1373928928100945923
1366786563607326721
1374626959976697858
1368691768095633416
1372884680232538116
1366719134998888448
1368657171869798401
1368936246421159938
1372123738985091075
1367408414167564288
1366553375710601218
1367497735860072448
1367444990880862211
1367145726124437512
1366865891514863619
1366780548866310147
1368618724404699136
1367204109175173122
1367495680588152836
1366801419492339717
1367296900605620225
1371146724358688778
1367179140810616832
1366769421478486018
1372240076059578369
1367270643658600449
1366831791269687298
1371443797343670283
1367041793028739072
1367049286865866753
1368265841154924545
1372584264122896389
1366380026376171520
1368682842218201090
1366935284944830465
1366793800144867339
1367224957466513414
1366791079119486978
1368150578925363201
1366835456000802818
1368874972186296322
1373985635585953800
1366777229141762052
1367416286557396992
1368350958263148545
1374299844576169984
1368620987718176769
1366803258510102535
1374953181231394818
1372512841685729289
1366994328279801857
1367218722197417987
1366387333155745792
1367213673547194368
1373616852660854786
1374407415798493192
1367034022208102401
1366761211749142531
1368598981509591046
1367030582329430017
1366721778651959296
1366771627036401664
1367494817337466884
1366789377637175304
1368612491585011712
1366725267260137473
1367267749890777088
1374335028646281216
1373347044690120704
1366787818379481090
1366757505829924868
1367231424596758529
1366853960045371405
1366849481807958020
1367850943769903117
1372633456296013825
1370555359987965954
1376692124838678529
1375101543855308818
1366834658231668739
1366829702288138240
1366760134765117447
1372092170673528832
1367114020986175492
1366765558239285261
1367462858955530244
1366825430959939591
1367850718330294277
1366847407833702403
1367063179675721735
1366809698603851777
1373952104734294020
1373929268057620483
1372442014579580928
1367168205387665411
1367057835650134018
1366895654010773511
1366828708196188160
1366781725293113349
1374301383457902597
1371154006454730752
1367593873699135490
1374082265366597643
1366833399785226241
1367116485831852042
1367017795742019592
1367119052888543232
1366858690545012738
1367037700495339521
1373605219381219331
1375051453665054728
1373680641687089164
1366761840294973440
1367154017898549250
1367892265130201089
1366863356729163776
1366796509312876549
1367189417853669381
1372617600413401099
1367118760814006273
1376706748719976452
1375229058779340804
1366844842282745858
1375213259100405761
1377211242813739008
1366799342011637773
1373603805611327490
1367875874180239364
1377127388685869058
1367942386631012357
1371134562005303301
1373730465786519555
1366892100273471492
1366207460978151424
1369011206405693442
1368400299195523074
1367851420758720514
1368618032633896967
1367082295790874625
1367586719516815366
1366671035991474180
1373766695328870401
1374419596808134661
1375982358164353027
1367050890146959365
1366879801504587779
1367442437212356610
1371191476386942982
1367300093368545283
1367051933131890688
1377124875752513541
1366766040500289536
1368871168959258629
1367167748523048968
1366768048762454018
1368189242199965700
1366858603894865933
1366781189198069767
1374281767369248768
1367853537149980679
1373050109731168256
1369368227827118081
1366773314715332609
1366781806771642372
1366373805581606919
1370029616644063242
1366984554117033984
1366574757769076742
1368939824300883977
1369113430033063938
1367325733866123264
1376259974591094795
1367075889473798148
1367513264557617156
1369021638214291456
1367434018912927749
1366762671580864517
1368207298175307777
1366800662638567431
1374722807268044809
1374478286722539522
1369692566317318149
1366811984029696001
1367134278778310660
1369070382666440707
1367506698450178050
1373999925797720073
1367084792924225537
1366854000100970496
1366792608488513542
1367852912504954880
1366888446116179977
1373537403768557571
1367044051011330048
1368594432736559106
1367206060147236868
1373770338102808578
1366845370563756037
1366729740854435842
1366791087797469186
1376482764011225091
1366792463642468353
1366819971909578752
1367191540905504769
1366779275421097988
1368218806397497344
1373907816826691585
1366522275558785030
1367140537434857473
1367052170655334401
1367430451871236099
1366778179826950144
1367149020934787076
1367110891884474375
1371135473226223623
1366919324716437509
1368993570561081345
1367599708194172928
1367462940601966594
1367234773819752449
1366998933009027073
1366880200336801793
1366853135747194883
1367150797449011207
1366726014328573955
1371084551678738437
1366752503166103552
1369653348987777025
1366725728226729984
1366677783770972161
1367534821208186883
1366852808490819593
1367201572535549954
1367072271647571971
1370120312877158400
1367020536375697408
1366752105176981511
1366767396493676549
1368954424933093380
1367056268175806464
1367187382932541440
1367065780324622339
1371369594636677120
1372573659022426117
1368237348945805312
1367041945722363905
1366552463738814466
1366514203125817354
1367469023156445184
1367035682364010496
1376512698456899588
1366810428907671556
1372145025803558914
1366744104906940417
1374051989991137288
1366811187485278210
1366585372860416001
1366672249529499651
1374291829718454272
1366726676986667008
1373980730297044995
1366873371959517189
1367089295278960645
1366826086110289923
1374059977321631745
1366389370538835972
1366782190005194759
1366520963609821188
1375216784232620034
1367355572253769728
1366666057562390528
1370452393230483465
1369028841050607616
1367450120795656194
1367091270737420293
1371303993864028160
1366836918177193984
1367010604611960833
1366743223201390594
1366895767844192256
1367190234644033538
1366839721700302857
1374994123204259840
1373604126551052290
1366756588279709698
1366668816101609472
1370756377816264719
1366776927810371590
1366527630477000705
1366858719661879297
1366842933849300998
1372437171609686019
1366732916991135744
1374404771432439813
1367071857367789570
1367000418740502529
1375947668904640514
1371159882448179202
1367580851089907713
1373558066675875841
1366785520903323649
1367397812024008704
1366389061519368196
1366844831608299522
1366757304276770819
1367138752234160129
1366857360069845003
1366853246283878403
1368710079344750593
1367301658007515137
1373091997641277443
1366753545140269056
1369024237709692932
1366883846239768577
1373373891708588033
1366857159036858374
1366766593150181377
1368630700908380163
1370310897357426694
1366806547045744648
1366439551691014146
1372435109543051265
1372238281140797450
1367392268072665089
1366798271226740740
1367891645858017287
1371219520107507713
1374101577288581133
1371219201449463813
1366771331421908997
1367180252800294914
1367832936880422916
1373603921906839552
1367187030300643328
1368198504129118212
1372698908053360643
1366837871961911300
1366880885346287627
1367896542024265733
1368681089322135554
1375591777856540673
1374283156602425345
1367279801522880514
1368301601040007168
1366758139396304898
1366777311270469635
1366767349244850176
1368916939507179525
1373908770242371584
1373356482415190016
1370116078123298822
1368181726137188359
1368962908009488388
1366853106106068996
1373546745452449793
1373606406503415811
1368604317767307267
1366793359491272711
1366773633234989056
1368939583744925698
1366788789725786114
1366392955762864130
1371152271019548674
1375901485960155143
1374398320508997632
1367481766219571204
1366637187261947905
1367228964624887808
1366777649813721088
1373611925368606721
1368124197508177924
1368625803882344450
1367080833505521669
1373566263147036675
1373369828032049154
1373617794269511684
1367854150286008321
1368997004488146948
1366740810293800963
1377058210419466244
1366881633664696320
1368718309479374852
1366825870292373506
1366818998948618243
1367066501723865091
1368192932843581443
1366817924149891079
1371431444128600065
1366733709962055684
1366773351948169228
1366862530719723521
1368106360764854273
1366385837026512901
1372933773524922371
1366841646911008773
1374326456222879746
1366825825954369536
1372898366099759108
1366853094869499905
1366863166945263623
1366849886067560450
1366954411877142532
1373900388227809280
1375840709572448260
1366893224728670211
1374396978742759435
1367533143083909120
1366717039977656322
1368602605392388096
1367255086540423169
1366726315517313028
1367477857014923264
1366819533017788422
1366868895555018752
1375864745807388672
1371259087883796481
1366789729040105481
1373641472046682116
1373729123818991626
1367263955706671104
1368505348282322944
1366831997545553924
1367868195848261639
1366779814326259713
1371437787635978243
1368600302740512770
1367502921001230342
1372227212565446658
1369949986734149634
1367499684642717696
1367147074379218948
1366661759570968587
1368594097200640007
1374394794118508546
1367081004557623296
1367243526635806724
1367250268497272833
1366724509261303818
1367126487518875653
1368961725119205385
1366779635174957057
1366457144086732800
1367919720717025283
1368838601497280516
1377395053711134722
1367028090224918528
1366743798353694722
1373646145994510336
1366785313557925892
1366735773224083457
1375433006836514823
1373630349671038980
1371200669374427137
1366953738095779842
1366790165151236102
1368693171710988288
1366895278708637696
1374394677575569416
1366422741432336385
1368935587437293568
1366787298151591937
1366821189402976259
1368989454191460356
1366761133747625984
1366663632361291776
1367510019269361664
1374103655931129863
1367787876201750529
1367058803536101382
1371378267593314306
1370441197504827395
1368622800844566528
1372551099039768579
1373613418981294080
1374398617486692354
1373604156083167235
1366966310626873348
1373251819988779008
1374468850817757190
1366823198264864782
1366750370282758147
1367915070144053258
1367849888327868419
1366667414931406849
1376642296700051456
1371532010964025347
1366785809786015745
1367469454351872001
1367219027878301696
1367022420394209280
1370183297855283201
1367526143629393923
1366775862083862529
1366841018763669505
1376253232285122560
1371143522175348744
1367460876320710656
1366756256250294277
1370297900287332352
1377385595941613577
1372927864694267914
1366790445783785476
1368608065751289858
1368609557753323520
1374365691583754245
1367262107583066114
1371160700492644359
1366778193328406532
1366769871653068805
1366380229116235783
1366819469578948610
1369011167193088002
1373630272818794501
1368157028548542467
1367560132591239176
1371752171205722117
1366781436326477840
1377049604211027969
1366831927978848258
1367399876510830594
1367206426041581568
1366899798113210370
1367326557790994432
1366409381236125701
1368872351618764802
1375361805254529024
1367110339020611590
1367428632470319111
1367805492848951297
1366857280709406721
1366798669450776580
1366392912993525761
1371133948391198724
1366869114392879115
1367084075169812486
1375194363748347904
1368935854497034248
1366905485371330563
1367501001364758535
1367067313606955009
1368814297028169729
1373693782735081474
1367891246019207169
1368121693613531136
1373605318362591245
1367541710553833477
1375871422980063236
1368691455791890434
1366815852818010112
1373640794695942144
1366796040104476672
1374297896221339650
1368629121752961031
1367929878159491072
1366756188180910082
1366411721028624388
1368736614030184448
1376244389320794117
1367868685206052870
1368600437868400643
1374340005733220360
1373736191388966913
1366423713491615749
1367079527680253955
1366833072273031177
1373385772599017484
1369022491478360064
1366773954929696775
1366959286648242176
1367076216243650564
1367220202266574848
1366389836098191362
1372654560972537864
1368833386614231040
1367092789343830017
1368098820492570624
1367377008792076288
1373967740982194177
1366813132816060420
1373629881465122816
1367119672425017346
1367192298161922049
1367897044187234307
1367489528404054020
1367127440145973253
1366880468201844741
1366781586818088963
1366742589400096769
1376622366713860097
1367386711169388546
1367190588202897413
1366783485323665410
1366740561122775040
1367489486859493376
1366718243432448002
1367062285961814017
1373703185139957765
1367471064700366852
1367053750905536512
1366849727057326085
1368417889661894658
1373603636794785794
1366849343291088907
1366805785225932802
1372293274375962626
1366775054181281794
1367037666584383488
1367057756243582976
1368507098380767233
1371150184747565056
1366750879223869443
1374409984478384143
1367161509168742401
1366813408688013314
1367125579749859333
1366716751870885893
1366521875803893764
1368600129419280390
1366667713368702980
1367115310457901059
1366872660169359360
1374284220827373569
1366887846733357058
1366844409090875392
1374395571016929286
1374764247784230915
1374317574234767360
1367091522303389700
1366795707877834764
1366835682833027075
1373698064150564864
1367620678887817223
1367059120566792193
1366807449148211200
1367086733360267265
1372591433480290307
1368663279279673345
1375608010287022085
1368693392037789696
1368131537481457668
1375349692121354240
1367229083734708230
1367060004600229889
1375079483548516355
1374763413872726019
1367084468893347845
1367854338882871297
1373607964142080005
1368990163897102344
1367064114598727681
1366833300778680330
1366734934220677121
1374310844520103937
1374417151419768847
1367258435859980291
1367859513634795521
1374413193854918670
1368305342266871816
1367080172512571394
1366869141987196928
1367879781073686531
1367441243958083589
1371751726907224066
1367443381568348163
1367123167228092426
1366917314373951490
1373010949582549000
1371137992685944833
1366731126258163714
1367544222509842434
1368822879530418177
1368460774960738304
1374306994446856192
1366965798930173953
1374102524337209354
1367010459463868418
1366386270461640708
1374280018902274053
1375411825278390275
1374972792572162048
1366516018483519488
1368998948686491652
1375685642953359360
1368991363744796672
1373967621951995906
1367963902756200448
1377057548864471050
1367513399475789825
1367500611697139726
1367852381053087749
1366718198826086404
1366731972152856584
1366716289797017606
1367213245401071628
1367129590280441861
1373633183653232644
1367436190065037314
1372217768037203972
1366601281243123712
1368569468499206150
1366776884130889732
1366864658234228739
1371206998012919813
1366884502333771778
1368329206292168710
1373604525681082370
1366787535872135171
1367851862863527939
1367394545579745315
1366880265423978500
1374550941396049922
1374392013903163399
1366748588588621825
1366784424398970881
1366839441931833349
1375154854209974278
1373687846746402817
1367432970345328641
1367574292863541249
1367120638561955843
1366722605265387527
1366666840714444801
1366793009640189956
1366660476017528833
1366787846850437120
1368540275543511046
1373632329680351238
1367230788115324939
1368619476321730570
1367085252129210372
1367422324471963651
1373698155129233409
1369210567743901697
1366804093184925698
1369057067613491200
1367522009907924996
1372985444984578052
1371202014177341440
1368602659943546881
1367902872562728967
1366864995284353026
1374988814226231297
1366856947660636165
1367539309281173513
1367088307633594369
1368124659070349312
1366747990686318592
1366527770579374083
1367115636074311680
1366453554576322569
1367970072770273282
1374395710955687936
1370344729511137283
1367328521224355856
1366556763265392641
1371133809501032451
1366849713404850192
1367404265732509698
1366760351992274949
1367383578804449287
1367468523820302342
1366532012736204811
1366381100541628416
1368198153997062150
1367207620386390017
1366771720951132160
1367392687020646407
1366770182694330368
1367029456037150720
1366813107687993345
1376785528260026368
1366795993249890307
1368153850792865794
1366789418980409350
1371525368549666825
1368313349054816258
1366722871859544072
1366381738373578754
1366742051530944515
1366458380819312642
1366727019334168576
1368912107987738626
1367886294123220996
1367178009766203394
1366797040253095939
1366810172673449985
1376890292020916227
1366841196337913857
1366451984761552898
1373907683082911744
1366911520316260354
1373653766155698183
1367649271764377602
1371009721742802949
1366832960117362689
1366783236567875585
1371132463121100805
1366814481301594120
1373908302669750272
1368534428914491392
1366858569002455040
1376641803231825923
1366827919046299649
1366718093939122176
1366740871941652482
1367852153352695810
1368208465676615681
1367137334177767424
1367019629386817538
1366890307137261569
1375059194009763847
1366736078590345220
1373394176281350148
1368661009263718400
1367147375891017732
1366793631848411136
1375002929246130184
1368638618965794816
1372257906473762819
1368133354688774145
1367452715333337088
1366908534189867008
1366805040250425344
1373357512360144901
1373358015164919817
1367044578998702087
1374372409512488960
1376983315111149571
1371143651070504963
1367268937453481984
1366381862436896769
1366869682486149122
1367674964527177729
1374419784264151040
1373632929914613760
1375157180475846660
1366862387953999883
1368605302975827968
1373907326671990784
1371069935498231809
1367373820412243970
1374281097140391937
1368872137008816128
1376581064697729030
1367112957419749384
1367582499271020552
1368254297956360193
1367072331986788353
1373607921582542854
1367263187138150402
1367140098035310596
1366858095633305601
1370727090002272258
1368367330703589377
1371137276323958785
1366563152138280960
1374658795952033796
1370385469914152964
1369657859743612931
1375203635500580872
1367092830603259905
1366942534677716997
1366849900575674368
1371869539726725124
1366855422603321345
1367025832468901889
1368672325818871810
1375192518577508354
1367063219991379971
1366908231851929604
1367057077521313792
1366827640091467784
1368586414984683521
1367169132584701962
1366718684593610755
1376684860060930049
1366812847863455746
1366839403172286468
1367358231417417728
1373714804658016259
1374379312812498965
1371169942649909261
1366393093331820546
1372249107918643201
1366784883784302596
1367945935985246217
1367033463069679616
1367893533663825923
1366792991080341508
1368605100395102210
1375842940044652550
1366775462962360323
1374052203460243456
1371201894845136904
1366836814363959298
1373678498582257667
1367101716597010433
1374304224834695169
1367455668966486018
1374306597309190144
1367445265658089480
1367057897994285056
1374413467310956545
1366771061312880645
1366840848856530947
1373320898627960836
1368629403199172612
1367854402380460034
1368998911612968962
1367199308387385345
1366803502522073092
1367087292326834182
1366823200072601606
1366719897737265152
1366803534222659590
1367495404389040131
1368937432159227904
1366439106348253190
1375067975447949321
1373673797165850630
1367003608311545856
1366719357590638596
1367568083901153283
1366886096064438274
1369180045537869825
1367072690142654465
1366801636514017283
1366814820658520068
1367571250864943108
1376675245113761797
1374016308430450692
1368991111029620741
1368007379074375689
1366762677935169544
1367067068210831360
1367020540989480962
1376418067161313281
1366770781213126659
1375191944763166725
1373713579938037779
1366737874494881792
1368215684233191426
1367444914196381696
1366428557312983043
1366821668526690313
1366773072368439300
1369567003774771200
1367058653702979587
1366854168749764610
1369166320986689538
1372927007785291781
1367048415310454784
1367147016803991554
1373545166330589184
1366955316408168453
1366792499340132352
1367468718310256645
1367097654291890176
1366760889752449027
1366674629113372672
1366749608509136899
1366526941923315712
1366814520560275460
1367429550796324864
1367859796809048067
1367863597322428421
1366907720637554694
1367587357256421383
1366841484440444931
1370113581409312768
1369905175759093760
1375816981581029376
1366785069768179713
1366861970616508416
1373390552469737483
1368850829525061632
1367496635673149443
1366854058984812545
1368337000147914759
1366768251603202050
1368626564636753924
1374398088412950535
1372895300575186951
1367071797624111105
1367488149241421826
1366528267554091011
1366981323815010312
1367385277619179521
1366829712337731589
1366851648203669511
1366810466966732800
1366594387229241344
1366990632628203520
1368697519031660545
1373604932557934595
1367077080182226945
1367741607169167360
1366831993200214016
1376288401905872902
1367850054082588686
1366881951794278401
1367504618771656704
1367169841170427906
1372448416287096833
1367849879993778179
1366788170118008842
1367880937111977987
1367146868275298307
1367031570192867329
1366713791107510278
1374295875439239170
1369213311116599299
1373615469865877511
1366776721224196098
1367053807226609666
1374303658708455424
1366763387028459522
1371832457843109896
1366723185706688513
1367138385878536199
1367569542193565706
1368689686152163335
1367082735471386628
1367853152456880129
1374111340785250305
1369552424235642880
1367071671560069123
1367128522670637060
1377305654923296770
1377126301102829570
1368610023904010242
1368226767987695618
1367036217733361665
1376733238480232448
1374915115133374467
1367018560955047936
1367438456146841601
1367101182846644227
1366858819519807492
1372491812313702411
1375479322539130881
1367108340363497476
1366745065784246273
1366809663581347842
1371134376373850113
1366849568348987392
1367145403997687809
1366722901416824832
1366845132310540292
1368207652216578050
1367856694076833794
1366793863696945156
1367163106779086850
1367854234897678337
1368951573431336960
1371431619760902147
1366766502603595776
1370807875174608902
1374395758456147986
1366783699291938821
1367213801754492933
1371153570167468037
1368199481221648386
1375483236302921732
1367126120064237575
1367074150175682563
1366540877158612994
1371427971190423553
1366907546297073672
1375516266908119041
1374394598739505167
1366486790220177410
1371163802318860291
1366889532986191877
1367052581265158144
1376747283077808130
1372217431356215300
1372910508005855237
1366904977222959107
1366781311793459200
1367212763165171716
1366855411278749698
1367604738414501890
1367233088590401540
1367194890417934337
1366767524147306497
1372135962088734727
1367592482012160000
1373367829764972554
1367515819782131720
1366767952880664577
1366484327178121218
1366853839366868999
1366775725177634821
1367782618230620162
1366832732605571072
1366859855680708610
1372527926147756039
1369233415426441217
1366784523955015684
1367087362799509516
1366476934109159427
1368360575017836545
1374403255950708738
1366765062745186304
1366790971065856001
1366786034860711937
1366777572147757069
1368890036226252800
1366725317252034560
1375024075999961089
1367855684373671940
1366824062702526472
1373774839639633932
1366744928659906562
1367676936663793668
1367071971146674178
1368660031281987586
1367057660051419138
1373607617482866692
1367159423941099522
1375354293440671748
1368216430127251457
1367912018783649794
1374303990758965254
1369021341672878085
1375474031340761092
1366950245561729028
1368601762672828416
1366756014821961730
1366790849082843146
1367086894073446400
1366681907711336448
1367599017857802240
1367440579475431424
1368575588517175307
1367377688583958534
1375405576616808453
1376865888234827780
1372843992975556612
1367082256360222720
1367035999671492609
1367454670017413120
1366386965642362883
1375160983178596358
1368189023789912070
1367058368238600192
1374959406190899202
1366785927205576707
1366780543136894978
1366754649798303748
1375596402244530178
1372609339664519173
1368863123441127425
1367116610922774533
1366814300950716422
1367060166718414850
1371218980468359169
1366999769982373894
1366809742140669958
1374102702091874306
1366832187765587970
1366794789350440960
1367180517188067329
1366905411178233857
1366380867908759554
1367466121587265537
1367077587516874754
1371358432134070272
1368691418634612737
1372445148701855744
1370096232178319364
1366909865411633154
1376664610191851520
1366779265249906688
1368309927631011841
1366390994040721413
1369016784452526081
1366692475000270850
1367558939190116352
1373617918802550795
1366772830348664834
1368828091980804097
1366712362472980481
1366905371873394688
1376676484362821635
1367064031735988226
1367884226780135425
1371970046810013696
1366760415137513475
1374293569809362944
1370308778504171520
1370257620372688900
1373761786038661124
1367054733064683522
1366527348414312450
1368210764604071936
1368998557278175232
1376595852152692741
1368874498242514944
1366730592814047236
1366815273043558401
1367169959818891270
1371431008701194240
1366373419512721414
1373646348722053120
1373430446390980619
1366903073994657794
1375827982309277700
1375156927005663232
1367398799447056386
1371133504692555780
1373345853440716803
1367218758301941769
1366789417168420872
1367112342530629644
1366785831952867332
1373389015630684169
1367722011926147074
1366853781418369031
1371100066820263938
1367541514876956676
1368604996279955458
1367140826082639872
1368948291044597764
1369342203684921344
1367095164796297219
1375104864561340421
1366804047664185355
1366455235581984770
1373359028047384582
1375450720246333441
1366830333061189637
1367214519987142659
1366436207266324486
1367004135271395328
1366995143874777092
1366927205771730944
1366863987833462785
1366839004168146946
1366821325612978180
1373650415485657097
1374285642625134592
1372535391958528001
1368701781006561281
1368563937147502595
1366880069449371652
1367262159516925952
1366528602381107201
1374319932536668161
1366795795060707334
1375434365862285319
1366794597561696259
1366768197874122763
1366995754460545025
1366718996054241283
1367866180548112387
1367489910337339394
1367429643800829952
1366391450515234818
1370044843477458948
1368657503890911236
1367189522568609795
1366843774647881729
1366785937930395650
1373629735549472771
1373605103630966784
1366720926335655937
1368266374066356225
1367268033354493952
1366780992309051393
1367090203870003206
1368636328955568138
1368990859178434565
1367489539598651400
1373603884057382916
1366841771662192644
1368966623672086528
1366844765162119170
1368204779911012359
1368230886232186885
1376719173368307712
1367325950292148224
1368312532251869184
1367389912304128004
1368683399272103945
1367215543388930055
1366888153840291847
1366866503082143745
1371250505360498697
1367380644477698085
1367082043268616193
1366774896836108297
1375103865788493825
1366746201446563840
1366373640774836231
1366774077126561792
1366789977577840643
1368034088494510081
1373307034549030921
1367410239260274691
1366384827927265292
1367474461633560579
1367539947574542337
1367196487315259396
1366773284986060800
1369040921820553219
1374395258188959751
1368633952160911361
1366800902754078726
1368974617621172228
1366738634758586372
1366869750018678792
1367080646598946822
1374310947049906180
1367448075430690817
1367118051838148609
1370727472627601409
1368900584447827968
1374620271194341380
1366851080789843974
1373773285108908039
1370007555280355328
1367744153778552832
1367017964944384000
1372287828164542469
1368300504250519562
1367065527584231428
1367000602174251008
1371132050070241285
1367024948263473154
1368681815360339969
1367059716694753281
1367859477043642368
1376742405899182089
1367445696983556098
1366771262211686405
1369331332984287236
1370339407669161989
1368617263675416581
1366716586032312326
1367130130330640384
1366797793222877186
1367599259093204996
1366902352834416644
1375226574841257985
1366853967985188868
1366790617393729545
1366673708060975106
1367920313577668608
1368832247802003459
1366807201357168644
1366841021150167044
1373909115035127814
1366792022028345353
1372156371601391621
1366717532661559301
1368127249086640128
1367516721804939266
1371508149686001670
1367975302933123081
1367160659625062406
1367152673905143808
1366869220122894340
1366988903580913664
1366866237414903812
1366696511061569538
1374404769091969028
1367169983604813829
1367890193991299077
1367154886174011393
1373347409401675778
1367937792911753218
1372855258062405633
1367071330517082115
1366779126825238529
1366548703574646784
1366854061786599428
1373346004821540864
1373605589075509252
1367011088710123520
1367419575361536001
1367381234389823488
1367091387758481410
1367034725446123521
1367021266893373444
1373989426263642121
1368694120563277826
1367133359986597894
1367926740782362631
1367075453870178304
1366845314037071875
1366793013427638274
1373607712714592257
1367224194681999360
1367117962465988611
1371359729138733059
1367119702745612289
1367080859787030528
1369105955691061249
1373611587228024834
1376392416408788992
1367854664415318020
1366809034783940610
1366841295113715722
1367143765799030791
1366857323222888453
1366779632733868041
1366719448514781187
1368367388459069442
1366786563154341895
1367201634560978947
1375017888147456002
1366850183389196294
1367067571493761025
1366381927050207234
1366782959362179079
1373952909176672259
1375192991741190144
1366799512564617216
1371133404801032196
1367866685584211969
1373638786282885122
1366786095682363392
1371587125863387138
1373635432152498181
1373256022731669506
1367404067035639810
1366414545472933898
1374358086157225992
1366778538553204736
1368606347164590081
1368594819879165954
1367438251653488641
1367364255260028944
1366756484265234433
1367188305037639683
1367153339679584260
1367014753151946752
1372570535431929857
1371150219690266633
1367134214408335363
1368664606886031361
1374398135917682689
1366592144903966726
1367481956611555337
1367039588817076226
1376768388324818947
1366818532105805830
1374666853616848896
1367010994132762624
1373606518436806658
1366818953583095812
1366745920688242691
1371172282404642820
1366858987497549824
1366471940970586115
1366832829578031110
1373608016537346055
1366768136578596864
1366766491484512266
1366894409183330305
1367805546590597120
1371208974310252545
1366856891704504325
1373607228427673607
1373610458029174786
1367380925194067969
1367444183217287175
1374982041918443523
1373730255517650952
1367450550858637316
1366662054841643008
1368605164739956739
1372211051144548359
1366793429364199432
1375163415723974661
1376743937528958979
1366861322630156294
1366812193845608452
1366814825725255680
1366778755683860485
1366860949639094276
1366828465979330561
1370720323428085786
1366452245320073217
1368630151299424259
1366782593774018567
1366764757462745088
1366784490408992773
1366863375460933641
1377297138091237377
1376655567293403138
1376694949597560832
1367420059442888711
1374394255704272896
1367465484199821321
1366866995845726211
1366433464938090498
1368511284669542400
1366895187671339015
1366764354998308871
1372918430387613698
1366798102796111873
1366908209219387396
1376671702365712395
1367409192764547072
1366853896992415748
1366794848515354626
1366798272178900998
1366853800074633219
1367342647510237184
1367455299976708105
1366809033861189647
1367828420919443456
1366885598187950081
1367288158010961920
1366823344021061633
1373008518391992322
1366393798088081416
1367540157335949312
1366822685909606402
1366893988821745664
1366892592445669380
1367386094661214211
1366851721658531849
1366379231140319234
1366861793897897985
1366758064196575232
1367027126201954304
1366785290329870340
1374400581121437697
1370981769852297216
1367465891357732865
1366796278257098753
1366889889535578115
1367114731404873736
1366968094925737985
1372924226106179586
1367074450995347460
1366906695407067139
1367162187547107331
1367034294854688774
1366797308541698056
1373539430921818112
1367603040283418625
1366895805085478914
1367696751944216577
1366659693855277058
1376643110005014545
1366760302092689409
1367133928717443073
1368990853692329991
1367495694236459018
1366536642782232581
1367904600611840004
1367073658490023936
1377211074852888576
1367202342765006851
1367006980750135297
1367593495154757636
1368683396688449540
1368876869781778432
1367054806876119040
1367138970459648008
1368326879007154182
1366786853966331911
1375417069878005771
1367941269566205954
1366792936525029381
1371132565151703049
1366482990377799680
1366814757244780544
1376650717960810505
1366778708904837125
1368549607144357888
1367895351953399813
1366721388925624322
1367371101970522113
1367006113443573766
1366842763162050563
1372844493116952577
1374810673142714368
1367160817356066816
1367249627544760322
1367059074479763460
1371389344636940291
1367448024738385923
1367854649580085257
1366399036530585605
1371131915667976198
1366721309741318144
1367169098111713285
1367852021903196161
1367850196026134533
1367461338256207873
1375592141045424130
1368239895790170114
1368706936510836743
1366691390839812099
1367489698294353929
1367806304656441348
1367059509240299521
1367531055931138049
1373347647281577984
1367125183442677760
1367035908126629890
1367649303087439872
1368600852018118660
1367849659973201925
1371230742164946944
1366764295925739522
1366803665550516224
1367095394161856513
1368991575905304578
1370399838140006401
1367739618699976706
1368008095872475136
1366823009856741378
1367073344827310080
1374282493222871042
1367501755530047491
1373251688841236485
1368594101952733186
1367575059242618886
1366788526986133511
1366460578672345090
1368199539316887555
1368615062236237826
1367372258524676099
1367052765109846020
1376401063629221890
1376098322054852611
1377392153211457541
1375246283120709636
1373745148195131403
1367501265169752064
1368201588230287362
1366833484384391177
1366791485908267021
1370553700012457990
1366468251065208835
1374306497660862464
1366885828719427590
1367031185558413315
1366789095155003392
1367853914721288199
1367056187267686406
1367500805436280839
1367432213613191171
1367542951258312714
1367040521944850436
1366801859613229063
1367072645804679171
1367372359007625217
1372281382672678926
1374659617398067202
1366762999390892039
1368630626329505799
1367147373244407810
1373607494262591488
1367227985577787396
1366775816332455940
1366852368747421698
1366833668765941761
1370722804786675717
1368530023863451649
1374281355186556931
1366734987085676552
1374663791565283329
1366727575289163786
1376504082127486985
1367013944498524160
1372448595669045248
1366996612443238404
1371388383562498049
1371362280873586690
1367850183300644873
1367226629253189634
1370830437745049601
1376726002034937856
1368874003549614082
1367252743333834757
1366383394452611075
1366855956517257217
1367180638865027083
1366767042729291777
1367946695414317058
1366722258476142593
1375002086702743554
1366767974258991106
1367251429610696708
1367955409835859972
1376662283410022400
1368661300528693248
1367016395670773760
1372217813868285955
1367146294368698369
1368861484349067265
1367804061920165898
1367392751592108034
1367015561989935104
1368663126447636483
1367857781794082818
1375933465363943424
1367937113287766024
1375079850860498951
1368685335224418304
1375159701600624647
1367861872767229957
1366375065273700355
1366814356533616642
1375016234283110401
1374761366528090114
1366458050417164297
1377057477796061184
1367056046599135234
1366881373823397890
1367463858705747976
1366791520859357190
1366798458896662532
1366406319943667712
1367068581566029824
