1317224993898614785
1316435281206272004
1312125261899423745
1317114004960149505
1316378338777333766
1314320267301335041
1312318959862132737
1322163374130667520
1317128239547097095
1316483295501262849
1317574827935436800
1313221415055884290
1311537427438350336
1317191803586621440
1317113327764557832
1316349729983397891
1316731561308499968
1312148664807112705
1311659521664835585
1316498365945962496
1317097430681341953
1317145561095720960
1317116177957748737
1312385099288186882
1316730560891572227
1317188779032150016
1317142569768321024
1311755166606143489
1317234175120990209
1317135284534988804
1317387687096164352
1312119898772971520
1316370777839730689
1312541647926775808
1316737887426224129
1317219173660004353
1317110290996146177
1316424463454539776
1317127803410784256
1316366985660424197
1312499331551821824
1312255972342104069
1316702249838665728
1317103314706833410
1316441338171322369
1318825242186440714
1312818551120629760
1317184671625654273
1317093750603157505
1317081731669917698
1317152836967333890
1317084957446184960
1316365578781757440
1317197467553759232
1316441548536635400
1317083740724744195
1318175806141714432
1317374243198349312
1317106044309471237
1318126719358898176
1317081757632647174
1316438852194701313
1316718317831421952
1314754419641257989
1312284815438340096
1317136609867857920
1316449385388048392
1317238000019976193
1313935993607774213
1317141007469772801
1317157556423434242
1317092354466172928
1318774019362115585
1316733912471810053
1316391467741581314
1312098690786451458
1317095613260042243
1314977924823633922
1316439910396710912
1317224077619286017
1312119336551673856
1316407438006943745
1318993569353506817
1317132898491944960
1317082564272836608
1316440063878795270
1317374794116026369
1316729608587358209
1318187850417033217
1311457088720244737
1316364603312476161
1312270480536150021
1317157137118875650
1317177218716622848
1317870332808777729
1316341315744026624
1313461814378860546
1314202225082687490
1317112256140804098
1317858427092295681
1316370198635655174
1316365729957113856
1316769049876090881
1312348751252553728
1316520888569925632
1317126665588346881
1318835316141264896
1317242960493355008
1317138692570492929
1312831373741371395
1312355151022297088
1316435300500090880
1312459639070486529
1314906461865152512
1317078889923964928
1322574072849567746
1312114174806302721
1316368379834511368
1316617362028847111
1319968698250203136
1316446051730063363
1318835789279776768
1312695321135378433
1317804296801484800
1317102611435237376
1317088240231436288
1317026933461315584
1322131092384731136
1316730312609628160
1312403210452303873
1322523425827655681
1317093568687767554
1317220524439801858
1311657205838512131
1313539354837561345
1312813351664267265
1312298653743280128
1317757689376788481
1312504106230005762
1313017660632895491
1316459884242767872
1322618949331259392
1317121310435278848
1316352042798120960
1316367114593333248
1317080099838189568
1317134610258681859
1316725632005537799
1317111547035111424
1315386778396889091
1321919018744324096
1316468824204607491
1312656442441244674
1316805398985355264
1313103013318479872
1311593598597689344
1317247732696965120
1317249641742798849
1317512095370457088
1316396815277850625
1316353424489951232
1312117285968990209
1312093376582479873
1317095752322134016
1311777138312445952
1312156704608378880
1318672073401786371
1311579874092556288
1312120861520850944
1317204548969267202
1318842246821793795
1312115136073658368
1317376379533561856
1317176977527328768
1317170755755515904
1311557730654711809
1317474006199537670
1317086132945997830
1317350564091564033
1321496463898234883
1316652081902649344
1320022469974106114
1317200584290828288
1317088307931734016
1316460969279860738
1316453267031969793
1317815504594210817
1312415742097268737
1318105875316428800
1312297273825656832
1311582403866099713
1317080725351485441
1316467273868115972
1316359389037694976
1317197099939876867
1316493362753609732
1316454675730837504
1318148578062274561
1317569139591053313
1315842482299637760
1316447534424956929
1318892539521437696
1319964079650463744
1317108659785170944
1312278093625798656
1317969878452740098
1316486172206657536
1317237916570189826
1317970680101670913
1313166650586345473
1312887264737984512
1317873171920543744
1317085760655364096
1316761116350074885
1316372988288266242
1317110336286347272
1314210031429062656
1317198705766899715
1317358618103238657
1317236347904679937
1313830007148605442
1316465174774255617
1314282021003440129
1319964617192493056
1317970487151108097
1311569418565169152
1317122428703834113
1318575024522076160
1317103578801147905
1312150672989544448
1317123759904522240
1314275199269900291
1314261676489875458
1317688268897587200
1316618179452588032
1317380467126116353
1316794457036128258
1316373046379319296
1317133946304462848
1313366468957024257
1313016803203985408
1317040757434470401
1312723663582564352
1319993281930022912
1316450440695906313
1316298189318873088
1312509487824076803
1317082563018690564
1316782035537727489
1316383393307930624
1314299304912265216
1316461603349573635
1316347369391259649
1319987246838185985
1318851663952777216
1312149303968690177
1312412055572566017
1316445964236881922
1317151343031832583
1316850839617708034
1311569041463611392
1317084730010075136
1312474916340428801
1312376782008520704
1318579404080095232
1316378587495378944
1317195062783205378
1316446347717939202
1317185559115288577
1316806179788644352
1312148077906542592
1314669658587488256
1312476538638532609
1316358752036179969
1317106115205865478
1317384215189741568
1322238793781575680
1317115175133155334
1312121702365589504
1311775785326383113
1317147404781629441
1311525192863186944
1316376724838457344
1316485628746399744
1318138623905189888
1312674501688283137
1312328362665410566
1312121838487523331
1312110083526979584
1316347769112743939
1312264725330264067
1316433934213877764
1317535860997455873
1316546279330242560
1317560591612039168
1316454365213986817
1319962025586458624
1311532783366557698
1317130877768486912
1316369244905500682
1316730300718817280
1316469381615038465
1318824649283817472
1317076569744199680
1317085965836496896
1313447263755214848
1311553072376745984
1317099872508628994
1322313035638317056
1316294114829381633
1316321494163746816
1319973088797380608
1318994227955630081
1312516025758314496
1321912895865823233
1311699254352793601
1312097484781637632
1317095439741628417
1311579780270170112
1316362241898352643
1316632610219741190
1317169998402637824
1316516219160342528
1316362015104000000
1312118532323254272
1315841970498080769
1316435287573172226
1312455412696772608
1316463706872713222
1316364827548422145
1317225341824491525
1321940915515281409
1313477630998519810
1317226386579509251
1317089985829478401
1317177316221517824
1312095489941274625
1318060204987133952
1322315045649453058
1312193922840420352
1318886811675013120
1312124668631937024
1318061898940768256
1317243872393809920
1317120642253205505
1317094264871014407
1322643286331449344
1311798864526143488
1317179481405227009
1316562864484880386
1316440755079204865
1312114104715280386
1311808296161021952
1311577472081764352
1317159987249094657
1316468569761296384
1317113163746246657
1316416741426294784
1317015706601459713
1312274994123149312
1317118728404930561
1312350920437633025
1316686974271524864
1318916442365042689
1314956712533786629
1317185729936707586
1317200815979958275
1316345800520339458
1316472698797785090
1317212841460588546
1312147418796879872
1312799329023938569
1317081970606825472
1316735285586206723
1311939650685198337
1317098789845536774
1316353692774301701
1318827410972966923
1317371247655878659
1316439518933856256
1317199496586141698
1318503652651339784
1316354726464753666
1312337495443595264
1316768338773770241
1317156203168923648
1311589653863161859
1316562658108280832
1312410754344198144
1316391380147728392
1316731122240434177
1317122670601920514
1317221818265206795
1312150739372830721
1312536647712432129
1317130116565241862
1311465396738961408
1317083639138713602
1316374913649909762
1316337016846659591
1316373901786714113
1322487526595141632
1317092770411139073
1316386920323219459
1317854458425020416
1312113766998310913
1317079210066837506
1316398490747109376
1312142437364559874
1312098631911055360
1317190131867144192
1317081352265736192
1316742184692060163
1318462200500097024
1312106023012855808
1317494138460426247
1316378304652476416
1315914342873915392
1317109866763255810
1316485390723952642
1316763236532998146
1317415471143096320
1317423562958000129
1317113450468986880
1316396523379359746
1318838857480196096
1316484436893073413
1317150528724492288
1316396162556014592
1319920760874536960
1317091213221240832
1312448471211753472
1312090439584018435
1318825995571503104
1318131327917588480
1318864783429554177
1313115675217539073
1317226115136630785
1317128377875181569
1317116103227789314
1317087445784104961
1317078913277886466
1316485865644982273
1316467979668905985
1316369471397822466
1316452404133597184
1316390715593830400
1316686829920358401
1316682799580098562
1318824742934163458
1312120223516909568
1317088019309088768
1317161695287087104
1317077550833799168
1312399067620806656
1316409531879108608
1312097134624354304
1316755895079047169
1316396258676871169
1312378065109028865
1317082805457899520
1317095392249581568
1316438555275784193
1316745649333981189
1312143753398808576
1317088387455733760
1317324200537968640
1316391967740264451
1317938549870702596
1321166932813377537
1312845543702437888
1312153246362816513
1312325444885245952
1317535538312773635
1320037413348147201
1311781597801218048
1312179304348872705
1316485745000017920
1318824537253969920
1315751858925953024
1312294504280535041
1311817104312672256
1316303628353835008
1316334596854816769
1318827365301104641
1317083270035722240
1316377287823167488
1317937662511206400
1316335637608439808
1317121289572798470
1317408912220561408
1316604611885662209
1316441791747493891
1316738829890584578
1312138686323027968
1317362126990774272
1312364713947344902
1316687042479370240
1315843246271213568
1316435931294052352
1317855131757645829
1317161244722429952
1312140431392600064
1311588302475210752
1318317726071402496
1312183377684914176
1317094080946503681
1311806885230673922
1317134868053184513
1317154793165651968
1317749748028362754
1317186493291651075
1317117835227922434
1312725964871397376
1318851510953005057
1317086377994014721
1317080527141277696
1316604411431575552
1318175156280373252
1318829110181957632
1316450786302480384
1316395474979557378
1317245545241595905
1317080849402167297
1317349488151887874
1317111227198431234
1316345513168506882
1312353109176352768
1317243505656332288
1311548185639256065
1315418020169363457
1320812441702330368
1317119931264176136
1311564316534075392
1317775472072208384
1317210272268996608
1317220950954356736
1316501868273692673
1317080974711246850
1317232513396375552
1317085701935108096
1311581944983977984
1317078689906003969
1316418665013805063
1317095199320035328
1316339221309816833
1311538779098882049
1317249638324490240
1317079605304578048
1316664349780578304
1311682219807834113
1317805684608610304
1317894516402257920
1317176502899871745
1311677368038289408
1312464915404255232
1312130849832280064
1316415841295126533
1317148514863009794
1316730533641154562
1317899631267876867
1312351803388899333
1317207312470245377
1317084837119991808
1316703698974912513
1322459815185174529
1316492696320716800
1317148736208859136
1316321800310214657
1313727389126602758
1313443445806108673
1312535178787471361
1318952157786247168
1316493474578006016
1316477697493696523
1312127979380596736
1316760760706633729
1316459831923015680
1317134758669942784
1316297722190802944
1317085097741398016
1317939898196819968
1316502337352073217
1317413009950756865
1317081261995925508
1316395775446994944
1312385436279504896
1316485682802626560
1318842559486099456
1317083906588508160
1317088220107198466
1317091316686327810
1315757152783552512
1317152451816992771
1316365109950926849
1316761243923943425
1315211523367882752
1317090631764856841
1317143151912648705
1316427931137249282
1313104388198739970
1316358452978032640
1312486763303071744
1312144049923530754
1312098497248854016
1316484978637762560
1313462688178208768
1317793701175984129
1316357110960205824
1312327822753529857
1322313627588808713
1317038199680761857
1317094939130552327
1316354698551623681
1316365630069669888
1316364584400416769
1318872218990936065
1314210243593728006
1311561995037167618
1317158596170403840
1317182681407434752
1318922994882908166
1317554523255222275
1316477760056053763
1317141769562312710
1317318374540644353
1317099356051312641
1318888149779709954
1317381456142925824
1312821685909938178
1312260287312138240
1316491274006994947
1317334884071968768
1316603524453670914
1316391362242150400
1312138331539423232
1312342612800569344
1317118523269840898
1316696320955084803
1317089032128634880
1311531167951269889
1316676650692734977
1316479657575960577
1316370061523853312
1317127831843950594
1317093753455259649
1317498755613155333
1316765256279044099
1313454406202011648
1317974621283549184
1316436658900922373
1316762307742048258
1312134185344094209
1312462223986487296
1316599702037594112
1312133047819460608
1317875055179739138
1316418565885644802
1317148375549181952
1317104827734818817
1317078384028024832
1317119809289621509
1317186009759625219
1316367656069607427
1317162908334379008
1316491569474797568
1316392430971883521
1317235645547425793
1317080058511634433
1317078688048054274
1316364052868878336
1312331724454539269
1316457101221396481
1317330348926185478
1312459883405475841
1316467706925920258
1317211357536714752
1317212093347733505
1315482974700224512
1312115827559157761
1312367328668065792
1317131545736597504
1321160520825819140
1312694336304406528
1316483926999826433
1319867031974445056
1311739681772630017
1317182725317689344
1312640371613204481
1312133155059462146
1313478148185522176
1316438260655235073
1317240030675537921
1316436893060550657
1317380373685456896
1317224999305027585
1312123005451948032
1318136892446171136
1312872856582270976
1312537145760907264
1316385568159391745
1312109507720273922
1318831596930273280
1317126764712296448
1317077864756482048
1312275599281590272
1322628236111728640
1316623498450817025
1312482961132941315
1317544468682256384
1317089675258068992
1312144231511650305
1317079774909652992
1311543488803147776
1316470653256691713
1315600054531641344
1313453035671126017
1317141071911112707
1317104580757475330
1318863385006608384
1312518504101244928
1317125175956152327
1317088847692550147
1312465045561827328
1317108932511399936
1315816692904271872
1316436312463994880
1317354335643328512
1317130188300353536
1318887512136388608
1312317492933599233
1312145415785996289
1311559005794426881
1317845027608055810
1316189448502218754
1313526692841955333
1317398679297396736
1317114671116201984
1317871826157043717
1317066951856967681
1318103850209902597
1317141354837925888
1316354572286406657
1317111853122785288
1317192273692708866
1317183384637083651
1317372746947612672
1312347670288257024
1311585092133965824
1317209457223438336
1313062998341300225
1317255226081017856
1312762618659115017
1312105001158733824
1316492623851458565
1317201333762535424
1317365721823760384
1311682053323329537
1313345284181831680
1312729922855735296
1316321783398707200
1317493654764851202
1317395882644590593
1316771232629641216
1317089546211872770
1312163474617769985
1316334147552632832
1312765487156285445
1311660302044332035
1312164375940100097
1316440144677924865
1316525829501919233
1316673764357267458
1316334999470247936
1317107695338618881
1316458077911232512
1318574911363874817
1317792964026970113
1312118946250719233
1317184691561267202
1317143393185746944
1317149983955714048
1318832125286748160
1312296354157408257
1312293419620986882
1318841527997792256
1319721189498097665
1312161351528112133
1319970541810425856
1316359128634265600
1317086789417488384
1312473281086201857
1312095908746625024
1317970501785034752
1317077148197359616
1319945327806468096
1317317591568875521
1316362788923674625
1317050600941637635
1318825825546997760
1312841382466387969
1312081284299194369
1319991514165137409
1316368130176880647
1312198258555408385
1312162095689945089
1311635013293821953
1320578487066021888
1315469835409604609
1316335397778198529
1317899945509347330
1316452465999581186
1312761722227306496
1321346113098731521
1316397752935481346
1317091250902884352
1312106349770072064
1317184066496712710
1312484758438375424
1317108270251859970
1316703411308503041
1316455340402245651
1316374591284051969
1315845355251150848
1316480128956891138
1312150811154079744
1317150691912257537
1316391263067926529
1317185024878403585
1317363197817593856
1316370507516850177
1312379631274782720
1317244669881876481
1316443762290294787
1316785241101684738
1321935077887090691
1316407792761274369
1321856754712514560
1317380816750653441
1316354387107872770
1312437331522015233
1319995871141023745
1312289892538486786
1311628532565659648
1316732094484283394
1317195106374606848
1316746422952308736
1312882174153166848
1317126386621075456
1316679571077509120
1316359963233710082
1318825167729135616
1317481285191897089
1320350044466315266
1316372096184975360
1312081742614888449
1312422992979341315
1317494867396800513
1318881686881472513
1312142711995002881
1318915868735262722
1316761030182264832
1317108799895969793
1316500559965360130
1312338236333789184
1318692579010105349
1319647630197141506
1316467271032766466
1317525367868039171
1312096835960537088
1312099007414497280
1313152678910922753
1318842266367238147
1317166612353634306
1317104424360284163
1311757413847048193
1316734914449072130
1316431550741962752
1316448074143801344
1316359902831480832
1319963232396840960
1316374287348105217
1317503207187369984
1322489984734109698
1317092245447806979
1316799762369314822
1317495516121473027
1318825444687347712
1317888497529901057
1317174003115712513
1314241179588923393
1317079778676084737
1318231681220943872
1316686530979786752
1313036848894181377
1318837934842368000
1312829932985372674
1317178912137465856
1312458714897506306
1312427568319082496
1312100164564262912
1317088645334040576
1317180952158887938
1317225111401922561
1317190365120692224
1317090677893758976
1317223529763450894
1312117249461743616
1317116423924150273
1315855404115660800
1314719267300929536
1317157000925634564
1316628720187256834
1317129843285331969
1317125962123956224
1317807209246502913
1312157670791471105
1316612312770523136
1318894168471703555
1317141553828200449
1316385582122233857
1312293144373985281
1316358771581612032
1317260432911028224
1317207575956496385
1317809132817305601
1316602421431468032
1317141465475223557
1312460413691285504
1317263186266120195
1317113112189915137
1315750388499349507
1314834865880211458
1317128418954194946
1316365250858450944
1317077995224444929
1312366343677763584
1316500684225875971
1312151456380674048
1317119247492014086
1318000881690882053
1314231726407856129
1318083110370742273
1316419008309145602
1311580125364879361
1318466610638839808
1320009105717792768
1321507215291879427
1316443813745954816
1316506470104682496
1311556625648496640
1317224226873540611
1317079157097041921
1311524287656984576
1312142777124179970
1317786831883304960
1312304110423756801
1317082140790673408
1312149728662970368
1318840216241713152
1320923763425353728
1317371735369519105
1317212544117985282
1317105038347673600
1317083079400476672
1316793457990565888
1316365704191500294
1312501730043600897
1312334972431273984
1316446671417597952
1313505207146381314
1311611928742170624
1317091334860230658
1317149155261894656
1313541517378756608
1317089157601255424
1317084266237468673
1317141676843016194
1317087136571662337
1316347513260191744
1317399805572894721
1317179363650080768
1317086279780225024
1312752809184555010
1312459367053107201
1316299070818971648
1316633948005576704
1317088167133143040
1312137981654781952
1311637612109721601
1316500654509232133
1312157328242667527
1317226166697197573
1316401430731911171
1313478199234494465
1316437331314978817
1312304743809724418
1317194836890574848
1314215437979115522
1312460286780030976
1316435566393782278
1313468116031148033
1317182316351991809
1321203731623518209
1312926186650112000
1317361970169958403
1316508029597233156
1311513454449221632
1312871056382853123
1317218790174806016
1316395619251040256
1317079644785475585
1317089704521748480
1315494007858921473
1316473523829866496
1317118322408853504
1317117444067102721
1312379155145785344
1312174239311486976
1316495551102365696
1316613611691954177
1317229554218504192
1319326027747917825
1318115274483269634
1316438783651385345
1311817588922552321
1320628379775848449
1316415181099020288
1318479883899707395
1319051068249178112
1316431239486869505
1314286708591128577
1318891617617649664
1316489578103164930
1316607788097863680
1316393465257828358
1318825156622639110
1317087997892976640
1318899302434066432
1315867728650153985
1312140245547192320
1316327100710875136
1316808324864774145
1312711552471101440
1316397946980761601
1317800925961068544
1313473288857886722
1317797704660037632
1317494633044336641
1317151053389889536
1313645363950161922
1316421601710276608
1317127700746731520
1315588644195971072
1316400872570712066
1314202815430946818
1319968323300478978
1317079696643948551
1316759742346334209
1316515504585146374
1321953742145654792
1316473329096839168
1316443554978377729
1316735202841034754
1316378616276680708
1312460207075676160
1317076805845766144
1317090711221788672
1316726417766391808
1317091491915964417
1312465054369898496
1317181662892052481
1315555926863163393
1313491633611120652
1312768470677889024
1312116792848916482
1316636974703423489
1317132836646866947
1317499461384417283
1317182766069460992
1317106602529460229
1312300415648661504
1312500496414908421
1312281823066624001
1317098508210548737
1315680720292020228
1317111313068400642
1312110658419212288
1317129019553402881
1317220322140184582
1316345128609615872
1322578921599176704
1318090816162758656
1317426768878489601
1317185739264823297
1317089366674673666
1317078431385985025
1317123292508160000
1316445776143421440
1317220887461044224
1316369238622380032
1317079355458191361
1316438870674870278
1317828548007264256
1317145361195159552
1317185892449193985
1317225023887769601
1317081065731874816
1317209043136634887
1322152058150150144
1316396551464538113
1313555896547586051
1312162415589511168
1317082972827299840
1317078739164012544
1316797882171895810
1312151516678029313
1312404264636080128
1315488544413093889
1316362649593147393
1317101107798224896
1312147531820802050
1317182541934301185
1317228356648271874
1317078876443561989
1312386432665825288
1312460045494317057
1316439542031933447
1316445260927696896
1311538574563700736
1312098064115490817
1317247380882923520
1317094321758359558
1318829357788516354
1317087011849850881
1318208616864907266
1312752959407689731
1317189538201145346
1312311973028261888
1317097521873850368
1311540540975001600
1316492885878071298
1317127261817110528
1312459431561457664
1311553893143375872
1317107694197788673
1317010750695759872
1316677496381804545
1316782617514201088
1317386341148229632
1316440448760770564
1314245842992271360
1316440285552017411
1317121084785831936
1319973173694222336
1317161596653887488
1312859950587228160
1317123815491670024
1317126792885436416
1314455068675014656
1317683616521080832
1316436107178004482
1312267223868878849
1312138962803204096
1319999412798689280
1313128399720919040
1317389486381289472
1312368193210548226
1317224182594342914
1317178602509697024
1316775815032573958
1316775256858779648
1318131485464055808
1316746895239401472
1317117342799876096
1317936072559677441
1317088735499079680
1312691111534759936
1317728052122652673
1312877554685087745
1316732805909540864
1312095716731490304
1312291001457881088
1317162956459810816
1312125236028948482
1316388446391406595
1317103319056252928
1317079482193367041
1316490073731469313
1317105322083840000
1311568386544017408
1317098305994764288
1316356452324454402
1312019092199682055
1317141463961161728
1312704846991175680
1316389137113591810
1317726371947384832
1317077594475462656
1317078376826474497
1317079005955239939
1317434267056701440
1317127763925651456
1316345242682097664
1317853049398886401
1317173395826638852
1319962472430927872
1316801448907341832
1314756272579923968
1312211432058961920
1317203436480483328
1317937769143029763
1312652365959491590
1316403671295569921
1321221336753201152
1317232262317035520
1316336319413526528
1317202248863260672
1316487555693645827
1316368416555630592
1316386361935564803
1317187249516195840
1316449068999213067
1317084348911407106
1320005548671225856
1317388017284284421
1317272897589829639
1317009266633572353
1316387586928193536
1316493725162508288
1317550676331855873
1317129904723578882
1317118132608225282
1317086217146687494
1317111585509462016
1317298069881409543
1317098167440166913
1317128037608075267
1316500383586451456
1317315887796490241
1317117566763077634
1316413494246416386
1317209763793588224
1312096956441931777
1317937781449117697
1312424119716196357
1312800670324535296
1317085074043637760
1316446776518422531
1317108079213891585
1317086236889260032
1317143700443717635
1312462453356163072
1318913286344265729
1312464970802622464
1316751244682240000
1317115904904265729
1312305599657451521
1317130398149824513
1317214345219145735
1317078223503695874
1312206756618018818
1314214263360163843
1320632933506494464
1317123645962145793
1316432868361596930
1316763781876285441
1316491086882377729
1317079061508796418
1312447558006972416
1318130512540717056
1317200083058909186
1322011240726749185
1318316007539286016
1317091502498172929
1317079478984638465
1315498092569915392
1317078826166460419
1317938032243318785
1317125589023719424
1317114708424597504
1316430607765975051
1316357829180166144
1316446055911882756
1316700795644063747
1322486748350472192
1313470191490273286
1312145348886851586
1312098782922764290
1316398928930185222
1315860036355317761
1317173694872096769
1317084723584421889
1317115731495014401
1316361505542111232
1312206538329612289
1319987205511827457
1317363004091006976
1317497515240005632
1317534577141972994
1317205509569654789
1317193104429142016
1317348891134730240
1312375815011737600
1318836026471817216
1312049861630492674
1316589743191269377
1317234712285466625
1317980297602924545
1312461090614255616
1312097452313501696
1316664703058432000
1312126099258712064
1316733999654502401
1312194559825178624
1319982235659997184
1317100623045820417
1317183235793846273
1317097955355222017
1312109571553386496
1322526029160787969
1317093168861642753
1317372563224395776
1313044027072278528
1312122957309771776
1312367036123709442
1317970394834489346
1316813831008591876
1313454256700239873
1312474090796539904
1318218147233660928
1316377357389836295
1317418336750325760
1317084581040955392
1316482286297255938
1312408147202629634
1313828907909607424
1317103611810381826
1316360269254332416
1321928637860503552
1317318496783618048
1318235665906151424
1317138463733547008
1317203832171003905
1312099284276240384
1317473647792107520
1312459754178977792
1314658135236325376
1312978987287805952
1316730114152058885
1319976495310319616
1317098178026610689
1322255512696737797
1319968780169154560
1317106104636145666
1317090081254100994
1317079221131497473
1311570268444413952
1318083527376801792
1317098237849985026
1317655300950937600
1317227066450989059
1312105301072474112
1322634898914627584
1317534301785907200
1316432701495402496
1312351589273931780
1316722614161809410
1317389270424809473
1311636743742017536
1316398587891326978
1318824642795212803
1316694923186335744
1317080858826805248
1316353703771811840
1322521371025563648
1317191956565471235
1317338719880437760
1316694084665344001
1320045758331166722
1312997343885766657
1317237719249129478
1317084365495635968
1313780108558323713
1316708167968075776
1316441887218315266
1319047564923179009
1316778837972320258
1316773035085619202
1312116700179906561
1311553953633579008
1316730368821727235
1317109660470706178
1317083644868132866
1316335112334782467
1312460509011046401
1317171492342423553
1317088780965318658
1316845013419032576
1316346799876079617
1312270482444558337
1317239946919530496
1316954523974422528
1316450939470065664
1311961239287934976
1312063329901391880
1317184811317055488
1316428944049045504
1316334355376205824
1317079303738200066
1312360717958426624
1312142479936811008
1318831177919307776
1317080310064979968
1316439098131972096
1316697142849933313
1312271130691096576
1316502693255548929
1317040211000479745
1317109442811469824
1312117456974954497
1317095676392673281
1317802477434134528
1312096652031864834
1316465433722064896
1316682338911346688
1317222776420421632
1318951332896772096
1312461667297443841
1312175809956777985
1317366866449453058
1317251289160536068
1317091238210920448
1316682619891916804
1316836808194502657
1316412872206016512
1312500952922951680
1317666192270778368
1317086559376711685
1316462552684081152
1317140425996668929
1317451375731683329
1316466028067643396
1317244583068225536
1316411679698280448
1316451860908314626
1316574488750850049
1319968961593835520
1316506360876597250
1317211126397022209
1316442155620196358
1312108398842793984
1316336136990715904
1317175073883783176
1317077921631248384
1311650230320934917
1311562489130356736
1316379593205522434
1317795304008257539
1312990329562378241
1312298700295860225
1317183171386085376
1312112680182767622
1316574117651513350
1315746694160621570
1317846525721149441
1312686259605831680
1312115267628015616
1317542456041275398
1316732717699149825
1317220519213780992
1317199410112102402
1313189536856526850
1322486097147023360
1312362769543565312
1312154810448142338
1317891905955430401
1316470851097812992
1316759306604290049
1312133499990675457
1316530468045684744
1317419469929652225
1316497577630666753
1318828609671434241
1322084072366235648
1317253699824214016
1312722644157030400
1316393020728709125
1317126734899220481
1318038577113169921
1317135643701641216
1316462458677100547
1320453777661566983
1317220482496815105
1316695584934424577
1312300917799165953
1317418805434458114
1317177029985509377
1316497140995297281
1316425369747181570
1317223306576220161
1317142891802787840
1312200030464344066
1313515523813134338
1312861030276620289
1317158203856048128
1311579688020643846
1317086598790610944
1316502532420755458
1317109626765217792
1316814997109039105
1315381637581021184
1317183917041082369
1316456817258622981
1312117678522261505
1316452020115644417
1320080436299587586
1312460114259968002
1317141943424634880
1317093989032599552
1312167623824605184
1316444808106389504
1316457354855153664
1313490556232892416
1312158700870672384
1317937684615204870
1316337046135418882
1321976224583983104
1316439919062142976
1314274387495972866
1319991692364308482
1318469264442085376
1316396439338127361
1312346116399267841
1312116044534673408
1317233900964503554
1317097275785646082
1317080926279651332
1316396780884570112
1318849938193895425
1321112801209946112
1317183338613035008
1312537653699514368
1316390477642563587
1312121079943491584
1311475917512937478
1316456865606307847
1316454424609460224
1316432446024560642
1311582887649710080
1316764689569906688
1317166231833743362
1321141065299099649
1312297641540235266
1316797028912058368
1312283825972678656
1312098776677449729
1317127634082553856
1316675646484086784
1314927244192645120
1316378487196971008
1317138610139860994
1312101187634618368
1316436470438260742
1317185339577012227
1317188544209866752
1318687010547208193
1312290522430668801
1317229197950156800
1317584254587514880
1316603531361767424
1317182549030993921
1312358904551165955
1317079749085306880
1312209742580776960
1317223283587272706
1317127684808376322
1316460444979277825
1317191033533464582
1317077322705625088
1312480813418651648
1316509996696338432
1317082164727549952
1317085704699215872
1316463265778667523
1312094214549893130
1317775569707290626
1317119431345057793
1317187350846410753
1317159033682513921
1316365570175045633
1312346169650155521
1317363900539637762
1316454426392092672
1312531780553990145
1316344635216846851
1317113352926171136
1314777658790608896
1317607651988152321
1317079914164768770
1316677001055539201
1317100831880204290
1316243142958559232
1317094607692419073
1316405396953858048
1317101443522985986
1311579167746592768
1317335213693931520
1312442100512780290
1312137446558109696
1316361863186321409
1317809475752022016
1312422665601404930
1317078116704145409
1316832013161295880
1316366470096486400
1318870732236034049
1317084891817926656
1317091891805040645
1317128801915121665
1320057913352880128
1317086710803714049
1317082380193157120
1316781102573539329
1316628036280889344
1312160836866039809
1322598325380677632
1313008139306971136
1312213303171538948
1319977440517738496
1316439374876286976
1312634982238748672
1317478860670308352
1317215148214489097
1316503511069274119
1318825000590319617
1317079498597322753
1316717431776317441
1318490673625038849
1317157331994640385
1317107213836689409
1312910444366102528
1317120395951079428
1316359931826765829
1316491387920093185
1317534670905610241
1313856443955793920
1316687798578163714
1317801900100755456
1317081410700795905
1316533893986570240
1312762772804042753
1316716188387377152
1317211580015194112
1312129591113216000
1316468344183296004
1311573828427014144
1318487259570688002
1316371677262106626
1313845684160917505
1312448872657022976
1311633415364632577
1314319828535128066
1311587252510875648
1322472182828683264
1316445868053143552
1316491638869499904
1317136708803174401
1317124632495804416
1316384692602576897
1313508411787694080
1312806343670194177
1316321686342586369
1316340149404532738
1316610825558384641
1312516307049304064
1312090314035933184
1317813323979784193
1317144046486364160
1317087906016747521
1316706258930589696
1317171432162496516
1317078741080834051
1317106051804729345
1312388585929273346
1316424855777144835
1311461898777505794
1316304236536266752
1314705108756836358
1312837726081777666
1312501143231107072
1312162698734436353
1316688021278863362
1317428909328171008
1317812504110792707
1314209388840665093
1317081328924397569
1317224658421403652
1318826731042721792
1315003028525789184
1316340956652855298
1316432313622966279
1317088430204006406
1317085543285596160
1316375555638472704
1320023275272011777
1316616130128228352
1312318479975018496
1317164456204472320
1320490284531240962
1315509801087098880
1316373671603208197
1320167143363719168
1317444259633680385
1312129918927470592
1312103786756796419
1312376372669698049
1313478042359074822
1312483666421923840
1317098947345895425
1317083153496969217
1316373998062755840
1311562502132686849
1317110895454007297
1317086316316733440
1317493264266788864
1317078920764805120
1316366483275087872
1317135263773216769
1318836484653387777
1316500843949166599
1312284472210055170
1316754416624697344
1316342821931155456
1316501817564508160
1317088673293369350
1316347985337479169
1317494815337160720
1312295575891652610
1317147143023562752
1316616909207539718
1311907034644840448
1312540558217355265
1317103483133243398
1317082656400658432
1317130179811119104
1317078686802300929
1317091464275501057
1312348892655165440
1316368534759526400
1316486259947302914
1312117245632368640
1317082334596894720
1316435669456166915
1317078527695519749
1311520038483095555
1316358792087560193
1316364042630582277
1311831632769355777
1317104424792313856
1312483306676449280
1318863157398589441
1317201069483659273
1318051544022110209
1316390351591141377
1312094482989379584
1316761084624285703
1317156760306659329
1317080726022594565
1312202053469368320
1312180140265283585
1312390647551229955
1317242304244178944
1317365470882877440
1312549065998184448
1317120032070078469
1317107288692477954
1317573309207293961
1316756461389860866
1317110521259315201
1318129054428647425
1317100474936549382
1317139850454249472
1317081237140492288
1317093272947392514
1316454174914162688
1317184579460124680
1317243911241388040
1316496210811850754
1316829536324067328
1316461161110482946
1313122506031628291
1317162808744824835
1316362259707371523
1314670584815648769
1319970066520309761
1317091865116745728
1317162986646261760
1316728809173987329
1312405120253034501
1317130709753073665
1317512276006633473
1321929499546685440
1312117247813447680
1311544651891998722
1321948013456203782
1317109390672056322
1317108160000385026
1312162025196322817
1312395466752036866
1312111933999341569
1316357693557403649
1316435621150363655
1313531977610465280
1317082762730491904
1312118445438193665
1317181739488452608
1312121669192871941
1317505995111845889
1311561199482437632
1312480943240699904
1317126581056397313
1313891216157802497
1312957201624051714
1317079119654473729
1313513630281990144
1317937980057726978
1317078963764793346
1314958646233759746
1322281742963802112
1317005745368502273
1316451764569284609
1311685360804663296
1316365133963239430
1316429860924002307
1316437549930418176
1314973638874083328
1312109398517379073
1317089632241160192
1316464855034068992
1317184537928093696
1322080807457038336
1317850124442357762
1316337734030626817
1318059989374828545
1312132525297299456
1316442275409522690
1313723710856138754
1312151962452779010
1317100216294715393
1312818451124281344
1317138160963506177
1312178611005222912
1311543516355538944
1317161787863826432
1313655429679939585
1318114498914492416
1317080740283240448
1312712984762998785
1316743836442529792
1315835693294383104
1316364337192357889
1312118959966093312
1317083318274457608
1317229780085952512
1317199257494016001
1317181070232686599
1317125678618320897
1316686013314609152
1317094926778249216
1316401949965799426
1316383653052780544
1316371982850691073
1316357575739310081
1317137246676520963
1317913042907254790
1312180225153724417
1315082383046180869
1317151205957816320
1317088711113396225
1315845226569887750
1315107503714250752
1317095726967623681
1315766776555339782
1311569885655334912
1316386864081842178
1317109548654657536
1312301552716185602
1312367424919015425
1312240471792652288
1312806799108706314
1315747013598871553
1316365724152201216
1321188077482684417
1312461710914068480
1317245140264681473
1317077737815891968
1321203830944681986
1322476624177225728
1317108950819549185
1317327184785231873
1317091320989614080
1317079135693492224
1316683179760254976
1320427504562294786
1311592423580200960
1317082213675053058
1312145909661138945
1312704673837731845
1319991824270954496
1317841300197056514
1316330430908583938
1312149960238882816
1312728520225951745
1317243798448185344
1317241570861699074
1317105010031853568
1316979669594505216
1312108028926193664
1317190205774962691
1314202292048982017
1312117507759636482
1317085933456543746
1312506045323911168
1319972249429004288
1316657733186260992
1312135786247020546
1316740267819634688
1319003031959228423
1312376511207481352
1316461857285251079
1317175274518315008
1317089145005740039
1314200740471214083
1311548686611161088
1317078870294712320
1315866495885414400
1311571039848198144
1317225546594607112
1316397462328938496
1312272751063900161
1316375425933869056
1316460356357808129
1318918502045126656
1318873869978132480
1316702598003646464
1316905645585682432
1318716367244267520
1316453644116602880
1312131594295992320
1311594601657106432
1311575237222436865
1316476673286602753
1317161439069675520
1312119864127938560
1315331159350444032
1312135894392999938
1316497384181030912
1316533157387214849
1317089352334409728
1312186855610179586
1317087471553925121
1320164243900190722
1317153106770132992
1312696781273268225
1317107689818853376
1312311292301107200
1312102975423213569
1316368480036433920
1312113582973222912
1317473027035201538
1316444154117926913
1316424728157061120
1316383403646779395
1315739444524220418
1317077126651252736
1312162165000794112
1312306246574366720
1312460563704811521
1321928935781924867
1317178587066269696
1318878892179030017
1317077269635092482
1312260519823278080
1317376598140723200
1317128407549882368
1316391660738228225
1311756326490566659
1317255542310666240
1316486488708788227
1316456955381272580
1317086802004615172
1316464922382008323
1317099458488827905
1312124824815235074
1312114073480228864
1317082634904887297
1316386872768237569
1316384810152144897
1318513030557294592
1316480078193274881
1312132598538272768
1311676180010016769
1318151115955965953
1317126236938829835
1317971215919828992
1317892527236784128
1314235334327140353
1317087725233778688
1317223602786344966
1317186602670739457
1317102144152010752
1312343290130378753
1318149989437231105
1317166576655892480
1312297876953935873
1317085085993177088
1317094357657321473
1316438553044439042
1317129794497150977
1312373601644032000
1312119593310154752
1316733505066467328
1316484267904569347
1321054142803181568
1317079802394849282
1317439539682660356
1312982157774725120
1317086734195302400
1312150401760677888
1317088015823609861
1316498516609576960
1320070204647460867
1317195872019582977
1317194227625938944
1318879731975114753
1317097718918139904
1316771344340705280
1317078633459159040
1315683618988191749
1312157688172744708
1318917306412683266
1311736287414624258
1316627086908559361
1316809127851700227
1312115098215800832
1312488823230590976
1316396666187141122
1316761701447012353
1317077326795051008
1317229337805029376
1312461468864925697
1312372357554737152
1317181563793276928
1317402298063126529
1312300146915528704
1312359062118465537
1317126646969864193
1317162132010565636
1312430192523083777
1316453753889918979
1319904133881671682
1315535407334010880
1317826764949901312
1317894544873168896
1317098011537907713
1312460000560730113
1317080565535965189
1317078689541226496
1312161788708831234
1317125495222304768
1311637184454291456
1317115502297317377
1322064639597944832
1317918550812729345
1312401321153245186
1312337211917062145
1317099282068111364
1316378830379069440
1316362485008654336
1316364014130167809
1312867949703835654
1314913756825227265
1312130119192903683
1312119890334023681
1315846014654459910
1312507941518409728
1316435723256508416
1319961940744130561
1312279761708822529
1317773570030915585
1320009529988362246
1319961978341818370
1317125955484340224
1312140872771760130
1317276664129355778
1316517432928935936
1318481530323337216
1313491736489009159
1317937837547917315
1317006030233083906
1319999393207144448
1317437326205833216
1312557281943400449
1316407270000013312
1317149970244509697
1316385226155753472
1320190591158919170
1317774068159045632
1317143453663375366
1311528742934786048
1317195315854888969
1317128588378988545
1316729774115639296
1312419237684752384
1316360039540633600
1317551208777830401
1318148854747942912
1312704094205882371
1312405399413424128
1317091202085289984
1316442500610093069
1316412473445175301
1318131589625319424
1315761192309272578
1319619918686490626
1317873641430855681
1317501733812244482
1312635274158104576
1312176281555877889
1317103255520935937
1317119837232136192
1317126333172887552
1317186083214528512
1316689923261558786
1316767856818876417
1317992076169125889
1313891076260888576
1316360349558476801
1312271346668392449
1320024406488420352
1312367229573439488
1317095925370814465
1314229202086965250
1317200488094457857
1317171095057944576
1317104181442994183
1316442633204621313
1316382758722248704
1311567324999225344
1321920218436980741
1312666743001751552
1316339906638229504
1318856581094772736
1317182134604410881
1316484402101342214
1316448717759799296
1320540927849426944
1317090544342994949
1317229978187161600
1311547533240479744
1316366701311778816
1317078729017929728
1319914731298324480
1316679823465558019
1316730080979226625
1312695944593502212
1317388353172627456
1319984597833318401
1316395650968432640
1316366450937024513
1312424573384749057
1317156753524613122
1315488675166330882
1312166308423712769
1312100626935902210
1317417005146923008
1316418617374892034
1312354322450198529
1316396081215926275
1316739379751276545
1317085839579557888
1312823780427870208
1318973733185400832
1311580437983227905
1313856812727308288
1318092330914766850
1317144718875250688
1316465622495174656
1316460319661850625
1312757710509744130
1312106351116447745
1316418809423687680
1317178294668845056
1317166649653551104
1317221539918548993
1312106124611481602
1322659617491615766
1319991998531719175
1317238554641289218
1317200134137090049
1317184123329458177
1316343645902172160
1317393268389367808
1317080078023536642
1314868421390200833
1312384351179550722
1317442228059557888
1319971207119278080
1312836016764522497
1312118139631484930
1316492775106412551
1317134226169397248
1322523058649923586
1316353118783897600
1318951340568158210
1312663214048587776
1316814864489287681
1312476594577924096
1317091051165913088
1317210725606215680
1316481585965916162
1316758008236593152
1312292537399377920
1316978440449318912
1319978148935716865
1317175959590719489
1317208800307367937
1317101591061762048
1317095012375662592
1321220533913079811
1317176411065561088
1317388466288795653
1316638691402620928
1316436807224111106
1314200263109095424
1317181891179646976
1318175447105081344
1311535956315508736
1317061269090861057
1312133693922709504
1316446351006236672
1317839681145524224
1317240104822464512
1316414100784717825
1316426488313511937
1312147818644086784
1316528873794830336
1316480834845765633
1316808437926449152
1312093286929068032
1316357279541874688
1316438118417956864
1317334821048340482
1318933954691551238
1318849105414836226
1312290618845073409
1317124646467141632
1317777270120108038
1316347459774357504
1316440274231533568
1318829065030258688
1317077386735849475
1316921239550742528
1312131754040254465
1316390126675734529
1317078762123628546
1316762526030475266
1321858693034639360
1317798492333613056
1312249026230784000
1317105103346802690
1316478048582209538
1316453924094779392
1318832093695279105
1314959046189907968
1318085874530324480
1316736931586285569
1316763612954927106
1316728399218515971
1312060088576811008
1317188341234880513
1312337388212019200
1317085824215928833
1312460474567389184
1317462383229546498
1312460611612073984
1312304425537605632
1316489391175610369
1316363762232942593
1316831227496853509
1316382696000704515
1312460073046667264
1312459305610694659
1313037043338031104
1312296212264095745
1316392153715740674
1317186440162410496
1311635901391437824
1312620321997049856
1317113018338127873
1314987408765661184
1316458274749849602
1317244969267175425
1316797843559120896
1314240829410729990
1317091432159727619
1316459770522619904
1320330767788953600
1311552397160984576
1311751552051412994
1316734693795082250
1316364564632604674
1317286785735663616
1316440857634054144
1317133205632393217
1316973305463791618
1312204387624706048
1317508851596406785
1319943821145329664
1316729304563306496
1312313292505993217
1316450035199021058
1317125994495574016
1316363724362600452
1316451658830934016
1317166796148015106
1316362474141159425
1322057041893117953
1317202794542137351
1317103757860212738
1312167895741284352
1312505276923166722
1312419786761080832
1317989173106757632
1311579780823818241
1312111395127750658
1316663269021671429
1316474250996396032
1318185839961251843
1316331526062247938
1317420927299321856
1321919636208820224
1312142967751151616
1312060315513876484
1317550471146622977
1312476933993582594
1316368288952258560
1317394400025235458
1317372245476577280
1317770309169258498
1321934856952127489
1317226040381575169
1318186824737673226
1316772761654759424
1312147602108944384
1317117337225539584
1316345361565470720
1311587962568749056
1312108043237089280
1313845359022669827
1317082265801949186
1316357526934425601
1320317780789514240
1317318717852782592
1316507957786488834
1317423930819358720
1316754234189189122
1317096763925344261
1312336508016353281
1312170990625910785
1312817333912702978
1319973488753606656
1316978662588272641
1316373909357424643
1316371711319777287
1319355808061280262
1317104831325155333
1317087383624568833
1317223441615945728
1316366984561426432
1317084974525317121
1317574620724211713
1317239705684090881
1313114447007883266
1316763498836373504
1317879246556172288
1317084056681652225
1317129957458563073
1317108959577243648
1312144971315646465
1311636468595597313
1315348769089769474
1315488470270271488
1312117004627701760
1317248209526398982
1312130735898157056
1316363545995554819
1322154874449154053
1316347145990156289
1318082923149598721
1317082607151124480
1312109742056112128
1317464795617132548
1313994115038707713
1316849268142071808
1316438623332503554
1313051291577470976
1312525481535709185
1312324279619461120
1312096626815754240
1312126323804925953
1317078905648545792
1317077726050852866
1316403346484363265
1318827400382341120
1312464532179095554
1316472535790256130
1317081663927701505
1316384406089670658
1316318199466602497
1317148034057207808
1314756678273859584
1317191486082027525
1316729324486225921
1316737057792954374
1317099243144945664
1316417537731710977
1317200778407432192
1317125008553091084
1317084262089265154
1311661908764876800
1319963139652395008
1316340926290198528
1317109587816992768
1317092476381990913
1316578945748402176
1314324789926998016
1312144462194253824
1317110749588762627
1317098394851168256
1317084640709148672
1317982832858451968
1316690925637308417
1317117593698840576
1317193751509553155
1316664202485018625
1316484502147932160
1311576420351696897
1311574798582067200
1313417580317679618
1317079356561379330
1312691901720678400
1312313746635796480
1317085857417994249
1312059688125706240
1318824943249985536
1312459520287801344
1312133207068831747
1317425105719406593
1312282476585324545
1312105870575071233
1316360612344139776
1317138312797298689
1315022725514244097
1317375206382620672
1317095049344307201
1317946530867838978
1317147422049665024
1312800082383826944
1316490816618205185
1315811868989165568
1317078723057848321
1320099346528993280
1317023784424132609
1312996328771932160
1315054078276390913
1318897404838555648
1316493738982678529
1317376094421606400
1312461300224516097
1317184304200486912
1317137875054567428
1318881859896594432
1317367564918542337
1316730954455691265
1318128640379523072
1316790799020023808
1312117343854628865
1317243572811370497
1312541853946990593
1316411068718219267
1317084618022113280
1316728352355606528
1312135045096767488
1312326910429614080
1316449007628099594
1315051304465596416
1312795359199072257
1318831590357729280
1321717316472709121
1316392054436638720
1317135273235460098
1312462162573496321
1312710663941361664
1317378652347269120
1319991600798441479
1317085545818972167
1316453227144056834
1317373705480065025
1316678755012825089
1311633381931839488
1318826110344433664
1316835713577611264
1317081251929591809
1322503299594072064
1318834753940893696
1317078347281764352
1313475721390682116
1317124446562508801
1318576471087218689
1317116281166901249
1317345243717566464
1313941599295025153
1311575874685337600
1317137332215185410
1312116786645536768
1315055795151802368
1317194889969401861
1312321894159462401
1312117351777665024
1317023601443438592
1321825773704065025
1318829057816100864
1318826076718682114
1316401929996599296
1316467784386318336
1312136296479948801
1317158265927643136
1316379743030317057
1317160317605076992
1316370445436891138
1316784800389365761
1314759801335934978
1317092476587487232
1319974597694021632
1317194383423397899
1317192868235280384
1317089276086157313
1313093858578886656
1317107822249889794
1317086970019983360
1318465140862472192
1312327266618277888
1318183997860728833
1316727486156333059
1317099433042059267
1318881151046569984
1312106889056927744
1318844366258098176
1317361089194196993
1316396537661009923
1318156366545113088
1315490895987306501
1313481671426093056
1316425582855565315
1317089314136854529
1316936292450635777
1317271186578018310
1318975264949493766
1316722667412770821
1316445500648849408
1316396154960125954
1312295064987750400
1316360796381884420
1313507749616123908
1317200840680214529
1312149151971385345
1316357633587269632
1316370980080619521
1317087698776166403
1317079029523075072
1317080332374560769
1317093676892491776
1317200122535694344
1316367791889485825
1316357740906848257
1311471480417517574
1317872633652924418
1317862968521052161
1318789622441312257
1316809113293197314
1318103428560785409
1317637571955073024
1314292888512196609
1316460809841770498
1318160975313334272
1317196462334279681
1312377225455468544
1317149140674019330
1316365134210772994
1314376941449871361
1311570006350671872
1317080441946542080
1316656037181693957
1317078397563142144
1316387015546601472
1317083248787415041
1311578173562384384
1317784592238153728
1317092128439369729
1316464900055629829
1311531481018310657
1312768120919031809
1312155235859623937
1312092502388871174
1317132348538966018
1321923453268729856
1317110888227364867
1317117832619003911
1321212451338280968
1313617785252204544
1317360894590976000
1312127043421696000
1312531510914736128
1316374561886220293
1311711092616421377
1317083417847189504
1317233509698834432
1318835596761194496
1312111652267986945
1318873670358585344
1314409609243828226
1316494238872412162
1316843378945011714
1317082392079880193
1317097323999223810
1316848125722660864
1317136724934430724
1317087079852015616
1317064278344527873
1316659937318141953
1311486458046406657
1316762124186800131
1318831568509698049
1312357629855924224
1312293693060255744
1320678560227614721
1317173813839319040
1312100683772915715
1311519051886268416
1317372021618204674
1317144593381658625
1316492760359333896
1316445618651492356
1317079411666178048
1312460935995375616
1312118502740770817
1316992536876097536
1316478658371092485
1315129422912065537
1317477611635957760
1317384826727653376
1316364694446313473
1317078064799666176
1317169928005443584
1312165325010468865
1316426387226611716
1312466500268158976
1318833954837958656
1316394082743320577
1312277508037976064
1317217439504060418
1318943241820082176
1317148926517088258
1316512008825692160
1317123504769216512
1317092768972476416
1317938618774786049
1317242141098344448
1312123778902552576
1311880482779529216
1317188572890488834
1316903212927094784
1317102028481581060
1312119684095864832
1317134542860320770
1316606137786077185
1317190870681198592
1311767386073239558
1318837102839201792
1312117661346656256
1317369403172900865
1317083956806909954
1317407544244133890
1317359107653992448
1317165160650448899
1312684989926998021
1319567204782845953
1311635782030045184
1317186635394592768
1312268912222904322
1317230712429432832
1312019880540069890
1312126585214918656
1316367990414245891
1319965390852804608
1317139915142987777
1316342752121151488
1317797881676521473
1316468283638517760
1312424772849012743
1317189184323489792
1316490090630311944
1312168725496250368
1317125307275612161
1312152291185582080
1318534133086359558
1316468775114469376
1317102687192780803
1316317811703271424
1316993027852959749
1317120120171483137
1317183312562163713
1313550178708840449
1312136878812876800
1316509482806128641
1316373130064146434
1316733816871038977
1312141511035809794
1317262753032249345
1313087987182374913
1317127066530230276
1316505187465474049
1312121143998857218
1318061025577533441
1315491355737698306
1316421975993090050
1317099398036361216
1317094155953340418
1316381266288283649
1316362582316453888
1316400094728646656
1317084650158907393
1317231146133049355
1317106098684514304
1316760964939874305
1316362900517384201
1312150760986042373
1317084296138657792
1317085110924152833
1312370797290323970
1317270545738682368
1311692728405643264
1317240727391342592
1312103000110850048
1317088316517474304
1316443833744470017
1316410935213518856
1316331212265398272
1318154557810216961
1317080017210396673
1316392046677110785
1312461567502426114
1318875176810008576
1316421304128540673
1317080833614897159
1312330818711441409
1316794211526680576
1311644260622635008
1317080238380208129
1317183684336902146
1318955824581136384
1312424198694932480
1312277578003120128
1318127879734132736
1317081083071156226
1317091627899494400
1317176237459111936
1313382908695056384
1315490518835568640
1317231128516923393
1317148106690101249
1316444833758810112
1316370300280483841
1312500563083370497
1316401423999959041
1317141908649578496
1318089778055860224
1316428258943082498
1318834967275819008
1317105444683452417
1316355435943866370
1317078043148668935
1316729285877682176
1316448210936901635
1317155252718702595
1314274055487451137
1312103564211228673
1318355929524506626
1321919401378140171
1317193947396083718
1316883574587609091
1317093931293806592
1316484127135334400
1317080554907394050
1316432139244711937
1317114882509123584
1316413939702476804
1318825283634462720
1316740045181644800
1318824648327467008
1312151927048658944
1317087058117218305
1317250997996179456
1317079568466010113
1316468722262048769
1315386705848000512
1316635035798302722
1318149830288543750
1317086738024628228
1315848202290167808
1312585401916424192
1313355857732800517
1317090512311111682
1317462990099185667
1316847541334532101
1316390233039081480
1312416826115022850
1312139276398649344
1316768289666879488
1317091230791204865
1317084952043933696
1313636224641400833
1317094178891943937
1312835638643683329
1317098691912675336
1317238488924905473
1312174785904824321
1317139406604599298
1317079496848269312
1317238218102919168
1317078286988677125
1317142020541059074
1317077479161532416
1312367325098762240
1312260376436846593
1315780552356749312
1321929584888217607
1317090082059411457
1317079568294006785
1320266693453688832
1317085628463546371
1316727960376836098
1316362652860461057
1312286473257975808
1317153052374257664
1316460382156881924
1311690999412948992
1311564406963286016
1317078673632223233
1312129462637477889
1312168736263032832
1317955108412575748
1317186528255365122
1317093757943189507
1316318292576006145
1312482767960043520
1312096739302797313
1317103002281496578
1312114941428600832
1317417297716404224
1317094672301477889
1312160541494841346
1314416558802898946
1312126821228453889
1317133725776437250
1317268453447913474
1312061684908019718
1317107075718238208
1311533755111272448
1321267468971769857
1312596807717990401
1318093578728517632
1319970829925556226
1322215464844537857
1318301362699030530
1317078394417401856
1316443904829460487
1313017910168879104
1321832175981993985
1316785615778836481
1312792209809383424
1319913071754858496
1318825132501176322
1318475131195396096
1317186513038462976
1316818116400349186
1316399357034455041
1316623987150028801
1317078951601311745
1312148263508688897
1317096688327270409
1316739170983915524
1316727646781419521
1313638238028992513
1316393309800144896
1316337677420105729
1312851718888136707
1316449170543316993
1317088677814849536
1316745661396680707
1316396640903860224
1316725599780691971
1317234922961121281
1317127248512733184
1317518236070469634
1317187403770101770
1317082315512840192
1317079378006839296
1317185784936615938
1317077990761746437
1317135844784902145
1316522841559400449
1317233552258457605
1316733297804877824
1315838052577705984
1318004003200958464
1312152695034114048
1318840940543488000
1319228658406535170
1317134219139817474
1312124596087267328
1317124662497824768
1312319225906814982
1317089913964212227
1317130632758202370
1317165596635783185
1317146217198080000
1312112506140147712
1315873303723159553
1317088467915071493
1316959316117684226
1317114811948453890
1316421280514609155
1317252979225919488
1317139031776518144
1316770167599366144
1312295061275770881
1312286601532379136
1312114785786322944
1318212226797502466
1317387660252545030
1311582734008168449
1317086237673607169
1317215317899313152
1316469781571276803
1316434139093049345
1316783039771533322
1317182122168324096
1317191500439183362
1317250392141561863
1317083586760159237
1317213250086371330
1312369421508390912
1317206439459434499
1317079355982569472
1316439201022439431
1312338398191943680
1317362926005686272
1317536004476194824
1311594048109580289
1317079794509582336
1317086331395334146
1318162729140670468
1316460813780123649
1316389201852731392
1312639982243373056
1317194719944986628
1317130634175959041
1320087062595301376
1312179113902309377
1312459595298693120
1316443690118807558
1314291078879752193
1317182475513303040
1312475739900375040
1316813528410578944
1317516213434654725
1312317684139397120
1318365463978627078
1317795005700997121
1317204921981280261
1315058418659594244
1314298148618149901
1317100290642972672
1317121151093641222
1317349076652953600
1317140209524445187
1316461735130341376
1316519517682642944
1311750354346946567
1315837266338684928
1316674657957941248
1312529294363561984
1312462039231549442
1317739139442376705
1316358202099990528
1317095708890140674
1312136894470262784
1316397221902942209
1312805377994633216
1317959583831384064
1316377409344679937
1317099999495323651
1312297223665979392
1317154427065819136
1317802047106879488
1319962664613912576
1317354667857354752
1316372242469617664
1314213974230003712
1317111058616692736
1313454169727152128
1312769221261176838
1312462907381170177
1317091540284694528
1317086480192491520
1317098343898767361
1317106112160817155
1312882076585283588
1317376809600765953
1312170468372217856
1322316061488893953
1314611654013915138
1312482564725039106
1313344761802240000
1319164313517629445
1312157280318627842
1317106034746548224
1317137373134770184
1317932010845949960
1317121596449062912
1318825112364322816
1312382391135203328
1312122731513540608
1317094514008461312
1316391689381195778
1312984745551302656
1312834605796515842
1316453148656119810
1312090364988264449
1317111170474586112
1312287997967118341
1315602871308759041
1316500693281275910
1312096601809342467
1312712758354423808
1316440281118650368
1316423817946898432
1312379741069078529
1312357906218713092
1312157165646274560
1312483200690614272
1317078899965202432
1317215318058688512
1317872715316023296
1316477158672543744
1314249917695696901
1316748678103793666
1322316059727245313
1312460682227408896
1312708566030127104
1317301165449687040
1312137928668184576
1316463505063768065
1312432877464965120
1317127925536378880
1312127599208882176
1317079183223328770
1317175097501810689
1312247017213747201
1316126364857233409
1316682598933057549
1317120540423954433
1316345153280499722
1314202258079244289
1312404041499115521
1317783731994808321
1317127315114086408
1322521304092868612
1316435595573551104
1316485496743362561
1312305559593508864
1312126116337913856
1317229746728718339
1312091297528926209
1317107286788218885
1317233459987947522
1317220487425150984
1318825759411179520
1316437136082644993
1317810729718775811
1320024862681858049
1317111951307276294
1317176763647143936
1316498802627538945
1311782858898444288
1317130734021365760
1311644261708898305
1317184872520318977
1316378573608038400
1312277618801160192
1317899298286297091
1312374913144152070
1317235167908532225
1312817126110048263
1313090134309580800
1311534800323346432
1312699227282251776
1316389916138516481
1317088307143200768
1317077939163365376
1317126718440853505
1316394458829774848
1317079299451740160
1316850451501977600
1312316597755883520
1317142352209862657
1317168058503397376
1317156030250471424
1317081389758619663
1316373578112282625
1317179474312597508
1318832587071160320
1312208445286674432
1317178234434453504
1316745424112365568
1316356204579483648
1317941294778429444
1316682308662026240
1312195420366331904
1316447383006457857
1317370344559312897
1313122443620495365
1316735749472030720
1319037795130839042
1312119149275967489
1317223927656087555
1317128404668452869
1313909250666778632
1313018339200040960
1311768745128398848
1317199698546089985
1317083614060945411
1317082028047802368
1317083546239029253
1318884283889704961
1319962373201997824
1317891743015161857
1317238255151173634
1316784859759738886
1317203292561248258
1313829016735035392
1312524675960852480
1311576772031455233
1322523893253443584
1317099793592836098
1318832883277193216
1317132952556457985
1317132245749141509
1317106843341213696
1314199843355521026
1318980663308058627
1317135986313351170
1312097912696963073
1317112506700234752
1318112402936909826
1317137291228401665
1317078851663679488
1316356753232146432
1313429757237882884
1311567937896099843
1315488360279027712
1317235217858527232
1317103311892455424
1316501752544460802
1312097257085456384
1316692009650917376
1317575191585820673
1317454812456341506
1311571475011448832
1312103108466466816
1316350270943694849
1317183162812928000
1317124518926864384
1312394665874853888
1317077662800773122
1311739943748866053
1312835709959536640
1312477540036964353
1312377629954248705
1316366627643027457
1317097089332072450
1312460984301150209
1317127423599742976
1312459833132503040
1312303107599224833
1320391788813836289
1316397752478302209
1316367295032197121
1311533079702450176
1317472676689182721
1317117543463768069
1316293764319793152
1312302308366135296
1317363875264794626
1312136830775562240
1317078229484797961
1317892520190369792
1316683140291858432
1318134995534446592
1312402097019772928
1312478998958465024
1317078791047548928
1312047885895299073
1316727667971035137
1317187342566903809
1319819465652006912
1313256583841931266
1317131708521697281
1322578431041806336
1320953482984202245
1317137796759457792
1317044149502304260
1312285461826633728
1317132716798857218
1316478773655678977
1312520939091886081
1312277228202360832
1317262271022845952
1311643975460159488
1320052424795631622
1312335288451162122
1317077914102411265
1317162036296495104
1312441259366129665
1312120553201754113
1315055334462033922
1317373226541060097
1317088876935131136
1312760990342287367
1312301654990032896
1312228909304483842
1317811240950026240
1316452841565966345
1320020071918555137
1316443615045070849
1312382766567370752
1317413548977422337
1317132705428049920
1317137011711614981
1317113476947595268
1317084221131935744
1311565511533244418
1316506122136809473
1317128430350159873
1317087605763309571
1311800615631237127
1316385967033516034
1317158386291658752
1316401442723442693
1316390779036807170
1312097189049626628
1316437077236609024
1312096025591590914
1317959928166887424
1316498032888885250
1316401643592863745
1315747023820402693
1316371581237690369
1311642471508709376
1312120087227232256
1317097572348166145
1317078630334451712
1316366259823538181
1312256931818594305
1316497681603342341
1316755150283968512
1316319740936282113
1317371182178512897
1317218286363381760
1317341108310036480
1317829069665337344
1316728328078884864
1311526639881289729
1317102362176217089
1317204731035615232
1316805931297103873
1312492949377220609
1317386691984982016
1317137257141325825
1316447816458395649
1311545089534066690
1317629897003700227
1317785346298597381
1320373397629620224
1316959048160415744
1318916954216931334
1316321705514749954
1317167585251762179
1316727721611976704
1312118331852288011
1322458386047340544
1320025087303626752
1316686976607805440
1317196250047971336
1317209078922420224
1317477557755957248
1317218461379104768
1316727755938164736
1316727239866753025
1311656963223228416
1316350947535335424
1316364439415816193
1312404926253985793
1312131376573943809
1316815522797940743
1316391848789913600
1312188959598899203
1312254239138344960
1320053738053242880
1316363748282695680
1317221226796953605
1312341668587278336
1316510965945565187
1317541371134304257
1317236111115157504
1317767873675362309
1316486391103197184
1316387325765615616
1317876476293881858
1312475636343087106
1313081817021460480
1317145851920306183
1317086735554236416
1317952860114587648
1317332219799719936
1317275186064928770
1316384650261147648
1322583087847530497
1316508747611672576
1316622004670410752
1314218155955216384
1317310753607684097
1316403710340235264
1322063000958914560
1319470548020301826
1316763632336805888
1312596420608880640
1312402789302251527
1317212580092481536
1316522762828120065
1317138654163238913
1319963997978976257
1316608141975580672
1317785274135515137
1313658225795923968
1316361190256369664
1312462309093068801
1322281741004976131
1318827305658089473
1317363255141158913
1316775436500840448
1312122287877885953
1317085461379227648
1319889865744547840
1317888334329499652
1317495285451546624
1317479356583784449
1317128769686167560
1316506815392354312
1316447708698365952
1316334350586306566
1316398958210621440
1317612406328168448
1317129018785882114
1312306605388632064
1312126381568872448
1317132772545355776
1312126222357340160
1317278639092891649
1317308174509215744
1316438656488529921
1311515035617898497
1316497850289852416
1316395822691627008
1316395659113779202
1316386420664274946
1316337005090013188
1316374170729623554
1317370405494153217
1311709411824545793
1312454535076487168
1317088133960302592
1317249401711198208
1317464274852323328
1316366585536360449
1312182785960886274
1317536331778740225
1316469094686785536
1316741273617862662
1317086266568155138
1316468006743142403
1317082331321163778
1311555404359491585
1317192201395265536
1316847084008505350
1314516924986986496
1312774711185674240
1312379627239804928
1317110846309486592
1317182248794411011
1313137386281414659
1317165249364168711
1317203767830380546
1317090622537388032
1315703962767634435
1316625293961048064
1317177102601506817
1316419503635529731
1317736235394355200
1317496703931551746
1317102285206540288
1316473265645289473
1318168011287703555
1317103097928388615
1312162345230102530
1317258087141675008
1312360313757540352
1317210026759589888
1312781342040625152
1317138064049868803
1317184766349856768
1317103315675734017
1317102958392344578
1313404698418982912
1316474509147410433
1312097350760968192
1317088890575048704
1316492303821832193
1314289829123887115
1316553437128130561
1312099731204497409
1317169122334167041
1313122414520422402
1317103031381577728
1316330711230697474
1317205128844292101
1318826038529560577
1317182750995218432
1315785953940824073
1317791222912716801
1317078845749628934
1322190878555938816
1316413082193854464
1312709551444160512
1317092522028662791
1317146522862129159
1317099691499311104
1316738529305784320
1311756500239634435
1316485687806431232
1317376707754602497
1317078988053831680
1316394539846901760
1317098968225120256
1317081228282105856
1317128160115331073
1312633552002056192
1317240250104713217
1317193607405817859
1317109147821854722
1317099374250463233
1312945941650059265
1315812780650500096
1317255962697322498
1316438046909308929
1316337938934968320
1316535647151235074
1316454699223130114
1316375045493719040
1315969637042081792
1317198378720284672
1317171854050791426
1318774338095636483
1317251027998019589
1315082961059033088
1312477949489115137
1317078223927336962
1317145437003042818
1317498153223020545
1317094304834342913
1317235598911016961
1317161166385369091
1322215425372049412
1316389415988662275
1312900077636198403
1312280638624616451
1317135763461623811
1312138891223199745
1317138402769313792
1317113442030018562
1312166659587596288
1317099145648365568
1317106003142496258
1317185594515197954
1317137546887966720
1317122936243970048
1317189647915716608
1317228212280315904
1311925005022908417
1316365916477763584
1316725566029139969
1316422994231734272
1317183846950096903
1316485215779516418
1312150349667393539
1312146710349578241
1316764834692767744
1313440430118391810
1316746421077409792
1312304427450208256
1317081663902523393
1312125115966976000
1312385761191301129
1317110451176656897
1317206694049492992
1311650193755037697
1318195542476849153
1317244013993406464
1319822859271852032
1312182479814455296
1316446252859613188
1312475932741914624
1316421766726778880
1316484806973235208
1317204003470663680
1311681161035419648
1317474531259355137
1317134593137512449
1317097382841122816
1312401367982538752
1316761967235936257
1312350766586306561
1317122174684172288
1312372853166215172
1316831582775390210
1312163313963261955
1317364488010608640
1316387409425244161
1322591099244941317
1312314813557637121
1317014217732521984
1317079330711867392
1316405285938921474
1317078510377324545
1317081870606229505
1311585372212584448
1316492073143545856
1313096580938043392
1316370591721705472
1317107726347046912
1316369756631465984
1321918339669741568
1312108382577258502
1317091014268649473
1316728239864381446
1316468916118487042
1316343845144141831
1317225148626440192
1317081880982917120
1316369781981949953
1312122116477603841
1317133061230833665
1317091380263555073
1317077893789470720
1319314974666358784
1317288242656542720
1317085642304770049
1317102872060985346
1317395453512646656
1312333567100432386
1312298420133130240
1312303993549398016
1316727624069197824
1316442704650350592
1316705560574726144
1317027338434105349
1315013926736801792
1317094263264583681
1312120658558504960
1317097854821859330
1312380557091889152
1319945799170707458
1317090884677177345
1311759370984849409
1322572410277761024
1312126293199134721
1312308143494496258
1317089980393672705
1317811151749763072
1312125205335031808
1317088906853142528
1311658706967248898
1316903703690027008
1320035108607459330
1317324930292326402
1317080000403787777
1316340928873926656
1321136872731463687
1317227629221761024
1312364198219911168
1312244074586365953
1312164714730844160
1312143529645236224
1317236031649947650
1312494012520034304
1317194336736628738
1316619058536763394
1316365704057290757
1313892870856871943
1317729486734053376
1317161583106207744
1316814206092611590
1316464003443568647
1312163289820921856
1316355335540617218
1312159864299249665
1316830563425300480
1316382305578110977
1316804886382682114
1312295260052230147
1312109321098981377
1318846093661245441
1317185557827620865
1316478068224069636
1312153905929699328
1316515246488653825
1312477921190113280
1316361489595478017
1312139189471772672
1314292470021345280
1316500508157317120
1316459001689890816
1316430309408342021
1311574823286509568
1317080967375429634
1316410590458449921
1316444354454618118
1318825246682714113
1317077954443300864
1314253584494735360
1317153898877095939
1315510537170681859
1317009598063300610
1316734048149143552
1317189437344841728
1312353583040548865
1312112003800915970
1317354124128755712
1311576358032683010
1312097238886289408
1317127342226014212
1317079741460107265
1316761148478365703
1322450154381860864
1317181987526934529
1316383362597236736
1322314862182150144
1317893141303787521
1311583052695470080
1318828503861764096
1313491046182068229
1318923715007176711
1312830874874978305
1317392212674727937
1318164469873364992
1316490993521381378
1317134166882963462
1312509329237372930
1317080051633037314
1317126565638057984
1316436484417900546
1316443883635699713
1317084816127545345
1317145796333142018
1317090612458512386
1316408421948817408
1317375268676358145
1312175663239950336
1317082824315408387
1317535674921373699
1317386446710427656
1317778900169248768
1317037950828425217
1316315357779460096
1316448158705160193
1312462489745940480
1317080976128937984
1313413575751479296
1312382385007230976
1312098327702331392
1316440880975413249
1316808180253556736
1316484243581816833
1317002087352438785
1315090443487637505
1317194009471758337
1317078992072134659
1312312013876494336
1317113345951125508
1317522883418128385
1317140701499576321
1318159971465519105
1316387054738124802
1312827267391852547
1316099237139148804
1321219007500963840
1311762052432748545
1311534034300866561
1311633414349615104
1317085165726871552
1317081736711446528
1316764440281391104
1317112269021564929
1316479647727714304
1318344307364012033
1316398668447186944
1316452346851926016
1316398501069283328
1317157348310503425
1317079283957981184
1317144605184434176
1312459160164864000
1317115489857011718
1321244129775542272
1317221349543321601
1317147690375970817
1317085663251017730
1316751138050506753
1312291719011078144
1316371046161960961
1317230559563833344
1316737310130569222
1312860605800419340
1312130458071625728
1317098811567853575
1316406015009660928
1318058557242310656
1317947353060573185
1317498454957064193
1317231628318658567
1317223634604273666
1316500463039197185
1316370648902651907
1315612104544714753
1312347415673008129
1316485319143890945
1317237061582245893
1317185667877785605
1316500713862844416
1317079250793541632
1318582404005638146
1316536968646406144
1319775929476972554
1319050185864040450
1317108690265231360
1317091285132521472
1320160783288893441
1316756784800034816
1316476916715716609
1313882035790983169
1314210835439382532
1316489734877741056
1317140981926461451
1314211110262730753
1317201994235432960
1317126810363187200
1312294561696428034
1317134087241564160
1320063512224387074
1318005721896767493
1317182453547737090
1312127092318896128
1317083835620884480
1316510626685087745
1321208943323058180
1322578814354993157
1317179542147125251
1317126885093052416
1316396164145610753
1317077476624027650
1317129304573202432
1316415950518923264
1320051766591918081
1312112541103865856
1312119205072793600
1311664418745282560
1316438460870332416
1316349953988612098
1316740635815292928
1312459939252588545
1317916227386413058
1317357570525483009
1312117323881308161
1318829214750154753
1318316351451238401
1319999410970021889
1316628525382881280
1317539595358244864
1312115485798887424
1317100364966039554
1311658288304418816
1315838537049223169
1313237592167657472
1317080912887222274
1313429422909935616
1316624601049423873
1316407422324531200
1317094469053927424
1312462106638209026
1318924567985987587
1314828687724945408
1314284402495688706
1317753385387495429
1317321142781227008
1317078942386356224
1317207925044269056
1317087324753317889
1320097073086287872
1316656059948335104
1318828623189585920
1316406608008802305
1317123978817929218
1316439240385978371
1318910820961734658
1317178104410931201
1322485594564501504
1312404992129748994
1312095567464595456
1317084292120518656
1317087447809929216
1311479389415182336
1312744607684403201
1316494528535293954
1316416040822288385
1316447276982775808
1311547549208190977
1317126146199355392
1317083082063814656
1316444533903818753
1316468211769106432
1316646079681757184
1317195659834019840
1317082427488194562
1316740021655724033
1316432152599367682
1317752283329953792
1317084855944028160
1317257691128004608
1311814730642796545
1317081425947000832
1316425936842227712
1313192178466914307
1322486655559913473
1318911824104968192
1316361135961051137
1317783804057178113
1317087692346327040
1317205326891024387
1316435136615981057
1317339802350637064
1316378106135969794
1311603248009293824
1316697832427003905
1318268601950928900
1317507225175400449
1317381043343732741
1315149180105617408
1317181922737639425
1318106827066847232
1318164429280862208
1316325865962307586
1317394922740371456
1316448632875421700
1317128132995022848
1313515982779027456
1316813260692369408
1320040118669971457
1316668876558655488
1312097576674619394
1316389159456641121
1312341856857063429
1317101700612870144
1318825863505432576
1313480599022325760
1319724961964097536
1312096917585825792
1317872604305383426
1316448933342785537
1313098686898069504
1316515100740681731
1313750503059226625
1317139702747746304
1312117920181358593
1316327334300000257
1317088293280952320
1319670504316391426
1317966881236656128
1316501672366047232
1311459845338472449
1312833837408440330
1312354771291045890
1320033978334826496
1317079426975305728
1322524881020477440
1312768641419612164
1316684655777718275
1319470053734187008
1317137086462427142
1312286035238440965
1316434009719791616
1312144446150995969
1317188406288486408
1312838524316524545
1317186747701317633
1317091110292959232
1317163853617287169
1317233475867627520
1317104132814229504
1317205733738344448
1318571136968523784
1317137528693063680
1317114336263929856
1317114561061945345
1316412340250849280
1317123911054667777
1315348862232535041
1317096826101706754
1312300722256576513
1318344975785119745
1312118923576266753
1314514903487655936
1318837393273835520
1312276711355166721
1312462357910544385
1318826253990961154
1317996041438887936
1317179374781800455
1312848900429148164
1311518114723622918
1313460823197655040
1313025179883315201
1317085530505568256
1312047952257601536
1317094164203528193
1312720427249274881
1312330033004978177
1312416804183121920
1312351527823183873
1312324412713111553
1312152119886053376
1316491975546343427
1315837126517415942
1316653774593839104
1316540654118408193
1317348134054465537
1312461157970501635
1312098800597524480
1312093084612689921
1319179214243962880
1316787478725042177
1314308172933402626
1317100557455196161
1317145312885198850
1317131358569889796
1317289180171468801
1317085308152913921
1317226217540624385
1317115375436312579
1317622329141268480
1317222891038117888
1317181709314555904
1311569195101040640
1316392078419648514
1312109277264318466
1317145254944964610
1317185111109009419
1318300767212785670
1320823992429744129
1316415792431411200
1316780292774952961
1316371388517756928
1313031716408184832
1312769504347381762
1316397134304997378
1318933106783449088
1315076033641615362
1312456308591742976
1320015784643579906
1317147403410116608
1317079832589721607
1316505493825892352
1316730585256210440
1317203620744617988
1317108724117491712
1318824774286692352
1316435195994746882
1322451803666001920
1317116735523332098
1312116945060208640
1312493155770490881
1317973402183999488
1320381065324789760
1316455583491461122
1316400249141944329
1317083120663994368
1317082525202788359
1317093211601514496
1317111020507324418
1317089415194415106
1316447894484942849
1316396524557996032
1318880383199596544
1316496306668539904
1311537251915116545
1312345082335563776
1317173170927996929
1317116317795835908
1316415019924496385
1312519111725871104
1315914202020806657
1312163162305617920
1316999275465891840
1317086843582767104
1316518535296954368
1318196803196669954
1317154647514189825
1315491359604633600
1312139112153923585
1317130077382037504
1318896513507012615
1317387302679810048
1318462046963367936
1317258298488508418
1316487199123075072
1316438166304423937
1316354023776231429
1317129883353493509
1316451231016026112
1317300548262088705
1318824966570319875
1312128716324048896
1311476094999113729
1318053447573426176
1316642301490483201
1317958946150322182
1317515047342571520
1317971325504360448
1312333514256388103
1316713317092790272
1312154236562501633
1312340796067250182
1316315573739876353
1316414582685081606
1316760126875930626
1317105771390341121
1312106543106588673
1316485949107441665
1316644014427430912
1312498076813148160
1317130011879575553
1317182992452902914
1319866510102433794
1316444929556705282
1317236278300184576
1313469499446788096
1316712031098146816
1316455376972283905
1316397320188104704
1317504726284476416
1317232926346543104
1316506306115665921
1316516490364047361
1317383454426882048
1315624370182795268
1312324860375371788
1317102191677755393
1317089350778261505
1317079673231298560
1312402660079923200
1316488305182158848
1317174231482892288
1316377699733114880
1311543902462251008
1317157664590266373
1316781861163720710
1317077902530412544
1316774750006513664
1313654897611505665
1312387138541977601
1317138545170108416
1317088893154529284
1316372312992645122
1316315572750020609
1315914363052666880
1316395521448325125
1312146074828636160
1317085953719230467
1318829155488849922
1316772227841482753
1312054502317535236
1317535457228574731
1312171431996715010
1316633436581490688
1317208822826618880
1312676767279112194
1316509364405121024
1317094002705993728
1317043467504279558
1318834941845712896
1317096084536201216
1312438629365497857
1322038565048635393
1316498686331977739
1317500643838394369
1317081974830411776
1317088761998659584
1316529486234636288
1312460779606564864
1316494559929602050
1312106490807742464
1317080501258231809
1317685180233093121
1316805630414520322
1316425959059402757
1312460374529073153
1312121312152748033
1320158984515571715
1317197570960199686
1316731712869675013
1314248469259997193
1317183190189170688
1317242983255769088
1317126089127432193
1318880546542522369
1311582092703268864
1317189366893215744
1317947048096878592
1316544492267335680
1317251870046474241
1314217182486814722
1317110816471175168
1317083116368990208
1316439788975783938
1317228478173937668
1317812024601083905
1315509911845994496
1321921209282473987
1317078747644940288
1316370532733014019
1316509131310796800
1316850798152814592
1317272153482579970
1312113071926591488
1317086544335900674
1318824990637281280
1312128399930880000
1316464934465802242
1318832379604107267
1312131958818758657
1317088360511492103
1313018608470159363
1317150295667912706
1321915736739237888
1317078999919677441
1316565895989415937
1316003315411562496
1316727803124084737
1317107050283999232
1313102502947098625
1317096773249269765
1322319487144775680
1316774069409325056
1320241992954187776
1317102071569678342
1315429863990407170
1317088525662228481
1317095158761115653
1317154525539688449
1317093037743378432
1314057280980123648
1317181777887330306
1317094401219399680
1317090385487929345
1317078818184716288
1313082224988880896
1312851624059174914
1312798491337465856
1317087666056331264
1316398703427702789
1312328602017554433
1317873611559047169
1311571163827634177
1316419090282622977
1312154081163538433
1316738292042420224
1317918297871048704
1311773827991506944
1322243597077544961
1317140418828636162
1312160774912045056
1317478899983540225
1317885025602383874
1316411826528190464
1316430208736657408
1311553387071246336
1318868424555114497
1312263745230561280
1312494967911145472
1317194109686321152
1317384634930466816
1316447152307146753
1317086338999607298
1312092722698825729
1316736378122702850
1316421745650413575
1316376880237498369
1317467309062184962
1316466128575696899
1312115004850675713
1317189632761733122
1312519580531585024
1312153389392781314
1317099942587105285
1317899277134344193
1317083966457995265
1316462843055820802
1312096448549449728
1312400883070709760
1316736058713923584
1315488490872807426
1317081347320668161
1317110763287420931
1317235304089210882
1317185107166285824
1317405371183648768
1312624365503221760
1316534406924902404
1316685326962786304
1317165883555483651
1317092782083801088
1317095757258915841
1315117938404405249
1320076391258464257
1317122130912415744
1316455101775708161
1321055573442498562
1316387027726872577
1316738155152838657
1317809043461820416
1315468788632940545
1317084916283310082
1315027729289543680
1317552779737600001
1317135471558930432
1317132935695400963
1311582344160194560
1317941931180216327
1311459146101911552
1316431314464235522
1316357817977180160
1318825030042701824
1316486306160087048
1317106166531489794
1312162683119038466
1317188121281351681
1317141641967390725
1316463801152278529
1317137165676089346
1317110504578519040
1312693326034931718
1312114388636037122
1317185737117282308
1317128054091751424
1317115413218643968
1316741982941859840
1317171636727107593
1316987829268959232
1317136441995132931
1316636594863050754
1311530782507360257
1312311026088636417
1321929254150561795
1317095321818771456
1317122563932327936
1317229431459598338
1320068222847209473
1317062714502635521
1317800494346153985
1322522685121900549
1317126511749726210
1319995675141177344
1317236067783815169
1317093795293519876
1316511339267973120
1317968118522781696
1316760634986553345
1312129688068747267
1317163500570107905
1317092336141242374
1316721487064297476
1312208358623993856
1312097186260414464
1317199754057699330
1317224784539824129
1316784216454180865
1317086222368624641
1316370347101491200
1316491981527416834
1317871975008768000
1317538376988360704
1317088068411756545
1316388228442796036
1312116475373608960
1317185913781407750
1311564861122306048
1317414264785743873
1316368017085861888
1311573154578534401
1317081922456137729
1316850056188788736
1316361190893912065
1318824885205028864
1316429862396219392
1317088529701359621
1316435419630891010
1317078750773870598
1312462814355677185
1316421507615252481
1316484164640743426
1317224294859087875
1316478230866661376
1316354208107552768
1321968287979311104
1317551037264384002
1312776272183988225
1312119516533465088
1312174932831297536
1312151402379010049
1317947948353937410
1317133334133329921
1317239126752710661
1317095272317673472
1316360655952400385
1318905004397350912
1317082281333358597
1318153049597235200
1319979643185889280
1317177097232809985
1317078923310780416
1316383888000856064
1311495764800147458
1316742014474559489
1317969032860106761
1316369335406006274
1312142898993848320
1317552093536899074
1317213294374096897
1316743301802975233
1316465556078329856
1312090640176623616
1311685043719491590
1312529977330425857
1317228556930420737
1317325818545188864
1316425663247781888
1312479679807250432
1318687154957131776
1312466370903199745
1317147309340319744
1317095987773644801
1312139817614938113
1316747200391766017
1316485359312797704
1312107165616795649
1311581154319925249
1317207977162670080
1319972340760039424
1312475659608809472
1313894584892764160
1312421393489956864
1317115401717882881
1317208550855331840
1316612171590238208
1317246963121836032
1316424591179427840
1317126220757291011
1315971103236526087
1312368190735908866
1316402885463363587
1317772728334716928
1316391898903441410
1316355596854210565
1312131274161623040
1317097494178877440
1316745821602357249
1316426194779336705
1317182082104393729
1316396795891720195
1312321611035553792
1311890444629016578
1312308050599071744
1316373886309666817
1313468915520020482
1318337237696720897
1311753414318096384
1313470287585869825
1316728712352747520
1316451388793159681
1316726337617432576
1317400166584954880
1316472254507765760
1316844338299703296
1317126203363438593
1316691360032985088
1317142480626790400
1317125062093393920
1312313460378816512
1314228116534026243
1316702444638949381
1317105647046057985
1316368707300581378
1316337334435143680
1313454280460902400
1316403630027702272
1316473711822876673
1321218373578051586
1316391281376059393
1317634036186099712
1316359244984262656
1312371840485150720
1312479092285992960
1312136767793819648
1317099294038626309
1314882571159982080
1316336561831784448
1317134497964560384
1311787459240497156
1317231684312510465
1317105478103666689
1312093911490473984
1317203541958758402
1316829950180196355
1317127380750794752
1317150795800940547
1317096546685648896
1317078981959700480
1316356613326995459
1317182596837724161
1317162895269126145
1317152390500487171
1317097666682257408
1317851762888445952
1318854738008571905
1316457865360609280
1316347286889299968
1312186250187558913
1317957276234354688
1317100651093102593
1317087813666508803
1316488241864994816
1317197520741826560
1317082019453673473
1317872127966629891
1316389652417388546
1312646609398902784
1318143013307252736
1316450782087122945
1318824609161056256
1317092676605534208
1316459232900907008
1317183785394409472
1317111791533555715
1317203228111654912
1317080305275228161
1316439136442736642
1316730770787049472
1312095097736040450
1317103702189264898
1312417388772626438
1317103995564019713
1312291087923449856
1316735521767469059
1312284281482498048
1317204668494340096
1317081376835964929
1316388696535584769
1316446141614088192
1311797525385555979
1318939461133139968
1317194187209609218
1319113776726245376
1316393809102733312
1312312984979550208
1320365497876172800
1316838560289488898
1317209742331252739
1316357285086666752
1311580533017714689
1318951052138434560
1317132577266958336
1316342952508174337
1317085297545498626
1317937615908294661
1321205287165067267
1317138366996107265
1316478266933473282
1317135204394409985
1319990733126893570
1320603303512842240
1317206085686775808
1317092775855357954
1317133670445207552
1318842688725262336
1317137315337097223
1316431668589330433
1317084297686323202
1317078419641946115
1315853118962315265
1322118016126038019
1318885992372338690
1316831427883827203
1317460050135404546
1317080437009821696
1317189409859620865
1317092545273434114
1317081283831484416
1317106164367298560
1317191232632868864
1317429280364691456
1313474973068124161
1312114600347721729
1318880816722812928
1316618360705220609
1316764067512676352
1316827676116758531
1316479190640791552
1316463420619788289
1315605354093383682
1316366787538288640
1316731746663239681
1319971916548083712
1317086707578265601
1319948237583929345
1316393797828345856
1317534650827444229
1316346022550003715
1316162165183787014
1312839343799767041
1321203136774680582
1311516682263949315
1316386557725683712
1317973266833772551
1312437499717775360
1312325286449557504
1317932895047192576
1316467741918986242
1316448630014763010
1317080856234807296
1317093933135036417
1317078800996458497
1317095771309834240
1317092157526888449
1322617270883987458
1317100693489094659
1317114015554863104
1315416088511873025
1317086085319696384
1315027890199724034
1313031166480584704
1316375047989334017
1316498921603170305
1317095083955654658
1316432805493182466
1311978079254974464
1317340382452240384
1322615853012131844
1317184693427609600
1317498416134500352
1312460726972284928
1317087107182170113
1314873117320376326
1322325550157975553
1312477503961718785
1312491054180921344
1317147367221710850
1317098843943686144
1319962912509857793
1317078721929580545
1320098532611817477
1317167355642957824
1316366912297857026
1316323383043334144
1317089746733158400
1316445095969853441
1317079451541405703
1317087288757833728
1312136204968587265
1318568347886374912
1312330239796707328
1312141791001415682
1317122329948966912
1318826360022982656
1318928765670535168
1318021568866492423
1317211512470163456
1316443778371194881
1316657254737817600
1315696458956517376
1312285431371886592
1312111042982367233
1316463489691652099
1322671221331447810
1312101032118288388
1317365293837070336
1315715318824787969
1313477249014865920
1312482694215790592
1317395586010746880
1313098397117820928
1317077748532334593
1318837305617092609
1313889852161744902
1313209007457394701
1317342526047649794
1317123618527203330
1312149536022773760
1317161155798962177
1314245381933412353
1312329621938098176
1312130598044008450
1317103700238831616
1318120783949008903
1316481292456923138
1312343750631452673
1311597346606788614
1317158809438138369
1320088347046457346
1317131118580322305
1318844462769049600
1317353796465496065
1320812712146964480
1312364970265505792
1311470039757983744
1317222949099868167
1317115150399320064
1316771267828240384
1316438659147673601
1312115965916717056
1311564821444333568
1317949276106928134
1316492227028418561
1316433501344993281
1317124805439737856
1313550813369962499
1317159740007501824
1317807971427037185
1312713943887024131
1318140661250576387
1312091907745632262
1317228022559313921
1317082405753266180
1316818668735680512
1312115921423540225
1312143821682040833
1317262648887607296
1316374894196797446
1320267220145098752
1312375331010076678
1311783154793971714
1312475468520550400
1312091668288602114
1312101398557806592
1318735292556337158
1316399041014624257
1312065818742710273
1317467565195747328
1318222621285240832
1317201444928368641
1317118256747061248
1311498524614246400
1311551627741016065
1318837461603287040
1316495823480463367
1317198822192369664
1317234943538376705
1316730777120497669
1316439818403041281
1312136100484321280
1313536771083374593
