1472265373777027074
1475423100229627907
1471038519317516288
1471024499713888256
1469651393426436105
1470878355981484040
1474284719147823104
1471239458783739912
1471218397165887490
1469050500452651013
1476625859389931530
1470769964621701124
1475224009121935361
1470008820613197828
1472155913238851586
1472221862906241033
1477013254870384655
1475260320658640900
1470755401398423554
1469070286469402630
1467612748796289025
1470660758186905600
1475991869372960771
1476994362584227850
1466927480682418177
1470098993246089226
1471371154178912256
1467079900763164672
1469090956477706241
1476870325048684544
1469962502977073153
1470094347144241152
1476180900534788097
1471929731587231747
1476993198287376384
1469342244922658824
1471933598399975429
1466178005945004036
1470091608276324361
1468617403055628291
1467538989150265348
1467752296629125121
1471622804873359364
1469360450315952133
1466887100939210752
1476915473841364997
1469383644297023498
1471934539371106306
1466888196453814276
1476471986062831617
1466182264426049541
1469261041137823745
1467170544697200646
1471208748869947392
1476995010214215683
1475438694765060100
1468241218673029140
1466947797337493509
1470872601635475466
1470088808804798472
1465912747049238535
1470757317901750277
1475946061147553803
1476203930698801158
1473725200483209224
1471928546268434467
1476627303744561153
1475340885160304640
1476982957860601858
1466050456233385985
1470858450192125953
1468633054486880260
1470804555734863872
1471477602791706631
1476651505738473485
1470057319438372866
1476964162756661256
1477009085589602307
1470577146628296709
1467074827865534470
1470877323314487298
1475759997061681157
1470094761059135495
1469078565589299208
1476183950867451909
1475614256825618434
1470871788519403526
1470093840904294402
1475954953072132102
1470088393312948225
1474398297787965478
1471436331167408128
1476893192142434311
1470097506147180546
1476717749888032769
1470406542918918144
1470890673436041232
1466940509792911365
1466778523956350981
1467240259129802753
1474856173639716877
1476254465187622917
1468009436396625931
1475501554966876162
1468595775974219778
1476960240755265540
1475458623291674638
1473017324835905543
1468762544131166208
1470093197561016323
1466282651300491267
1470876032605601792
1476924691340271616
1470052120539942916
1471923816028848133
1467059881861685250
1476997438317764612
1471380935245549573
1465887143314829315
1468240067806343175
1476516419693166594
1469052704207032320
1471083573990117377
1471374322770092036
1466759563168862214
1467970081753812993
1468262965237493761
1468626290425139203
1467231756331986947
1467104351051206657
1468500349375942660
1472082592920911879
1476623625792929798
1470095503228612621
1476205522038583296
1476303365973889027
1475013871320674305
1475859378528043017
1474949265789177862
1475254025587146754
1469961040872054786
1466230895346655237
1476897985711816704
1470094386075680773
1468651825503031296
1466931478009454593
1469103058915373056
1466974703587926016
1472877539660120064
1470097085760430080
1471247754106179585
1467635424352952324
1469359860517150721
1470943566927126530
1469274581995241477
1472024813833183235
1475549367268433923
1467930749001244680
1466389774248382465
1474694037173161988
1471928348146290699
1468304988791361536
1468138622184476674
1471605292983013390
1475907406160928773
1470090393580621831
1467172106219700227
1471957878361755654
1470113159667191812
1467210873110503434
1467053941129191426
1471434404136427524
1472195494042652675
1471919511783845893
1471342049865740291
1467530976272211981
1468604536390619138
1470058970647834637
1467190143215976459
1466703742196232194
1466021449240657921
1470827021597130763
1476161543788244993
1470088015305486340
1471356786196242433
1471933192630276099
1470038604336578565
1471742892226007042
1468609342446481412
1466121663100030982
1469069950878986246
1468470118061678599
1476894501532753926
1468253541252976641
1468276595127463941
1466929320644030469
1475443642907172870
1475373682524577794
1466925785084801028
1467003043514306563
1476633897811296262
1476257863832150017
1476900382030897154
1476895927013195778
1467198939975720961
1476928503887106064
1468762680114745353
1471007911598247938
1468559114972315650
1471955657612005377
1470433126505586688
1467200328999194626
1469211362287050752
1475525824384229383
1470127616246128649
1469033021605093380
1475954605104242698
1471313866990792710
1470061464429809672
1477033525534679047
1469307061360021510
1471919138192900098
1476205002154782727
1471334006356688902
1470019249972424706
1466927606100541440
1475431372521156608
1468612376350048261
1476359745581813766
1466960027529486339
1471105670133035012
1468616174174879745
1470093881949798404
1471033565382991879
1468752306820767744
1470619511506161665
1475463717961805826
1466913734710935557
1466449118642024455
1476939468024254498
1471435519372533761
1467630189714751490
1475471590259367940
1468726630117949440
1472125732981821440
1471989985662361601
1471471320940613637
1469267058747756546
1476898721044570112
1473225985348804614
1470097694173585414
1471427725802061830
1467226728351162374
1471232376248451072
1466490622471200776
1467229149173628928
1466336842064793603
1469083336580939777
1471392804760870917
1471917457094979596
1470129249495687168
1468655477886234625
1471231990074683399
1468241086812467201
1467752772032503809
1468510039119904771
1470436067476402176
1476257031526961157
1471959250918334478
1470089344975351811
1468626268149194760
1467200722701742083
1474685049740173315
1470671411421265924
1471917157697134595
1468560039501873160
1467149278246313992
1476547599587061763
1466927832869842945
1467532739456950275
1477054459985502212
1468625068817367040
1471400835892527109
1472306459232903168
1476354710483443712
1476635311455326214
1475948988478246913
1467069719748485124
1470095039372083205
1477004218473099271
1475651171108929540
1473644600833331208
1466751160669331458
1468364324683005953
1471252666298900484
1475945531277025280
1476901422629371909
1469131930083995653
1473060664205840391
1469963619974758400
1470098148202799113
1468635174401458181
1468522597050638340
1475312189242318850
1476462604159696898
1467548878467747843
1475949303600279554
1470006743283515396
1476997195996049409
1467068754660102144
1476901415889080323
1467539281312890890
1467598268221829120
1467101401331507200
1468298820899459073
1476990907660619777
1475789835872968705
1469286019229011972
1466761665693863942
1471433520346238979
1467502447925022724
1470016930430042118
1469021033436954635
1476682926284750854
1471014381358043141
1470777049228976142
1468606593566707713
1471987259947814912
1468190199356272648
1470796209229115392
1475764895069224964
1467941429498585088
1467249412791586824
1475502555891478533
1475946894815907840
1471434121469640704
1471227995235000323
1466171711603318794
1475710651209236482
1475423061117747209
1471919346536656904
1475416864767500289
1468308157416054784
1476495607267213315
1473482184291852293
1475210249384693769
1468598656479674381
1466164712052342784
1470801886311858179
1471121746224943114
1471935455872667648
1475909032468754433
1467846037746241539
1476617504147623936
1467541479849705472
1471122933036851206
1466222771550265351
1469261522094501888
1470872158654148612
1477056230749319172
1471930789696782345
1476919814207725573
1467774978695340034
1471225145238958091
1467791871103672321
1468362626791059466
1476893372522586114
1475953164516007942
1475462410672685058
1468705006639587329
1476900123951120387
1476998724882780164
1471229400704339982
1468424479273541638
1468682835175354379
1469427794648174598
1476187248043433985
1468242317232545799
1471245764718473221
1468642599137333258
1470098674629890052
1471222506946277381
1468598044195176453
1469130399205015554
1469347078002384903
1469051474235867137
1471557865462808578
1468364311131267073
1469967907379716099
1472328489957306370
1470096960422137873
1467442956588417027
1468629120091316228
1476207182152671232
1470826966639124485
1476205076855365633
1471932935859314700
1467808259805523972
1471925888816238615
1469393900393668609
1469318643100139522
1476624555821223940
1476995443301269518
1470521420228833281
1476897963721072658
1468522382071631877
1470864558579458052
1467543505530667010
1476985533968564234
1469960998257934342
1466713539360477186
1470035330409668611
1475571724129341440
1475740361343578114
1471954702489300996
1471248275118374920
1475909237356306450
1475252154235592712
1470094432838029322
1466912556124155904
1469338507823009794
1475487497610137601
1468256722854858753
1471467771934425089
1468490839227781120
1469126161737392132
1473002739219288067
1468854389708361730
1469061172414623746
1470088732229447682
1471953286513283081
1477052271515029514
1475418043765436417
1467874980658655233
1467746394316460038
1468628601901830154
1466174974205571083
1476229255243653128
1471268473724624898
1476636858591465478
1467544168499138560
1476206672972587008
1470385547705257997
1467193745267474433
1474395138608832519
1470822372508946444
1472006810882265091
1471038721973702657
1470088294339862530
1468567732031479818
1469554958177607682
1476929129857843201
1466944755590479878
1467568265161498638
1467137737585213440
1469230024268161026
1467180961104289793
1467928799899787270
1466929880466182145
1470811307628769284
1476407043187642368
1471241617633951747
1470942745091088387
1470094796169560068
1470071337444073474
1475431463952785410
1468290701343576069
1466220658707288064
1466011989176635394
1470122834236223492
1474490808279654404
1469049313028411395
1471213491977691141
1471481066586353667
1475941758655680517
1471882315831947264
1468824154497593348
1475586402230358020
1475861395430428673
1468651046209794048
1467037833005252614
1471365849269297152
1466368913663578116
1467557986679857157
1469099464669421569
1476197617197633549
1477017861398974469
1471924235656478731
1471214511076122642
1467552322163204096
1472740388934934529
1475977451616538629
1470890802339782660
1466887728881045504
1467049774188797954
1466501027985825797
1471917912294363141
1471960306607927300
1467942015820251147
1470479756780916744
1470655566523637765
1469063438794166274
1466887882874970116
1476639761410502669
1466123655268630530
1477010741257515012
1467931379237277701
1467000713213407232
1469068457920679938
1470100225360547840
1474928685006348291
1468577032598695941
1467193820404240387
1470779018316242952
1469398163870081029
1467539548934713355
1472684482838908934
1469975717127630848
1467007209645162498
1469082891917352963
1470890940017561604
1467249544727609347
1474706278660423680
1467237524699504641
1475473009775415300
1466071289144258560
1471226204728528897
1472159910582525952
1467434909623062536
1469333186274639875
1467152269221281792
1467486493878931468
1476631504214183936
1471973873440759812
1470008101239758855
1469486638153752587
1467165593254215682
1466915867858513924
1467576217868161029
1474859629230317576
1470305601637040129
1467554080847548421
1466874179400122374
1470583236858454017
1467812326183157763
1467068160029478913
1471928437040427019
1476623574559567878
1466910335110205440
1469063484029734919
1467532887776010242
1476934284913086468
1470218653077544965
1470780855295557637
1473653543731179520
1470099700577624072
1475319023072124931
1469092882795667458
1466011933501440000
1476631242724552706
1471386783816552452
1466785069813669903
1469102145244962822
1474772089727074305
1468598298529472513
1466901051966169090
1476517429228494854
1470091165043208194
1470094559615111176
1475569767041970179
1476767130167169039
1467592901014261761
1469277959747948545
1469978716981841921
1470797091756777476
1476438690079686658
1475487243154427905
1471505517046484993
1468240941710458881
1470898317798297606
1470845734413127687
1472121386126692353
1471464587493003264
1472156352277622792
1470529140256292873
1466275845924921349
1469986526767497220
1470182757116653576
1474710307134132229
1469586329491193862
1476895387361452044
1473972131528679427
1476301123585773570
1469049034983813125
1467535402919731203
1466760560293265409
1470899670100631558
1476205572395569154
1468596087321731075
1466501211054649350
1469060643592581122
1471434786711420932
1466466913131933714
1470754927991525377
1469364957401731080
1477037176433090570
1469740715219599370
1472359620085698570
1471477964755898370
1465838230243315719
1469964631053680643
1477026435319664641
1472374947809054723
1467009649681571849
1468755021323976707
1474795314188066827
1476623663562739713
1469045720808361987
1476375506534629379
1469027999718813700
1474907809049366532
1476995216183808004
1470140658828595201
1470097728202018817
1477012920961744896
1472231185254342657
1467470634737455105
1470776508654436355
1476626904920825859
1467504053978603527
1467198380946477057
1477046324390416395
1474732944694689797
1471456337406185477
1467597294757466115
1471263799361560588
1468652212767371266
1467197342474457096
1472607394366734342
1475822091865837581
1467145886748786693
1475225015767470080
1470098471495651339
1471563752646586375
1471434234317447170
1467423312984915968
1475267514473058304
1470771325430120448
1469047719830376458
1467207784022302721
1475952075884351488
1466928117520506881
1466937809634213890
1467012633626746881
1466439244306542592
1470800016600092678
1474490741497999363
1469489210252046341
1475473462504435716
1476894366006489090
1475466517798137861
1476895321942892561
1466338210318016517
1467444033727434753
1467200910107492353
1469969219630645257
1475425813004795906
1469069394873565190
1475500514766901261
1469982268450123778
1476967045069742084
1471398178457018374
1476595698854420480
1475461928214573057
1476921532983173125
1470676618708402176
1468905575983587328
1470152059743879177
1469745893922545665
1473981137705914373
1468250507848388611
1467614370037481476
1475648077071622144
1476243716998590465
1475224797307101187
1476994870279557129
1470530367056711683
1470091904670912512
1467656171381215233
1469597344379416580
1469682606837051394
1471220333755654157
1476928439852675073
1467568844562743299
1475844279297789953
1468652310519631873
1476993913198190598
1472366871118757888
1470778797490380804
1469981303932170242
1468129817682153472
1467181906022350861
1470780309461426176
1469976497721073670
1470140626389848067
1469376091135647744
1471228087924924424
1475965747994185731
1467931393015619589
1466014495457918981
1470098790799626245
1469222618821767169
1467007399013855232
1475557120028426241
1468601514595868682
1470640040879476738
1466847414933991433
1472051863180742657
1470798467815686152
1467000987931926536
1471373660451659776
1469503314773655556
1468350847318990856
1470012037938003972
1471935020164165639
1470098127512297474
1475477924061106191
1472206740905201664
1466804556378034186
1475565591893319684
1467532645961715722
1471486966072020995
1471450538541666309
1470377436001021953
1471221406188904452
1470077623342616581
1469961452232523780
1471800524945170433
1471596001723129860
1471898188848283653
1466380861536931841
1469933976894726154
1476895095639134209
1466160336906641409
1476882038305304581
1469452776388407299
1468596881563471873
1468615006656864263
1474824859528085507
1467005870055829504
1471975012974407681
1471532976374792201
1469083630660112397
1466213785811697668
1471918126417813504
1470151828423725063
1468283044226289682
1476933286303784961
1475433556847607813
1472668594366554119
1471042545249669120
1467183090279886855
1469627158830239749
1471380866140098560
1470775305560276997
1475523968115302406
1470773636470611969
1470449896264278019
1476957225822441473
1472215314142314502
1471293602579976198
1471948962257113093
1475046170632282118
1475948472021008388
1467203403495444488
1470775319745413141
1470092482025299972
1471211275954933761
1467427730216083457
1468289192379797506
1476308478939570182
1470488319029096448
1470899267313283072
1471218464333438978
1470432711588433927
1469091927572336645
1470056777341448198
1471371190233088000
1471239556582285314
1472009484826562562
1473904774860972032
1469089937144360968
1468254827344011271
1475908344548364300
1469293921691910147
1471046552835833860
1476446957761708035
1475906458441203718
1469069724772454408
1471232993930977291
1469063479755689987
1465993036647878656
1466745452943007746
1470409626109849606
1467867831337377792
1468301444050784260
1467030264719233026
1466909792853807104
1466451421931442180
1470821962872147969
1475973708233773058
1475121895204958219
1471538844935806980
1476893353614745611
1467500489365463041
1475460800315904002
1467202157258711040
1471931820933582849
1476903636353654798
1471947271717769217
1471642530592833537
1470887838577217545
1471415927795335172
1470449745533542405
1469368449025679376
1467020260000006144
1472194520284545032
1471429474017230851
1470002241725739019
1471493442156986377
1468260643656683527
1467167950952144904
1469065059125055495
1467939832936681475
1467433663411458048
1471365968513355776
1470091564311531528
1471249857100845064
1471281890971865088
1468598366292566018
1469634034611494916
1476994519652618244
1467979798395904007
1471247466020454400
1475519905059545105
1476894202093002752
1472084733442105344
1470092846329966592
1476898866461126656
1471221300052037637
1469035452116217864
1470151740414693377
1470756189344575492
1470079763742179330
1476997398685794310
1476262404216524802
1467575466454396929
1473974130659713027
1467136855938371585
1476177283878723584
1476901449779093520
1471564896315793408
1474704670719418372
1466365968133898242
1470092165678313482
1470097483867037708
1468788026130247685
1468614184766218245
1467890174105374730
1470433232097325063
1471532996796817412
1469969272025894917
1475521603723317252
1466354167514030090
1475533636963291151
1475564746669805568
1467619202353741824
1469049740780310528
1467975414047981569
1470053413065043980
1468709687772200971
1468606149301735425
1476266370820186120
1477001684048044033
1476675866373636097
1467224908409286660
1471933981809688577
1467120603652050946
1471941291659431940
1476671333668995077
1467073271514513414
1467204540944506880
1475491346433650695
1466830935119257600
1468598153037422593
1467201610686377986
1466725338759811077
1476994440258637824
1476490265980461058
1472124864731439105
1469374497094610946
1476997844678623233
1471236309423472652
1477028917173268487
1475906554822025216
1469060565196840965
1476474347942461444
1471434221344497666
1470596354456141829
1468739101289549831
1470803945568497667
1469551849992773634
1471221421946851329
1471221321329790981
1469369568963571722
1473699740160335881
1471229286799613959
1475173433067683841
1471340290636144644
1470771491109322754
1468812066748342278
1476998136010846212
1470092530977062915
1470097548316745729
1472530744635445256
1471922927071371268
1472214517002260480
1468253999820427269
1475229048238493699
1474109511619301378
1468245971318591498
1476910799629262848
1470765704668487684
1470091119983828997
1470097578423472135
1470753465655824391
1476903330521784329
1468284984201035779
1466933588721549317
1471734336772882432
1470088653837848587
1473071643442491396
1467201848453042181
1472889508106588169
1470511240267149312
1476476077656653827
1475543760180236301
1470840377011802123
1468979889143492611
1467093194282315776
1474832634815655944
1467217005732417538
1469824820628107270
1469001533014654977
1475784682319007745
1471539307920113664
1467538354065575939
1467095349475094533
1475442110031663108
1467603202115842056
1468920769434558471
1470091239471132675
1468634351168540682
1477023495867482112
1471214534224494598
1467440093950533634
1467092862718337037
1469069436246188037
1470898159761215488
1475738531184132096
1467963979758809101
1471650023712727041
1468368730681970688
1467011573210308609
1476043916344545285
1469050345636704266
1467137169080922114
1472245343920136196
1475604399762427911
1467886276493856772
1467235317740716034
1472363218798534662
1476648696464953345
1475436780216270848
1471233449033977869
1470053331045425154
1467010992139915265
1475304079693910016
1467162849139175429
1475934674686025729
1469965874052407299
1468767971036344323
1468131295200956416
1474709425248219140
1475078587757875201
1471919573591117826
1475530508717207562
1471086164400553989
1476993297134624772
1470447851838844934
1477046635721015297
1469245006431014913
1471956752644165635
1467584875213594635
1470093962367180800
1468246083851673602
1469990417059962885
1467259639582576646
1472111754637414402
1470144277573480453
1475428676288323586
1471273065275445264
1467608058926874640
1475746644671008775
1471234828880199681
1468638146191634432
1471213149831499784
1471930070298152960
1476259360292712448
1474708153484943360
1477000039620923401
1471520551839666177
1474706817670430724
1475558873218093060
1469496859408359431
1466454108542492680
1467128821589712901
1473364551080972291
1471478567313756162
1476630232933277702
1476965738489556998
1475913996935045121
1467250073759322114
1471436734344925189
1473555378789048323
1471953033651179524
1469996794180513800
1468609255217549321
1469057950924918785
1470930300972810246
1470092359799119878
1469328733488177153
1475464570894536710
1475473597011566592
1475307030411948034
1476644602065166338
1470099857943801857
1467198822921220115
1471228183768973314
1468572753783578628
1469082200104710147
1468933142702604300
1468251624179126278
1475673691430305798
1473090440001904643
1465986299152805896
1475259971130601474
1477015126200963073
1467751435664347138
1471392776881324034
1467219491822075905
1470088957690011651
1476926316742156296
1470126550733443074
1469056349480882176
1472175689612906496
1471453355469774855
1468245864883892225
1466911991147249667
1467002201272983554
1466916373234425856
1467230435524726788
1466504850762575881
1466708025243320324
1467127277649641476
1469051544515620871
1470183812680278020
1466936310325784580
1467548733575512067
1476338660161191938
1474490636627763208
1475292076090830853
1468356809928978432
1471339963174240260
1468523893891776513
1471563270016405506
1466190499312775172
1471770334894374917
1470058914758766599
1468360141783318542
1467197071727935488
1468617766957629446
1466887728893554690
1468529859982991365
1472447458781323264
1470585612734545924
1472173620575281156
1467994466602651652
1467522024822169607
1467107749364477955
1471226896994258946
1470799914724700161
1467789509865750534
1466792261933420544
1477023469598646272
1471222205010829313
1468629170288832512
1466674751867396100
1470485563153207302
1472007278354219011
1467399879030980615
1467261177310769152
1468663012450082822
1471446006466289666
1476652071277547520
1476237404075925512
1466941854008713219
1468125720694206467
1467056211405201409
1468844052384825351
1475428919994109959
1469277228303269890
1474854096041611271
1470904609900277760
1476673020219564035
1466175423671320582
1466596566668648450
1470098323038253065
1467550191318450184
1470475722380689422
1466022670034739202
1472201528958144519
1468490256655826952
1466116291614416899
1471209441865383940
1467537035728769027
1475591850732015618
1466136904882135049
1471216311854419979
1467272021226762242
1467006355236016128
1466917411278528515
1467596148135321604
1467927438269292549
1475947370940715010
1468912536431230979
1469974777846710281
1471937844302200838
1474716276304003076
1470911723527983105
1471217482878922762
1471948785840443395
1471401309983154178
1470092577370251275
1469971682525949971
1466679823598866433
1476658129060470796
1468352478961967121
1466242658301579265
1475580134606389250
1470875216209272833
1476205067854389254
1471225104453578759
1468625167693885444
1469695916953243657
1471964396687699977
1467554254554648587
1467200613318541314
1477022767027568645
1476258553874821127
1476177181495775235
1474750606908792836
1470800569279389697
1469970137910554633
1469322444070555650
1467999743867756546
1467957680195186692
1475298075384193033
1467199816837087240
1475502698351017988
1467647981964959746
1468606661849931783
1468138838056968193
1471928142189285383
1470778872744624132
1469975027567181826
1470802979691405318
1475473864901763072
1471387458092908550
1472237302814588936
1471929038184800256
1469971286726172675
1467942739396419594
1467531852328148997
1476174186053779459
1467591244482289664
1467056773978894346
1467166091545829384
1470095970604101638
1476255143150735368
1466887728679690240
1476969367648747520
1469258351812952064
1469038753813606404
1476639580761776136
1476994309459226630
1471647398329991174
1470099999811907598
1476740288882352133
1468767801716482050
1466026968147800071
1469255715839787008
1476631858653933573
1466524841742417926
1474744592578883584
1471512747233841163
1471485709764673536
1470756595533500417
1475021456287354880
1469960554139856906
1467821874088497153
1476185540961656836
1467107487295979522
1470975463220776960
1476896861797732359
1469585115638546436
1475427958840074245
1470879374278897669
1470758198919454726
1476936232328380423
1468102756800118787
1467121341799309312
1467578789634920450
1475460813381066752
1477022572558618626
1476893230558060544
1477048349626937346
1470791873577070598
1476187089335197697
1469587597186015236
1467001665752502274
1475796447786577929
1468674348496138240
1472038326110670851
1470567486621995014
1475559295349575683
1470808969069436930
1469963307838758912
1477005235881222144
1472133309501222913
1470990652192215041
1472223058903633927
1467967761095688193
1471962077539540994
1471958169115148289
1467929190599217163
1475473807443959825
1468109424229244929
1466755590827372544
1466468454991597579
1476664173228666882
1470875150807715841
1468631789388378119
1467198676095451139
1465846482968449028
1476962918789005313
1467121284567945223
1467582244483174406
1476657293110435841
1475428161378734083
1476261221947125760
1471279295867887617
1467001040029560832
1470089234430234629
1469062794507083783
1471917798112829446
1466524742249324549
1469964588024221697
1470034157711540224
1466215116811251719
1468936712004976650
1475565371910500353
1472065128845750273
1466173480316153873
1471253403535917063
1469966669489528840
1467099058774978563
1467205960418705417
1474309347471761413
1466071622394200082
1475264829535444992
1467536636112162823
1469082484570738695
1475035763993677826
1476938687544012802
1470092887123763200
1467576963737034768
1476959239352557568
1471247589114892288
1471956001154818052
1475195475129159693
1472214019473920008
1466941213236465665
1469264215768813576
1477029539247177738
1467541964954509316
1469047549973700610
1470247201695805447
1467000947524128770
1471303819292299264
1470055065528545290
1469597694004023297
1470095455082233865
1476627218285666305
1466920906152894465
1475909691419119617
1476839413221101568
1471436971822174212
1466371114175770629
1476894268237262851
1468861353691688960
1472842105332588544
1467107281338777606
1467257297894359042
1472009339481296899
1471209275980759057
1467926250069151749
1471258789529665538
1475602996826415106
1470774609020690450
1476895688797700096
1472100358327611392
1468495904244183044
1476183626379407367
1468961885907087361
1469952192622870532
1468506184630087688
1475594193175261184
1468964292116373510
1467534621705396232
1466940779818016771
1469119433431998465
1471459837200551937
1466076971830587396
1477005058831233029
1475911052948877319
1471236814958645248
1470516661585432583
1469992284447989763
1467533648585015304
1470775441648726022
1476326860179001352
1470098050706251777
1469060764447264768
1467529070355394566
1469049055921774598
1468263034841968640
1475447749193650185
1466780668881420289
1468609098446954508
1467001999770079232
1466968613890498562
1466858027689021442
1470095366355931137
1477066664537731077
1476994071315070988
1471969983630659595
1467021077029154817
1475428687424241666
1476672091298701317
1477044772820901889
1471943563382599693
1471535434190798849
1471634834338549768
1469974773266632705
1471293816661549058
1467002118313807873
1466673667727839242
1473775490410422284
1470098015742480385
1469277993629589504
1472076283324547072
1471372315674001408
1475866397024661505
1475614861346410504
1468584521599799296
1475471653941518336
1471221809714540546
1467864138013712393
1468240676596944908
1466890331497107457
1475969635057123337
1466738131605106690
1471271543569272836
1476910233909870595
1466368916289032192
1466740109018120199
1470101968664379395
1471371007915134976
1467941891115307009
1471550603998466050
1468336553659297795
1476154575883321347
1470204928828362752
1469329006356926473
1469102025757630471
1471617750955085826
1469060394920689666
1476632330865364994
1471936227842662403
1471218309416861711
1471436156953071617
1468243896673177616
1473338643196514305
1476916494944673826
1465883087481425922
1467504178968813572
1467929023217078279
1466899918082215943
1476736389270188040
1469633517852454917
1467928238496251906
1467053517328334850
1470125021821652993
1468603373104648193
1475249540240445445
1468863792486522883
1475769054187208707
1470787084659179530
1471456469660966913
1466905640173858817
1467217931721453572
1472486697866833921
1467544994093355013
1470779495955189775
1471949514265219073
1470012869479735298
1466626354900869122
1467555305705852936
1476926023115628552
1471965855470821385
1467862301965525003
1471218753572675591
1470574491193561090
1475475123864014848
1476461653222899712
1466385710458490882
1476997628432949261
1471919345001500675
1468651763658108932
1476627722851995662
1467187205034627074
1474700453040779267
1467586945698177031
1467052473185624065
1467048250452721668
1469070216986517510
1476966794040590337
1466109750463115269
1471376388578021376
1470065629877186566
1476390761684168708
1470890962482257924
1469295649694920706
1470094499116429318
1470100350480826368
1476226012304363520
1467928691934179333
1465980373876285443
1477012750224310277
1466950904200978440
1466911715086503938
1471045059026034689
1476505656471527424
1475092526147190795
1470003793576087552
1468601243849396229
1467542451497938949
1471219203332055044
1466496005868859401
1467578151014486022
1476146407891517443
1472278742122778627
1467210746232778756
1472218617081171972
1471291377250193415
1467800925888823301
1476902725782839323
1472119653053104130
1469086793970724865
1472081489328328707
1475563556057792512
1467581107243790338
1470033049446490116
1471989695148138497
1467493074788102144
1476989835017662472
1470069651245830151
1467051007763009545
1468485106356690946
1470095661861425152
1467128358609858567
1468510031842844672
1470797117044277254
1476892794308472835
1468077117913059335
1466909979496042499
1475417908633296898
1469068212209868800
1468825605768687617
1470465841351335943
1467545377285021704
1467082906443173888
1468289317378396164
1476998843048808452
1469714361577086982
1468248443055489030
1475389652186152962
1471394685126127616
1468741127931142146
1476998965098917895
1471464605352407040
1476516283491438593
1467545516380766212
1476636928460079104
1470776166571298827
1475437409848410113
1470767812750811136
1467934050304282629
1472740263026171905
1473465714086498307
1476244850228011012
1477020344116518912
1470013187462512644
1470099792739151883
1468248210590375940
1476275845438357504
1476899883533623304
1472220065680474115
1471297000498819075
1470088511353233408
1474869598117847043
1475174658479726593
1474977530532798465
1470088576901787648
1471919426375143432
1467576139992469513
1470765131948871680
1467548621516201994
1467992637655465987
1468666614140841991
1476995625904316418
1475137150853300230
1466182603384446983
1468250721321725957
1470096070000660482
1470786727858122756
1475482947285303311
1472245406054567943
1468273897170735113
1473158555171983360
1470098450649915392
1467180044258791427
1471959907146547201
1470897984846114826
1469083615195803655
1468351167398924288
1476334138160472065
1475457936482836490
1475417948877688834
1476897657301962754
1476274384415379463
1473652026550669316
1470757626313121795
1467097403803279367
1471467359374303239
1468696148793872388
1469670632061292544
1469369867040178188
1471922489483661313
1471329462558023681
1470092627748044805
1471594730588831746
1471935286926057473
1469961196400951301
1468614842617577476
1470872504956858372
1475600870041608193
1466739474340069376
1472156537217064962
1475625648542695427
1469289895550193668
1475615179723444225
1466939482788225025
1472018931359498241
1468621395357802500
1466927773969178631
1471923678468321289
1467044559708377090
1471229526663434250
1471238814614147072
1470883880844546050
1468351291743256584
1475318879178137604
1468786332256411654
1468370223329943565
1470764538970656776
1468985794970984450
1470095848180699137
1472824426785914889
1466842166257274882
1465945208768630784
1467974867823779855
1466920993969082370
1467532183841742861
1466390487431008257
1475908324818403337
1468656432736313346
1470098647605993480
1468711811889381378
1468262702468550658
1477013011785302018
1467477598347403264
1466220208356573188
1471463943600287754
1468104018182479874
1467526218593542146
1476995199519932421
1467071373671645185
1477025887568674824
1466173124475555841
1470346975958679557
1470074805353332736
1466403827616292869
1470888824138080256
1467009968553570329
1468597105514135557
1469284950738444290
1474839879368519682
1472535074688184325
1476970038439596038
1470745257226743818
1470595349135953922
1467485165769396226
1475545946549334028
1471211360679874566
1471924370775945224
1467400492603031554
1470100392268779521
1477011869508546563
1471060386749288448
1470832480735449089
1466241802541936641
1471084483977826313
1470873900905021446
1466042944230608896
1473683833497260042
1467472216317210628
1475469844334186506
1468693944477405187
1467754963493396480
1472713327281197056
1467555355605540878
1469059738507919360
1468242420995436556
1476503276673773570
1468621749344473089
1471968474289381380
1468291431781572612
1466523774149435401
1468250587183689733
1475483679619178496
1470643123554508809
1467050600374411267
1466761119255642115
1476907487081205760
1470875032029208577
1467205227862536204
1472137577796968448
1474704388195340288
1467591347356028939
1468512260364582915
1466488515290705924
1471458915854467081
1468243222229139468
1470737017919188992
1468862202698473476
1467171098714382336
1471979213888626691
1471253285122318341
1466909533134102531
1470266735110541312
1467052979576610817
1467010193309704192
1471565234926141448
1470771205972049925
1466013652805427202
1475222340455837698
1471926334205173765
1475248951242768386
1476700716697894912
1471326561886429185
1467228056024760323
1467490407122898944
1472847877676404738
1469068978463162378
1471598064641183750
1466258511030104072
1467214200988651524
1470090596182335494
1467571745615978503
1469327751731888131
1468662123026911244
1467539142531764243
1470782696439914496
1476193748526764038
1468396182741336068
1466781932352643074
1468854027555422212
1466449766968143873
1467259199629369344
1467204443456294915
1476993974665687040
1470434850616545280
1470255725125455884
1466205352530264073
1470535846457753601
1468610533041614863
1468252868398436354
1468739367053185025
1477010461732360193
1467582304671391746
1467052028648173701
1468708462800613381
1476320193915801602
1465997289823281156
1476902391639416844
1469231779261333506
1467810036026122245
1468734912396156929
1471470934884290565
1474920292623556613
1475459391763750918
1469984364058533893
1468635599305383946
1471564542027214850
1472126139007217667
1471957804651106306
1470871242249060353
1476636026877747201
1476924209460920321
1471962593279582211
1471922198256488454
1466929604011036675
1473192232312360963
1471208995570556931
1471222020335669248
1475426051979452418
1475782621397504001
1475246021164863495
1470100449747513346
1471963969439121411
1469068739123597316
1467545160565276674
1476578100070817795
1469403421987987463
1469046529667260417
1468180044665307143
1471220529101168640
1471251195704627202
1469053074438332417
1470142325997273089
1471209940786294785
1471205210022416385
1472223558214504457
1467085443086827520
1468241754310782988
1470098705495777289
1469417557186781193
1466950969091137536
1470433763918286851
1472219620509683715
1470058043283021825
1476150460268621826
1471354426996764675
1471013173130141696
1470065663729410048
1475312425331306500
1467549552114909186
1474694069066608640
1475678922486341636
1471919308678774791
1466932998226558992
1471948406172143633
1471138302254141442
1474774309809922058
1474096746187923466
1471588929577103361
1476997051816755207
1472221330049273856
1475577632846659599
1476901248146317319
1466832008496259088
1477061047907459072
1471783775822614528
1468610763904495624
1475418648126779392
1469967623358226432
1471247577677021187
1471223487180193793
1468748451294982152
1472535219773353990
1470094912356028423
1468978209811271685
1472011937135403008
1466546310220173315
1469282157206159371
1477000019823706122
1468606331477188615
1470016213690507268
1467212211290583049
1470878826213302274
1469240434581028865
1476261515368046594
1468723683900502017
1470166656777441280
1472741837291069443
1467542683765907462
1467171425266110472
1472869101110497283
1475437446817013766
1476980714918793219
1466935454700294147
1469185227256115203
1475787336575295491
1468292935976378373
1471939179181400065
1472117107869556742
1471225929678475264
1467563481490726928
1467485254260830213
1470093929257316354
1466666757288968199
1467123572141342724
1472187580716306444
1470094672953552902
1466364904475176962
1475379996931854343
1471233246038052875
1468595705690431491
1466138217556676608
1471060330922921989
1469609386473660419
1475555729931132940
1475477636130517007
1468273097769955330
1475687061743144962
1472220868478750723
1470097962906931209
1475089298550571013
1476653161276448771
1470092056500609025
1471229669408137220
1467198439788269577
1471965140987822084
1467206622351171594
1471286838769995780
1470091073443749893
1467532687950991366
1476896884551831553
1470098199536967690
1471935260489302020
1469421259591241736
1476968895797936133
1477026728660897793
1469768305481236481
1468361858365153281
1467633469253640197
1467250986787946505
1466935355010072582
1471215830662795267
1470126367081652233
1466960585195761665
1466544766829666306
1470098235339460609
1468263686263521282
1468292460048789511
1467000791118532610
1471496862230220802
1467426292148678658
1475953799210717190
1471373389960994819
1471418279474659331
1467532582304759810
1468910011887849474
1469059092081782785
1472190283005800454
1467172068861132808
1467060806999318529
1466174837118980098
1470070315975856137
1474934547741556741
1471954025092456452
1476625566807777297
1468960644024000533
1475803730876547073
1475511677269516294
1468652239489273861
1469085269664178178
1468352786668658701
1476540257138999299
1475431901297008646
1468838776373919747
1467543199346528270
1468841086172999684
1470099764591173636
1476239232918249477
1469050664135364608
1471267133661319173
1467218778069024768
1471434646789492744
1475371045125332992
1477039192039383045
1467987876231188484
1475955319238975491
1471932252619689987
1468634995250147331
1476906617375531020
1474261427011694594
1476908037906567169
1469345796319551490
1467082553647673354
1476379942900359168
1469195688558931975
1476347985634156544
1467137899800010761
1469350491566055434
1466183665390657540
1476896283399012353
1465935215524782080
1469060650165051398
1466739358938054660
1468247731693142018
1467323260157054976
1468978476682199042
1477003323870162945
1476568604158173186
1471431975324073984
1470100105932025861
1475928807064453129
1471257551396380678
1467048802720833536
1467012380773257227
1470804557110329344
1471220297114304512
1475914195459874816
1470089555055423493
1468618402373775365
1476632872937308175
1467379566566158336
1468283897247055884
1467927418447056903
1474711231122620418
1471930865085210633
1477009803008479237
1467167639176892428
1466169076636651528
1470801908332101637
1476587903077732357
1475577474398490628
1469343414227505154
1468608252376190984
1468252690748784640
1476920860741185540
1469503941540995079
1467099124138917896
1466376377360338948
1470876199710863360
1469344964324872193
1470097905772077063
1471454741716684804
1470098958429081605
1466321810128097283
1470770940262981649
1477004328565374976
1468633148217077770
1467071518312173577
1468470243802730499
1470096908647645185
1477033381795880963
1470120578988355592
1468599516165193736
1470774147496255501
1469995133743554568
1467602833277128710
1467119817912111106
1472013128376406018
1475487638333317124
1469261024423559176
1468841977085140992
1469334079355199495
1465955733351153667
1469972266616336390
1475950395654656004
1468246049726861317
1469061009545564167
1468601426268102662
1467198480519159810
1467824462485676032
1475955151286542346
1466267257361907714
1468941872190181384
1475784821226020866
1465968732036075525
1471209765166592003
1468154476808843266
1470158586609295360
1471257180477214722
1470046563770773512
1466016335234797568
1470007125816532994
1467542668368662535
1471213103077539843
1470098911301881863
1470873700228644867
1476998053609488385
1471917976358170635
1468971284318932996
1475857862375227397
1467918712707563523
1471222374146191362
1470407522293059586
1470089748198957061
1471953302749335553
1476711691056553985
1470462892721979398
1471492223590039565
1477000973268787203
1471921128801284097
1470821364860960769
1467608100697952261
1466931034067554306
1475911481451552771
1472330024216895490
1466464718684663814
1468635323005603847
1471983634131439616
1469580971398033411
1469226935507210240
1470884287566290949
1470872698859442179
1471049740322320386
1476241659134459911
1471942997105418246
1467200157825523716
1469986644107591680
1466997758083190786
1467154629276405761
1471365671967760386
1477048930672250889
1466927180156481547
1475906395765710848
1471262128141217797
1476962311818686469
1470099834346606604
1468217845028900867
1467100075574898706
1470169331568939015
1471617930261671937
1470099926491279362
1466501179664478209
1469098829786058761
1471098441342361610
1468591092765540357
1475052891455082503
1476981184718688259
1476940395808493588
1469064799833268228
1471248457419698191
1467540550601650183
1472210483683942400
1471354802923880449
1477031159628546052
1470095528495132674
1471455674127294465
1474822383286505481
1469044751051677703
1471222513850109954
1469963603059122179
1475440604708585474
1477026408866238472
1472002189849735168
1470155110865059840
1471492583893311495
1467551127034114059
1468990713161555970
1471964713051475968
1476197746231103489
1476687740871794691
1475786696302030849
1470091019681210373
1469100129877647360
1469505311266402309
1475912965954093065
1476995777268494339
1467155941615362058
1465864789595406338
1470758261934927876
1471496838964412416
1471424560838942720
1468368697005948928
1467251570165301255
1467186418753617924
1471009616393916420
1475907111364313094
1467061125288243201
1466886989257457664
1476059240708063239
1467479128857321473
1474069804768272390
1471934995082223624
1470759627004555267
1476923749735841793
1470481863512895491
1471239150452019214
1466677955334221828
1470100186953400323
1476307298654072844
1469342276359004165
1477012441926094851
1467197006539984899
1467251320230981634
1467500573381599243
1475537537787740160
1470091531398926349
1470062237071118343
1470917658036027399
1471487621780185091
1476925291067056136
1476742435644526600
1471920472153538571
1467539214015381504
1476244323608018945
1470094703064489985
1470526850355060740
1471372895972737026
1475467292951650306
1467927324045758468
1470096876988944394
1467554965367447555
1471396071251365889
1475721147878711296
1467043358174597123
1466928392687828994
1476624315978235904
1469049625260793868
1468344863510904832
1467041400478998529
1467932204315648001
1471400170810228742
1471347021336489987
1472178203863171073
1469687194998784002
1467068955080769536
1473071042151202824
1470877859669549058
1469332425020956680
1471433473785307144
1467607756198789130
1469090883618455558
1470010797556436992
1476907870222524438
1474337321021587459
1468256206946975748
1467580188758261761
1466140430010101766
1469095662721581063
1471927049518559240
1475383439654326272
1476896076070281224
1467203082715115521
1476895924878286857
1466218302443773952
1476237506458927108
1471991053205090307
1471941422882471942
1467025117482037249
1476408989822996483
1468486694978654209
1474727934724292614
1474685419379900416
1470098587350675466
1467590134577172493
1475797923942342657
1468226909322592256
1470139356052611073
1471191193648340996
1469993156561285120
1466725910401454081
1468264522179883009
1471519852238155779
1470786907395268617
1471066688049274880
1471185787060465669
1469360772992180231
1469581506863669250
1468286878747136009
1471930345268428809
1477035345703284739
1467198997362319361
1470265831594549252
1471930349378846730
1468599208517292040
1467607122934476809
1470092230664888321
1469367049235230721
1471923640249819143
1466931034361106435
1471930460683083780
1474908280329838596
1474384356911235079
1467052969006968832
1466508358140272640
1474688294076264452
1471240613945389060
1466428553801744396
1470110828078772224
1468602947969900561
1469422411300937732
1475225895086567427
1466957672826216450
1471786986352648195
1475456236690759681
1475535098678333452
1471209647617028102
1475418618368303112
1466082515375038468
1475602890500755462
1471017997443768320
1467761038821150725
1476925221781348360
1476894597150384144
1473075766783090696
1468887198875496448
1476247068486344714
1468690343747112960
1474039466985771010
1470095000591609861
1472098990116200453
1475047210790400001
1469969653061591043
1476996635876073472
1465934658948976642
1466158683373641728
1471442926660108293
1468307115169173506
1471232318182469634
1471564844524527620
1467237567011639302
1468483899709960197
1470840453138366465
1476901406317625344
1477018253113413632
1476294936509263873
1470877395284631557
1468966467219574800
1467958604288385031
1466036412030070785
1471218615324135426
1476906632756043802
1467980934892900356
1469710623458140165
1471918510158880768
1468787400637706242
1471582094753255430
1475046293735194624
1470756228162899972
1467821655900700676
1470092432171802627
1471868704669552649
1466524780429930497
1473204043300356096
1476902655515672576
1472134805739474944
1473220122475216896
1470890708399804420
1472499734703181824
1470100270113824777
1470353182979198982
1476894679950057476
1471977839260016642
1467211745949372418
1471964638980059147
1466102159909523459
1471521652815060995
1472187190625112068
1476627007811293189
1466765554727809029
1470088326623469572
1476999082744893441
1468573923365302272
