1543701782039232512
1547330994134552578
1545113212525453312
1543318770042683394
1553421258229964803
1550231022838628353
1545353682929291264
1549854187315515409
1545698890485321731
1545348522266038272
1545415081969831937
1545372135555796992
1545414134136807425
1548270048694788096
1545421455101308929
1545407298566344704
1543991274755293184
1545115949841485828
1549966757216993280
1545356536507252741
1545441966456033281
1545796497593229317
1545363086223237122
1545117649386016771
1545367129146400769
1553761091477540866
1550431647039979520
1545374578523922433
1546390691227570176
1548772823728005121
1545173779722158083
1548423968842866689
1545248796791259136
1545127774066823172
1549350844319006721
1544331372944363527
1547960798151991300
1545169496071184388
1545518898468032520
1548065333562314754
1549041315345625088
1544280056117268480
1545393530494910464
1545070193629691906
1553039122662580225
1545465021370703872
1545343526086578176
1543746133209628672
1548008182483599360
1545359225764909057
1544333804323602432
1545370929072672772
1545540102457364480
1545347360103989248
1545390349807505410
1545385044683923456
1545312711747280896
1545306400099909634
1545144148881297408
1545315509314494465
1550450592207831041
1550423381635485696
1545313347742072832
1545186946162384896
1545459877178392584
1545704072044593154
1545324534605152257
1545115619892281346
1552906181034770438
1545341508857085954
1545408000541790208
1553089447079694338
1545182765557088258
1545278670088163328
1553041593019531264
1545526601533775877
1545368776048263168
1545454115106574337
1550192495186677760
1552010533922029568
1545630745410035713
1553735373028835329
1545104134956785667
1545158481434525697
1553817514840391687
1545440608856195072
1545114395994382337
1545459895918526465
1549508670131675145
1548772718979448841
1545426699491368965
1552765057481809930
1553278861038714881
1545320168527732736
1543719881954263042
1543716290346598401
1551901627896012802
1545302459169505281
1543927190907244544
1543348569503047680
1545441588175929345
1545462197236670466
1550238607742537729
1548061198377046028
1549378288661024769
1545430578488565760
1553676757886173185
1544027835450408968
1548287911778340865
1550535155864854528
1552781377136988161
1553401616258453504
1547881503736025088
1550546837110759424
1550587789254746120
1546227938407976963
1550188863255191552
1550533036432834562
1545292521537945600
1545434590839463937
1551379762551169024
1545410897040084992
1550428665477042178
1545519143985856522
1548405969083777025
1545367328929595393
1545162051470983171
1545314163622387713
1545330878099881985
1548156551185063936
1545336018441801732
1550898199350710273
1552956215751319552
1553664708082819072
1549403003479801856
1550487844334063617
1549345001003442176
1545448081398939650
1545433639252533249
1549023245973995520
1545122154760617984
1545368673963180035
1545539880024956928
1545432621827727361
1550321633184944128
1545588947383996418
1549912569523183616
1550606032497479681
1553656994820751360
1551018462792728576
1545362745499025410
1545152190364483586
1553672613842518016
1550614523257708545
1550509642622672896
1550438379992514560
1546170992178896896
1545623763483516929
1550442506504077315
1545155664414130176
1550970393665626113
1550501467949355008
1545416409492209670
1550268774837895169
1553804562200403969
1546937707800166402
1542791949366792193
1545148149471350786
1550479708537733122
1545404365778915328
1545359745736900612
1544337100602056705
1542700920907210752
1545337504550662144
1550528268633313281
1545323527334674433
1545142539002552321
1544010222619983872
1550300423088635904
1545386205034037251
1545361687829684224
1547333488415744003
1545310797471047689
1545363149150457859
1553772346263191561
1550392592164163585
1545282957820174336
1552710879266889728
1542804303789842432
1545383434541043713
1553433978564231168
1550200511831359488
1552962327082942465
1553860895692001281
1547461620934262784
1545349888770195457
1553447675974094851
1545430524914720768
1550538978730086401
1547562829691072515
1552328494843138049
1548913110332874752
1545425584313999360
1550218408050008066
1545116746415316994
1550515258602799104
1550253143623192576
1543921946685050881
1545426904399872000
1552575415801319425
1546064060105490432
1545150125995065346
1550419758868303873
1544321500160868355
1552590551706386434
1550210252301279237
1543183166411837440
1549994662110416896
1553827287350628354
1545393759013244929
1548789480965955585
1548751449575899138
1545368570397335554
1552202122548154368
1545149376833757189
1546416477045231617
1545179727761182722
1550244093279731713
1552368414764814339
1548265800506564609
1546052621928222720
1545180156213563392
1545341677497376768
1545221542233214982
1550111136967643136
1546068752369852416
1546119538936250369
1550197204442398721
1545357205721030658
1546455479798333440
1553366030847823873
1552760838242668545
1543954372622794754
1550391389116063745
1545347165421191170
1545611065811210241
1553627800216764418
1545510451777241094
1545510587253358594
1544296281132113921
1545129898171326465
1553647058560614402
1552746136624037889
1545428592708009984
1545239312958095362
1543969837994622976
1550664450667151361
1545297204528746497
1545400141645070338
1545393156484726786
1552696999002128385
1550455811738140674
1548017031269584896
1545771917319225347
1542811694690275329
1548365064310116356
1550447772960075778
1545586083383377920
1545343590070632448
1550534143733338114
1543183553055399937
1545282995577397249
1545464681770455040
1551619945833926658
1545497179661410305
1545311493520068610
1550449995135991810
1550468472613867520
1548225906967060482
1543718109181353984
1545550268892430336
1545174584340713472
1549339274499203073
1545521247290892291
1553720609430978561
1542810559745298433
1545374558013857792
1550913429652791302
1543220537165549569
1545668414345183233
1545198310113398786
1550239994161369089
1545714377839583232
1551600723724570624
1550807694218608640
1550477611045978112
1548662796325380097
1543719729256448001
1545153882392772608
1545290573527060481
1548016574816067586
1545152132659257348
1545356679579156480
1545511091286982659
1545192030602665986
1545153093590974477
1545152320320798721
1542999091193565187
1548922737472573442
1545450902756200449
1550499248009089025
1550170001281269762
1549806491250688001
1545538254778339328
1544347179208376320
1545547830672166913
1549057875158392832
1553455998827802625
1546551884772773892
1553267659415994370
1542758301993259008
1548954299216142338
1545123913612623872
1550223491588399104
1550435184415236096
1546052539661144064
1551208490613571584
1545510525639036929
1545317752470110209
1545535255679049729
1545294350044876800
1545343100255600642
1543588156901138438
1543968712172126208
1545086082110423041
1545156571214258185
1546474448596918273
1550479273231880193
1543930030723665922
1545162679488315392
1552420559610429447
1553880872272547840
1545351840392515586
1545303905374011395
1545424912084619265
1545298549474197506
1545109138266460160
1548923302789652481
1545201273619767297
1545483094278508546
1545314414240432128
1550439582453436416
1550442640021274625
1552032469951860737
1552961257367535617
1549950161035464704
1549750648807329793
1545681554898391043
1552890910131757056
1550515949387776002
1545455097735528449
1545793840631758850
1550548532238716929
1548056772694274049
1545127020950085633
1550531010735095810
1548016606239870980
1545176531147825152
1550192371723390978
1545311435173105665
1545650365051420674
1550647549631021057
1543716666944667648
1552670658462613508
1548974469103902728
1548792588068601856
1550434151710576640
1545347957733597186
1545407111949172738
1548006584457912320
1546552505521299458
1545353686209159171
1551331771853193229
1543857212921155584
1548007910600429569
1552783527049154561
1550201307499208706
1548279959411519490
1545361033170124806
1545138190398414853
1550518700125523969
1545151555279749122
1545366116482048001
1545400276504428544
1545676390124732417
1545164132961423361
1545294827406954497
1548782550000275458
1550137372117016578
1545632497538572288
1553326081775734784
1550438676789878786
1543909567846879232
1545442000325021697
1553757306306822144
1545124738762252288
1545110381399515136
1548008922916667397
1553675111739318272
1552419882330988545
1550187880785518593
1545553112135524352
1545308834230566912
1545464805183705088
1548048527745376257
1546041432842043392
1551386401857572864
1545377340007616512
1545074075818774531
1552580544373952512
1545846485295702018
1552183586735931392
1550209159295127553
1545539656523055109
1545365239180533760
1545303512703188993
1545145354865213452
1545316918831321089
1545168122361135104
1545308680559681537
1545152870944735232
1550436259687964673
1551992316310835200
1545490506368647170
1543939484672294913
1545172023848194048
1550438054057369601
1545504208098557952
1550427478002376706
1550451853929889793
1548764891431014403
1548064945073336320
1545493886809919488
1545520309981388800
1544601793358880768
1553043528162451457
1550449361607397376
1543900353242042369
1551347878681104387
1547226175919034369
1543973435189108736
1543826214720249857
1553733922298761216
1549862732828114945
1550186583458037760
1550206825278095361
1545661870266351616
1553006738114215936
1549012632581165057
1549314851197042690
1545189567744970752
1545159985088323584
1545292163856191489
1545111290259148800
1552625108849754112
1551508341368709127
1550428524091146241
1543715302155894784
1545295086052859904
1545321042666733570
1550473131130851328
1545397156965654531
1545325766497505280
1545313218905735169
1553323633128480769
1545127041707786245
1544373074795155459
1551122974509498368
1545174552350793728
1545121672931450880
1545108843373514755
1543728156384923653
1544310705427464193
1545110521438998531
1552592829859471361
1550464334916100096
1545384473205825538
1545394697786499074
1553705054426738690
1545531834632736768
1551670315545149446
1545368491267596289
1545354115190071297
1545324356016177152
1550555074165764097
1547303796447092739
1545304250435223555
1544430231636803587
1553673441391280128
1545278848283066368
1548007430872637442
1545359498684014593
1548285253617213440
1551358296887402496
1547251340773974017
1553883254037561345
1551268373299728384
1550378073597657091
1550535590118150147
1542775673328058368
1551469888622960640
1546144080098369536
1545146242409308160
1545437527707975681
1545357478627508225
1545185357297512449
1545110273039671299
1545311610927022084
1545302070491680768
1543706267574755329
1548300103990923264
1547237762549649411
1545365358055505923
1545409161172754432
1546510845508784134
1545700927058939905
1545420497998987264
1545413732142129152
1545122200793014276
1549300318797701126
1550776178155442179
1545292084801847298
1548991751012188166
1550107787346300933
1548979934554636288
1546375936442073088
1545483724699090946
1545303295648047105
1544189445053857794
1543609732275081223
1550458778193219588
1545860053059641346
1545183846613757952
1545108429458620417
1545386809550594050
1545357794299240454
1550465809784479744
1552451584202002432
1545514313028435971
1545148303423291398
1552929359731822594
1545422863586496514
1545188843963486213
1545164216507703296
1545495482234961927
1542856066836332544
1547268245593509888
1548047608475594754
1543732348071694336
1550189232068624385
1545293269613019136
1550396605962092545
1552587521405718528
1543171507496488960
1545288092487131136
1546493973992177664
1545430761901363201
1548768276305543168
1543270346735992833
1553402647851311104
1545115043855048704
1543715381730328576
1545284588263587841
1553074380564987904
1545289014470639617
1545302452899139584
1545418896072757248
1550215397655429120
1545112272569352199
1546989498348830720
1550191550742892545
1545358614604513281
1545124991410311173
1545202442886909952
1545465435650494465
1545165381882593285
1548014701660946432
1552273850729205761
1545322426669621249
1553347239514447872
1549119428763213825
1545359897579163648
1545394610129850370
1545887369634713600
1543305877318504448
1548225156161474560
1545293176705007616
1545167933214695427
1548772068346454016
1550427666758631424
1543898062598426626
1545382265143820288
1550218851127812102
1545108581078401024
1545317354460127233
1545617319707262977
1544387260665286656
1543634718809268228
1543900103051722752
1550160013267767296
1550259541178286081
1552939765296766976
1545305676033003521
1545362670735474689
1542827539751747585
1550185880761106433
1545425275147755527
1553729761473691652
1545492111352537091
1545156260546453507
1550338843337007104
1552959777797558272
1551652348933685248
1545122396956463105
1545111158813872130
1546452290776797186
1548370502917373954
1550189702501761027
1548331593017675777
1552766947531579396
1547505415625363456
1552040083561320450
1545742938675843072
1545107892503715843
1545463214787493889
1552399059557572608
1545381675584163841
1549333769726959618
1543719955866304518
1545078169912442880
1545400496571162625
1545123192670494720
1545528483555807233
1545110540783161344
1553660178507206656
1545481133332340738
1543957442450673674
1550417118415491078
1553687826528600064
1546458459855626240
1545325079529136128
1545352278944747523
1551341579511943168
1545557786813153285
1543726188341993472
1545183552106803200
1553859710054457344
1545303391655575552
1545112415892869120
1552608115295649792
1545501984941375488
1545343145730244609
1545191119893499904
1545148919029571584
1548925708310925320
1545323759560712193
1545130737589952513
1553680766164471810
1547180383833411584
1544005714594652163
1542787863284252672
1550779018122780674
1545373189844488194
1545292841248866304
1545169472893423618
1545398517883174914
1550450904154914824
1545402247479181312
1543732389263843333
1545298794820108288
1545116368235909122
1547213798624399360
1552418143733223425
1545281218677178368
1545370920226852864
1545175468046958600
1548006989904482309
1545457097743147009
1550239684722397186
1550173938063446017
1545108509402054657
1545729387999404033
1545417168489250818
1550245137275568128
1544752038927601670
1553868403189981186
1550545744675098625
1545411779660062720
1545200674002145280
1545421698463318016
1545190965350404097
1548760148625313792
1549464297465577476
1545552827598209031
1543949987779837952
1545151999360045059
1553057970950262784
1548043640483635203
1545457184888217600
1552620167246610432
1552420300339437569
1547264978826444800
1552616665682264074
1545351327349444611
1545158271467769856
1545342446934147073
1545842130903617537
1550480659264770050
1545317919307046913
1545278936669732867
1543653924032225280
1545073970470420480
1552045047746596864
1553702689380392961
1550191534133460992
1545524199313268740
1545689952805130241
1543896770782150656
1545367294091616256
1545308806162292736
1551623014109806592
1545331908871163906
1545450380976394240
1545315507552796672
1545556308996362245
1548386194496425988
1551831995008819200
1547829929672208387
1545511745908838402
1549955087556124672
1552518096551813120
1545259796735184896
1549040105226063873
1545444735078252544
1543910294354812928
1552255180841811969
1545445123403796480
1546890458575560710
1546260377834590210
1545286887820099584
1545370885175103490
1545418136333295618
1543675330283851776
1545177887116083202
1545121327626866688
1552753201065197568
1553323309520982018
1545496433276719104
1553827063488024577
1549108621275021313
1545360953964912642
1545344921229578240
1545169328286453764
1553676761606627328
1549964182711304192
1545518252545265669
1550549569880080386
1550482113404747779
1545115617103069188
1542851159651753984
1545464507564281856
1545745003170959362
1545401747686006784
1545542154268835840
1550242819058634753
1545181711838978049
1552548242281357313
1545146727325487104
1551848002804977666
1553413867232976901
1545328147675086848
1545164606133489667
1543930373083734019
1542801609486376961
1545341781017075713
1550451551562612737
1545510112093425664
1545361448934809600
1543936624358301696
1545122558252654593
1548925392131706881
1551764739566538754
1550534766755479552
1545219134648098816
1550108482317078530
1545127189770866689
1545172996847030275
1545405590788251649
1545736974249639936
1549337362173394944
1548010297322979335
1545468371600302080
1548583021804195840
1543273846823862272
1553386455640186881
1545634094306004992
1546595156006260736
1545160407656062976
1552425955016179717
1545351518437638144
1548243721182797825
1545208627283238920
1545403155189583872
1543897436434866176
1550512445516664832
1545751801248489472
1551968808570687488
1553675068538068993
1550964477226516488
1545150327384670208
1548025983965413376
1548008824128213004
1550807168450007040
1550224681906601985
1545073142812524544
1550439104206217216
1545423639000014850
1545358840052457473
1545150732739006466
1546041559610687488
1545325107366830080
1550751212441575430
1544065536627298305
1551831467268968448
1545176031908474880
1543581219325186049
1550268695963893763
1545141639840239617
1548012590046973955
1542895605911003136
1548008207397752833
1545637512227524609
1552212259254018050
1550437942916780033
1545326970417946624
1545103725429231617
1550607284321001472
1553130841353625600
1545337656657289218
1548016061466812416
1548005854451970049
1549007856522895360
1545497466363076609
1545192260362375168
1548758211318218754
1550111769485398018
1542999763355926530
1545204738047856642
1550375363301326849
1553677657782591489
1545624025304649728
1545304851659227136
1545169951689949185
1552941318309117952
1545426256166100994
1552568661105414144
1553737142718939139
1548785476152205312
1544023240133206023
1553011911268122625
1550201572419948544
1545353866404839425
1546062920253153280
1548757200276946946
1542978543411499008
1545397091656208385
1553837087526469633
1545320104182910976
1545161201063190529
1545171877924069382
1551209761642872832
1550258825638322176
1545351533180735489
1545337458585370628
1551970590306684928
1546042952396464130
1545386464346836992
1543922761789235201
1548598239984844800
1548624311728177153
1545425739549376512
1545069074631237633
1545279892857786369
1545111964619243521
1545304280357392384
1547775590157078528
1552906266904854529
1545832208564625408
1553073875742629888
1551640364045434880
1547110406510022657
1545551800136343552
1550665102977810434
1545426248666677250
1545409725914927105
1545187522438959107
1553743084147671040
1545219827085754369
1548009621125619713
1545445792269361153
1549298820902801413
1548998065843064833
1545423029697761281
1545115305394970625
1543999275822088196
1550551160301420545
1545555357119938561
1545150428345663490
1545452774917394435
1545333657765875714
1548664996737187840
1545161309859217417
1550116247248838662
1545469220569456645
1545118236005605378
1544657639623254016
1553411278693179400
1543301939760332800
1545133575464534017
1545160948998176770
1545823429231890432
1545092326376325121
1545110667413315586
1542771973314514951
1545067128516141059
1545456796386607104
1548246349937721346
1545183052984360961
1545446601749053443
1548005596393197583
1545352195830435841
1552562292641898497
1548291922858455040
1545341472240795649
1553352923974975488
1550441948766523399
1550253678564708355
1544527459374211073
1545315779586949121
1553845748768309252
1545447623468978182
1545114088593920001
1545182853147017217
1548225623142739968
1545490773499584514
1553326226361704450
1552932305290788869
1545190257993416705
1545130783173656577
1545656787520610306
1545629986442596354
1545139373603266560
1545398971253809155
1553776212845133825
1553724140070359044
1545279626926346240
1545539488428036100
1544197927538774026
1545722265744056321
1545353587265503234
1548017907174559745
1545365719373725697
1545423802439503872
1544311361122881536
1545758053319983104
1550446108119388161
1545268721429741568
1553076683581919235
1545152958769369094
1544037313331822595
1550106136329814017
1545736081835950080
1545117874573959168
1545441441475870720
1548954323660509185
1548307342466301957
1545276629169197057
1545110471673610241
1545113052584067072
1543898558990106624
1545134742386917376
1553862786840756225
1553678685558947845
1545303391018139648
1545371386461523971
1553628890630950912
1548356935950278656
1553068248639438848
1546177391487328256
1545331545942228993
1545212209348988928
1545311049682927620
1553428242471714818
1545166404407762944
1545109763192750080
1545359210564689922
1548007354326650892
1545374737383161857
1553399424058937347
1548984973344096257
1549994779890663425
1548367275299729408
1552739678146727940
1550402944071340034
1545385479637442561
1548650663550255107
1545463409407295489
1545277966174900224
1543914199121907713
1545113478754717696
1546354951701635073
1545504938293436418
1545152873658466304
1543715996455804935
1545474099992043520
1545420869215944706
1545425056553107457
1546170196313853952
1550960150592331778
1550196259411173376
1545153414883164161
1548009415713771520
1545148344389042176
1543896585863561217
1546538787240640514
1553675260725272576
1545416848396763137
1545497573103902723
1545414794391748609
1545377331891634177
1545439730715836418
1550580101460496384
1545175427454468098
1549718257430675459
1545480354332655619
1545162369998921730
1545352788963737600
1542822304123584512
1551320530904555520
1548096337681403904
1542733750374629377
1545396428121448448
1553733909615083520
1550184939852910597
1543853628431253505
1545148377926705160
1546445405105360897
1545420088702017537
1543124397631873025
1545136927950643201
1544762174211596291
1545506894680309760
1545169723448610819
1544890717532823552
1549509788752658433
1550260893635731457
1545307800594780167
1545449777940267012
1545243039915974656
1550439064607809543
1545108802487422982
1545364123139047426
1553256678522605574
1545189872730009600
1545149267936960514
1545226334842064899
1550126984579059713
1545372290375974913
1553418541709533184
1545403167734730753
1550442985137004545
1545521451951919104
1552910480137768966
1549840489137971208
1552673884356362240
1545121248975388673
1549964668927483904
1549385175582359552
1550386837356773377
1550874241956024322
1545332985901318144
1545408685278728193
1545266715784892417
1545263392323244033
1545491194511228928
1545389078773907458
1545181049449320450
1545294578626052097
1543357333799141380
1553427770683817989
1543748313295486977
1546150643961847810
1545336332008017920
1545200464899325958
1545118570979463168
1549637003758682112
1550234581269364737
1545398775472078854
1543737290970873858
1545162045754167297
1545386715912740865
1545125349012414464
1550481763079798786
1553716105092415490
1545387728291958789
1545361128582176769
1543248739845931008
1545436289771634690
1545153895273488385
1545065937791066112
1545679022268588032
1545453608958926850
1545275200761200643
1545533899870191616
1545367520454103042
1545255976814665733
1545329276500824064
1545119754364616704
1545446951730253825
1545116222194421762
1545205176394555392
1545130721567809540
1550392734158028800
1552424621672103939
1545116401534488581
1545634332152299520
1543275753038651394
1549980835603877888
1545350752083841025
1545117010094342146
1545114007555776512
1548666298204360704
1543891012166230017
1545518422510944261
1548097645532422145
1550135840961171459
1547180890912178176
1545527109744992262
1548334799273701378
1545340936078737408
1543895253496758276
1545525571014332416
1545528024635940869
1545112144315834368
1545919028266401793
1550411996713082880
1545120143818297348
1548010745941467140
1545465849250807809
1545361305036546049
1550065053185069057
1545705556232609794
1545344475161141254
1545426635503149058
1545165886411182082
1545173015629103107
1545413317333852160
1545477639179223040
1545555112415924226
1545446468349222914
1545381695742001153
1545332116078186496
1545352467138850816
1545174353121247234
1545115262395064320
1545307554267516928
1553652695176822784
1545511033816621057
1545341044279189504
1549495736546492419
1545492713566605315
1545124132521664512
1545419846023798787
1553685101011156993
1545123741167927304
1550243204016087041
1545366674861432833
1549132364789518340
1545249392076197889
1550203655617499137
1548014019574763522
1545328856999116800
1552609068023484418
1552734617802887168
1543636570795921409
1545172696379654151
1543469376870957057
1550223641106956288
1545141219797393409
1550190369870159875
1545187541237878785
1545182818749124609
1545304754754043906
1545160567068966912
1550069715846004737
1545118430017327104
1550189519428882437
1545579745060036608
1550338258034384896
1545297777982406662
1543360363055415297
1553482588861464578
1545702112155389954
1545415138030780417
1545893391187189762
1545465015058272256
1543923411210182659
1545321841790783488
1551919658034515970
1545209417108430848
1551032028505726977
1545366134555348995
1548230308931088385
1550377930555015168
1553727496276819969
1548255293301071874
1550610050313494530
1550523114412339200
1545280478256717824
1553237414868664320
1545501665264128002
1553771950681608195
1545900754736746496
1545550140139868167
1546491304745615361
1552515396590256129
1550561080484708352
1545665509785583616
1545324578876149763
1550429423270240257
1553327852375900160
1546944557064916993
1545336550287884289
1545126894026227713
1543928684553420801
1549136770394202116
1552973686717792256
1550539576502263808
1545135677108637696
1553115568907116548
1545308686696030211
1545466361077456898
1545341838659403776
1544042087724744704
1545426058245246977
1548449986576142337
1553672949470842880
1545268214053191681
1545283434532069376
1545353885119815681
1543821414419120133
1545744928717914113
1545377995354939397
1550604994663137280
1546051208791658496
1550362489732206595
1542854866350944256
1550183263737708545
1549842160266223617
1545427715762823168
1545651876011675649
1545117729753030659
1545179093519540226
1551032483201912833
1544752895370960902
1544120897342242818
1542845620129603584
1545294607075999748
1548241213119049731
1545316574348861440
1543673595574075392
1545633247564029953
1545406095497338882
1545158677107249159
1550232232241029121
1553661677199032326
1550500330588225538
1550261126725832704
1548046005349666818
1543942927302402050
1543694111521251328
1544288255687897089
1545819649761312770
1551290111479922689
1550481233863483392
1550201816155148288
1545180696590811136
1545119591084560389
1545343532667371520
1545350203196194816
1545153421463912454
1553442227246043137
1550542271656775681
1545413660314583040
1545299972467326977
1548044207427727362
1550442604805996548
1545369655509909506
1552761385045659648
1550113796462559233
1545310901875908608
1545504136707428354
1545643446307790848
1550214335695360000
1545142056707817473
1548217244542328838
1543715473354723328
1542788544086810625
1545409844282380289
1552735269408935936
1543929787433078786
1550108925873242113
1553853161013665792
1545325055210672131
1553392103597694977
1545462025412902914
1545264305527988224
1545173320408002560
1552418306673545217
1545344572141850626
1543724790636335107
1553032747941351426
1552985698294194178
1545418938082889728
1553397969180819456
1547979701091573761
1553021119522799616
1548456133915860992
1545732641818828800
1545421065786212353
1551874824997412864
1545573718277210112
1545206906716934145
1550521937604009989
1545517635013574656
1550179083878891521
1550485559071604738
1543970500648501249
1552289766388932610
1549410821805117442
1551356633149734916
1545328571656425472
1551893623221981184
1550197076348309504
1548222569500663808
1550238117088706562
1546986867400347649
1549586625914671107
1548224131216261120
1545355344246968326
1550445246395326465
1543685482093182977
1553728008904663040
1550428389617582080
1545188765676834816
1550389926486753280
1550430939003723781
1551291629662703618
1550077938971942912
1543716258604007425
1545490383416737793
1545360836218208259
1545248707058307072
1548238675682594817
1552736523585523714
1553862402176958465
1542830826164994051
1545113594102153217
1544355264748462080
1547119228230172676
1549964467169116160
1549082847948021760
1545350253393502208
1553460943757139968
1545518411257708544
1545168704333385729
1545525190809079809
1545468883993239556
1545156875322380289
1545671318938566656
1550401825685258240
1545179525075668992
1545333296409845761
1546611018876522496
1543963968678625280
1550272876137299968
1545111391169814528
1545703170261028864
1545486054530105345
1545710260450639877
1545402897801904129
1545323867345928193
1545182593984913409
1546473597123923968
1545743893567873024
1550349777119989760
1545193577852112898
1553342210233585664
1545584777213911043
1545264963643740163
1545391507687018497
1545194322026528772
1549983128558747649
1548254542340296704
1552216858929119234
1545162657640087553
1545452480229679108
1545125078874169347
1550084962258456576
1543642523758886915
1545361431524155392
1547475414263775232
1548770933317550084
1550475715979759616
1550617087273566208
1545344976380432385
1545081026396954627
1553762164913078272
1545181134983778311
1545396866979954688
1550740713511567361
1550149932182544387
1548005491833315328
1553287984673341441
1545522263373627392
1547149416884314112
1545873765036441600
1550408680297926657
1548078741821132801
1545125984705314816
1545376459686121472
1545326386797232128
1548263531337768961
1545438456989491201
1545163647357517826
1545176138816913409
1551581558603128834
1549337239343202304
1545363606971219969
1549850055435231232
1545123011518398465
1553846707695357955
1550547091088240640
1549861645874335745
1543835888916086784
1550425859068231680
1550205175385710594
1548991929215582210
1546023881995165698
1550467305481670658
1545814907869958147
1545403102982979584
1545872337429532673
1545092374568865796
1545148683293020160
1552736077231919105
1545338274390151169
1550512576794091523
1545095548063125510
1549959754130378758
1545513174622928897
1545399375366656000
1542989828664528896
1545360473100619778
1543607935850487809
1545510380977414144
1550242311493373954
1550460754096267264
1547590553381982210
1548757408251518976
1545440171335761921
1552986844832350208
1545115123869777922
1545633176713940997
1550459576239144963
1545139801451630595
1544254061003907074
1553854878333771778
1553694509988552704
1545079145813663744
1550014413113069568
1545153169231060993
1550363713437302786
1545503054119813122
1545182435972976648
1545407956228907011
1545345445207195648
1548371556631322630
1548190734276128768
1552591553826328576
1549914156870115329
1543717395059150848
1550381802438770689
1545403872067391490
1543544505881739264
1545414285211336708
1552004683576770568
1545275917349576704
1545120602138312712
1552292332954963970
1543664656769753088
1545499659937931268
1553402500341846016
1545448675761078272
1545416466408898560
1544754309619150848
1545337826102984705
1550512824665133062
1550398557185839104
1550233981391708160
1548774389201752065
1550186941508997120
1545356015549534210
1545321908077580289
1545346855093026818
1545302779694039042
1553643958672162817
1548059541912182784
1548684347657650176
1545508435684474882
1545137051309326342
1545123459432316928
1545120131747020801
1548786954912862208
1545285537786896384
1545070217449070593
1543835691519541248
1545706262113001473
1543979372448825344
1545872366819020801
1546193577310654465
1550482532650684416
1545716680936005633
1545164094944206849
1544139431094980611
1550001655919382528
1545371773234987008
1553807386015666176
1550223766499852291
1545134092735348737
1548758031302893570
1545312639731044353
1545125504579141635
1550419418756399104
1545205183420006400
1545348163858583552
1545409696819027970
1545518555352948745
1545151505321414668
1548708212601507841
1550525423855042560
1545331028218216448
1552352610895675394
1550500384048906240
1551620560546893824
1545306925889425408
1545345181133701120
1545144488506556416
1543633414045179904
1545525143442755586
1552177754304651264
1545350238671671296
1545152138581606401
1545154095501262851
1546764579321139202
1545332131219513345
1552959934542876677
1548292474606538753
1547680588491919362
1545358141650571265
1545327351944417280
1550809149692428289
1545353536065740801
1545293286675517440
1550779047160025088
1545064407453114369
1545415521545355267
1545191807537106944
1545347451539886081
1545307991838281730
1545264989921071110
1547281626480218114
1550075677306757122
1545557973182955522
1545629561756557312
1550432752918581249
1545271455214174208
1550186993992273920
1545298556407382016
1545158546538610695
1545413037082873856
1548370961606397954
1545459495312277504
1549757723260116993
1545517548673925123
1545808297290334213
1545561288956416002
1545445628867756033
1545435887751806976
1548241567499948033
1550356637440950272
1545228632053923840
1543960968476168193
1545510364821028864
1545302059867672577
1545440017706876930
1545188271466037248
1545398167377690628
1545169287509426178
1542774061847265281
1551361513050370048
1550356192614039552
1545302521807347712
1545327359062163457
1545343300319805440
1553656503760031744
1550447834947883009
1548987517936062464
1553436857165385735
1545884409966084096
1552749312056012800
1550394102432292865
1551622812795805701
1547138820138831873
1545365759769157632
1552707995905179649
1545544088300261376
1545109926187507715
1545415359284580353
1546172730839539712
1550115397927546889
1545418279195385861
1545874355032408071
1548379317075263488
1545441381740601346
1545402614959034369
1543232955287478273
1552659795299209217
1545675872950272000
1549363219327844356
1550493695849467905
1545708618305118210
1545679192133701632
1545309453423202305
1546150619530002437
1545662564859875328
1545374153015967750
1550237761189429255
1550255456131727361
1545164581248589824
1545361081715101696
1550478908289589248
1550389441256194048
1550542641288593408
1545146531866710017
1545169650736136196
1546598041083314180
1545628576892026881
1550603452212039681
1550221577643593729
1545288625843216384
1548237761404030976
1549002453156302849
1545374233253003264
1545434767629471744
1543987901071081475
1545354572239101952
1545146046476681216
1545410622879416323
1547176127822692352
1545309582565810176
1545121723728674817
1544197944341151749
1553348242066345990
1545406910161108992
1547669561977085953
1545161678182137856
1545205714972467202
1546921765661818884
1549887386779254786
1549021639928602627
1545168607822454785
1552556554972430339
1549026787316772864
1545178943296249857
1545312263292297216
1550185451092320256
1545191356859125762
1545172020215906304
1543945995603611648
1545410143118057472
1550481330705776641
1550470874653917185
1545514551071891456
1552973397268766720
1545324449934737408
1545313512670593025
1545162903451492353
1545333497929367553
1550413089547460610
1545269471597805568
1545350561603665923
1552899835245854720
1553073459038748675
1545581751375958016
1545296622208311296
1552297007548715010
1548011423317405699
1545130023476133889
1545373937722433536
1545154287076052995
1545490849458520064
1552675443953881089
1545184384206217216
1550367115848343553
1549263157708918784
1545533560182001666
1545362580348100608
1545171144298401794
1546072890164092928
1545168911468986368
1550479216008990720
1543142210333556736
1545295009418715137
1550468971513757697
1545445408855425028
1546184426379436032
1550827578625347585
1545110192290922501
1543979054780583936
1543929955297411072
1545276216919343105
1550075717546909696
1545420966766985217
1545450268426489858
1548658481053450240
1545295126276329472
1550185512295620608
1553280491691835399
1545527561467437057
1545076463073955840
1550392066315804672
1550209858892341250
1545385175407906817
1545165985447018501
1549125853660995585
1553338511163641856
1545407058018697221
1542768572937691136
1552193308734136320
1550482166835978243
1545401512439996416
1546507279738060800
1545344654182420485
1550154900167970817
1545820978260877312
1548931961250537472
1550744823757524992
1545285526105776129
1543936966051434504
1550418973832921089
1551989843110002690
1545220477626585088
1545339991324348417
1545380584679247872
1544007390068187137
1548017635593318404
1544159286137331713
1552416598899785729
1543934743783292934
1549051868680450055
1546051457153122305
1545343808941998080
1545834591285559297
1545395831599206406
1545142554299088903
1545405376178360320
1545757094959366146
1553678663039729664
1545141641920536578
1545427893131558914
1545409811906498563
1549153320828379136
1548767216023339008
1545538501755666432
1545054892238131200
1550434552732127232
1545431405475274753
1550590927726575616
1547707415834939399
1545359387476254720
1550392117108809729
1542964464210907139
1545445516019998723
1550487573189066752
1548924498296061953
1550186823263174657
1549862863908601856
1552366795042050050
1545508100202962944
1545137911015870467
1550394098732892161
1550776236812689408
1545373583689633795
1545367503483936768
1552960516972314627
1546239365751382016
1545358981396369409
1552213996958269440
1549496645875892225
1551616705218109441
1550487159513272321
1552990386699870209
1550107033705365505
1545481554285273092
1550490899867734018
1545410210453491714
1545177568625790976
1545608980814331905
1546200815802646528
1545162105535488000
1545447437204086786
1550409203159810048
1545460151691448320
1545519205293981696
1553445813006876675
1545418248967127040
1549962350937231360
1545352364080627715
1548917553988239360
1550454340753584128
1545367483871334400
1550165328176549895
1545125934285656065
1553755977924608000
1548014935413649408
1545163907983106050
1545290282421420036
1545136102440312833
1552171595958984705
1545461884211630082
1545176992626233349
1545436710208782345
1545448554138853384
1552997651322470400
1545344887750623233
1545527704249835520
1551248775066202112
1545166744133705734
1550234610830811136
1545143726238040064
1545124929691066369
1553863316711276545
1545504235130863617
1553009565033238528
1545130154560819206
1544056883480346628
1550461856711589891
1552322591062466560
1544506484767195137
1545255422977785857
1545113984604508162
1545125208109072384
1548444353248382979
1545139028185518081
1545251278313373699
1545354217270960128
1545347479180288000
1545124106818969600
1544044761295765517
1545555828094259200
1550222450771861505
1543699795386277889
1550426351433392128
1545402686983622657
1553823327503917056
1553333921693290497
1551620678301917184
1543586722923139072
1553120969811808257
1547031981984186369
1545466872728010753
1548819145319391237
1552728509990182913
1550231868980838400
1545541900060577794
1545151699211493377
1550603444796489728
1550213297487724544
1548804508855242753
1545334467434352641
1543977806794743808
1553341497004724224
1552631562260578304
1545204270785495042
1545950544874856452
1545123485923610624
1545316994504851459
1550511116987650048
1544065647562395648
1545103472919543814
1545340991783243782
1545114004472958976
1545852431669645312
1552268466480111616
1549693555484016640
1545298579417448451
1543249388872548352
1545373884731559936
1543237187050868736
1545149415287136256
1545180604731383808
1553073378994655232
1545708095338434560
1543736018490335239
1548372703840677889
1553345226542120962
1545302128213778432
1552419444370149379
1545361721371623429
1545118930439643137
1545113662846803972
1553003405907476481
1553499980622610433
1552963418478485505
1545134603937218562
1545366950750076931
1552963683348783104
1550432485519114240
1545109526407483392
1550373890249134080
1545476802293923840
1553779530849992708
1553406803987181568
1545347563532029953
1553310161321824257
1545193872565088257
1551333162713767936
1545362867209240579
1546032822116356097
1542812264360706049
1550375018609115136
1553121685263597574
1550457998262378496
1543395983911960581
1550327676900098051
1553445450954739712
1545775748576956417
1550596893478117377
1553673405555249155
1551896883450286082
1543329753322688516
1548371385789009920
1550445398375931904
1548929721316114434
1545155529177194501
1545487348015800320
1545152502634520576
1545287606082191360
1552909282068373506
1545172016399110147
1545436204534996992
1550465260800417792
1545108332104613888
1545506675536404484
1550469978985480193
1553648162358927361
1550233623181262848
1548746769395335172
1545553165592006659
1545293471484940289
1545136033423130626
1550501374227632129
1545306642652200961
1545397909419687936
1553708117010968576
1545126683799392262
1545634237856071682
1550630902589448193
1553667036366110721
1545201574829604869
1545792970762457088
1545346664793350144
1545320110612791296
1553357903012286466
1545635168878215168
1545312121784762368
1545403980456632321
1543729391699726337
1545239862319661057
1546043593755860992
1550451772367552512
1545391602406985728
1553679922211823617
1548692592778526723
1545745351440846849
1545459760392175617
1543700639385096192
1543895444979425281
1545162348889079808
1545417884347801600
1545401851608186881
1545158246784188417
1553362707994349570
1550507909490122755
1545722520619425793
1548268236197613570
1545350896816635906
1548218371711197184
1553412481564950529
1545153605522669569
1550106800887701505
1553723167235006464
1548220567781724161
1543592778642366468
1551478561567117312
1545446632879280129
1545473902553464839
1549758082015793153
1545154967643852800
1545538553089769474
1543896134816522241
1545172169528954881
1546151398655631361
1552938484582735879
1545418913642692610
1547480714702110720
1550225805783044096
1545372307639640064
1545431561188872192
1545615006116495363
1543898458523836417
1553336761769771009
1547239103925731328
1545157915501363205
1545276598538145792
1545127641270964233
1545409220396421126
1545125820477460483
1545109417020084226
1543545902174027777
1550759567390396416
1551225410255572992
1550613996306317313
1544374826583957504
1543520665398980608
1545171311252705280
1545398183186112514
1553461773876899840
1545290498184716295
1545178684985942016
1545368837683658753
1550427828000374784
1545342282261463041
1545294563878862848
1543907871481552899
1546208773961912321
1545350987094835201
1551548102816956420
1553592647574556672
1552708164897968129
1550451703719333890
1550078623721332737
1545163725568614401
1553479270135201794
1545436494977982464
1552380526660665346
1545282526024982528
1549492575668666370
1550195883865767936
1545158111320735746
1543716722976473088
1549122658893266944
1545356539279572995
1550206142357409795
1548764380510228496
1550427432880062465
1550463651588489218
1543534666090684416
1545389911116750853
1547677710914183170
1545347917975851009
1545126870445920259
1545116901302583302
1545075585554186240
1547618600558551041
1545591737690705921
1550472538064658434
1545537445189632000
1551686032768262145
1545660630832660482
1543542835978412032
1545707060909719553
1545537791404163072
1545118151653969920
1545240359621562369
1545572914350759937
1553031896145207297
1553416956463575040
1545353921153073155
1550542046284304385
1545114464839688193
1550900602942722052
1544031137542070277
1545113327864528897
1545458075481645061
1545338543454965761
1549892619270066178
1545315164685213698
1545456600135221248
1550187615781109762
1545356060038467586
1550423960256495616
1545172406276444164
1545165540313948161
1550436073033142274
1545517696762232832
1543896720538537985
1543335120983162883
1545366635434987523
1550413858346598400
1545184331001262081
1545112756734595072
1548152526582583297
1545347266495520770
1548766446582472704
1545399964276236290
1545411089378283525
1551279973465481217
1552960327901495297
1545463776853499904
1550413824968228865
1546072927543648256
1548800444436185100
1550092792294260737
1545307568121253888
1545405476959035392
1545291515731353600
1545271238527959041
1549770392981626880
1552357280108232705
1551564849917870080
1550598072027209729
1550358655446523905
1545402691429490691
1545356533281816577
1545305245789593600
1544589009149640704
1550501436848472066
1547260714242408449
1545284126504255488
1545319279914090498
1545123541053591553
1545112604829417476
1550637740722724872
1545191202538110976
1552008035266093063
1547456818640822273
1543943985659490304
1545445944413528064
1545133955342548994
1545446181597224960
1545351077285056513
1550470979943632899
1548774576389332994
1545183652056809472
1545486361406341121
1545291450954514433
1552580039669170178
1552942845052559361
1550360155748958208
1550567651067543552
1545153018248790017
1550255438083629059
1545112140285083649
1545352148417777664
1545274736040710145
1543948901383823360
1543898401871462403
1545400631350943745
1545475235864002563
1548368553010556928
1545588028961607681
1543813882979950596
1553040117379497985
1552977334071971841
1545109847187886083
1546056574925524993
1545294876224458752
1552742459167461377
1549982561916448768
1545345485711589376
1545604681606504450
1550393168558006274
1544764727644999680
1545358934277505026
1545350606168227845
1549855645557473282
1543219073470849024
1545174540350853122
1545407210242691072
1545365285217177600
1543192943418380288
1545374928685383681
1544072091569426432
1547292678567694336
1550462788153270273
1545439238577061888
1545317809097506816
1545271799780442113
1543923164786434050
1548005467363782657
1545831173791817728
1545456314075185152
1544011520002097153
1550426044867481600
1545654258980114433
1545179142639042567
1545297017127276546
1545206493678534659
1545256528504053760
1543893644914135042
1545347443566469121
1545441583364980737
1553419765212798981
1550523655980990464
1549243826702897152
1545165636573319169
1550374868629262336
1545337989299068928
1545279686904881154
1545359233851576321
1543842545150590978
1545557315088154631
1545341408248303617
1545333542183477248
1545299322530562049
1545175893122891776
1548117770386034688
1545517688793055233
1546038161041653760
1545157713273016332
1545210889070120960
1545363301210767360
1545283256932831234
1544387433671819272
1548068298549366792
1552780445472923650
1547521496561729536
1550438021165719552
1542933706264006656
1545664210209759235
1545303675400331265
1546440062526693378
1545372648095481863
1551733628950007809
1545510348396154880
1545120971673280516
1543367316720812034
1542812206118608896
1552727523263483904
1543334329601982464
1548242980707782658
1545312823961681921
1545363977768783872
1548204602356486147
1545146936621088768
1543900324712390659
1548687006284357634
1545176189702180870
1549582385087488000
1550463475146788865
1545426327297314817
1545600335707881472
1550386269531824129
1544506913299337219
1550487905105317890
1550394214126653440
1545173367753424896
1543254862225342464
1553747036620701696
1552735680798785536
1550443040476745730
1550723242838589441
1548746815327043586
1553337616661110785
1552270711581855745
1545608227324321795
1545171455729614851
1543987513143992321
1545348188709834752
1545118586129321985
1545315588540596224
1550860552473395200
1543589588639285248
1550734810720702464
1545353040407961601
1553452075983462403
1545329029959634945
1545109418571964416
1550440842363543553
1545262252479111170
1545112387673530369
1545530060920262660
1545114903815536642
1545110747155468289
1545167132677267459
1543150507572830208
1545313430806077440
1545556188473036800
1545373032839090177
1545548624989396992
1550753023198101504
1547618829999566849
1551031975753957377
1550458631807799298
1545130089058377731
1545688300010209286
1545401770125434881
1552944117172379648
1545357250398748678
1545164491121385474
1545173317656649728
1552937473868718081
1548923440169684992
1548687602315845632
1547693238428913670
1545290528845176832
1544243778885656576
1553813086376759300
1546093447748222976
1545326065631084544
1545282704241049601
1547686177079037960
1545172003849752579
1544639843174694912
1548026981563842565
1545167232375873539
1545057826245971969
1546208081926832128
1551851491417276417
1545433155368263681
1545125318909984769
1550475396432396290
1545253581447643137
1545352999387762688
1550656776919474177
1550403181582159873
1553459263426756608
1550187966714314752
1545187572124491776
1543984360382160898
1542788595089539073
1548011596860964867
1545465602600566785
1545136522659233792
1543936776363991044
1550236730493702145
1544757891093041152
1551645452713459717
1544005780428447745
1550196313714823170
1550194910988537856
1550208312544825344
1550185892572270595
1545463635841110026
1545107660793696264
1550534257973477376
1545473594968399873
1548004469387931650
1548992143938785280
1550507803340685313
1545933598750134274
1545143542145753091
1545389979689521152
1552060468004519936
1545116362657435654
1543965539961344003
1546265053174894593
1545368121984303104
1545201281349861376
1545185320236376064
1552505694762450944
1543955708034555909
1552951517753544704
1545514283521527813
1550600777097519105
1549299468385878016
1545327629737332741
1545115526950707201
1545109082906021890
1545373852187901956
1548015681764933633
1550131191864389634
1545189372747984897
1545120670803283969
1545454631622516736
1552766777041502208
1545303398903341056
1543634329284317184
1545648914807885824
1543810201786224640
1545530764585992195
1545150324608061441
1544387279661240320
1545481490783698944
1550562364373798913
1545376670529486853
1553357851518722049
1545358750474723330
1550517491536887808
1553834782920003585
1544326821730189314
1545147732637241345
1545376406691102721
1548770952976236550
1547648971073417217
1543898592116711425
1545446693881233409
1548820530832236546
1548045658459803649
1545113736796639234
1549264502201401344
1553709732845740034
1546061489810849792
1543904641825505282
1544193663680512003
1548074552915243013
1545288631950229504
1545542252587618304
1543364799266017282
1543715827429556225
1545482234358030336
1545187755789291521
1545802750876962816
1545350028948029441
1545357883331715074
1549800804072267777
1548784206003699718
1550266257106239494
1552918237914009605
1545472844913643521
1545112687302131712
1545333521740435456
1545308168590442497
1545246524661170177
1545145117929095169
1545127572455006210
1545118120867762177
1545143214067355650
1551141181215707137
1552653279141589002
1545403082259009544
1548840160980246529
1545174823986466818
1545147234748186628
1550203587145474052
1553706764838871041
1550364466520408064
1545317517765255171
1552944725056946176
1545111716283006977
1545150281104637957
1550533716270891009
1545325347226386432
1545108608463020044
1552578677732360192
1543682793875570695
1552282875571179521
1546752388081524736
1550436844252307462
1546015343268732928
1550190325121126402
1548027960069746695
1545895062843817984
1545745381950111746
1545484207467773954
1545182572439040000
1544682314340438017
1545322570815311872
1545742846149500929
1545140562025758721
1545114085687279617
1552925076755972097
1545139566092468224
1545156896407126022
1552763437394059269
1549038322764328960
1551593603381825536
1546075542922969088
1543610108797599744
1543931936141443075
1545818650803838977
1553512702831648770
1545636900291108869
1550392423888592896
1551154015970394113
1550736566758375427
1550229798840111106
1545278464919470081
1545339084016590848
1542817452320772096
1544038128532570114
1547632754027687936
1545153560995938304
1550549067389841408
1549002270905335809
1543959606719905792
1552967531207458816
1550587636636581889
1549337457497358341
1550221669318508544
1545383347756613632
1553775566595264513
1548773676664905736
1545410543707688961
1550539072262656001
1548342736486510593
1545147488339902464
1545306753637703683
1545500468087992321
1552244115617767424
1545450226009382912
1545145829446586369
1545426659351973891
1543723761752588295
1545089632832028675
1549964822229417984
1545356110055542785
1545166488772001794
1545427934965637122
1545153490812551169
1545340232157085696
1552975698490449922
1549674079132815361
1545519065137127425
1549337648828977152
1545544249789276160
1545471854739132416
1552631795484692487
1545126920278646784
1543498189902385154
1545360159043731457
1545324263665815553
1553359039366680576
1550079710943657985
1543941117426782211
1543913055968546822
1550415596122247174
1550695564303556608
1545069382325387264
1544820079946354697
1550461323049422848
1545660333267849218
1543523783511838720
1550285485179904003
1550133980795731968
1545487784609255424
1545234667749744640
1545703689540800513
1548919620081418241
1544344385160085505
1545134179322675200
1545368841903083527
1543981629303037952
1550498244500791297
1550488358555639808
1545377073602101248
1545755265919848449
1552457297137385475
1546252269783552000
1550186850463223808
1545387382761050112
1545418509382975494
1543611120421937153
1545289297204580352
1553675967805247488
1553821630886969345
1543720499188047872
1544814834490888192
1545473212628312067
1548037884736704517
1545946410146828289
1542979990140207105
1545492944152674310
1552940832633782274
1545145387970953216
1550080508478033925
1546392636621291521
1545397729014292485
1550311458982043648
1545467126722461702
1545112769518870528
1545107787532967938
1548774213028384769
1546907023282929665
1551573146104479753
1550236732536283138
1545194276556005383
1545444117903179777
1545395125324587009
1544064789449695236
1550509357477003265
1543895591805132802
1545662305823707136
1545162819879976961
1545941696684466180
1545358888345784320
1545412936121950210
1544424506806124546
1543911005826306048
1545417308516110337
1545547745112596481
1545284636451946496
1550413612115759105
1544629346568179713
1550541796073418752
1550224511517265920
1545115864466350080
1545792238789312513
1548027803555074050
1550115571894669312
1545151739770331136
1545448224101654528
1545319491227320324
1545149610913632256
1545312193020923904
1545126914611871744
1553053266967007233
1545378880734859264
1552940896961830913
1546453113019588609
1545509770722959360
1543895794213847040
1545367261158023168
1543665102779518984
1545582704648921089
1553727066205454337
1545433730055020544
1545305301456486400
1543200294531629056
1545247016720207873
1545383567974342656
1549967084532244482
1545078006238027777
1545710616379367425
1550426576206036993
1550260313290850304
1549914040155127808
1545337969472667648
1545328013318955008
1553876807199232000
1545174114301886465
1545132701551734784
1545375738421022721
1545288939434639360
1550616869442404352
1545435192831229953
1547685442819989506
1548025191388704774
1550775402456547328
1550873794138574853
1548615026730221568
1545118246453534720
1548764707909242880
1545115871110205443
1545639966704820225
1548754620016631808
1548022241303994368
1552621688461877248
1543572232492007425
1545189790886563840
1545172302601543680
1545681572455661568
1549345883350761475
1548333990645415936
1545523511933935617
1546110587633025024
1553528152856707072
1545322310298656769
1545663863445651457
1545280621274095616
1550044226586648576
1550446063449956352
1553280600034918400
1545451754464153603
1545366398918066176
1545365477060386816
1551870713891622912
1545319502019174401
1548243248174379011
1545118447901753350
1552096382592352256
1545126168537567234
1543512078945763333
1546189730802503681
1545110154601005057
1545371839446278145
1552919338990112770
1550439406976237577
1545362326395789312
1546189236998635521
1545177237888139267
1543898575012241409
1543902329556144128
1553511893595193344
1550108595362168833
1545418523643727872
1545472080753336324
1545684812983418880
1551018743337213952
1550229570762280960
1545194825586180097
1550486158404091906
1545412577957711872
1553087060142989312
1545369374860738560
1550186676529643521
1545518111134187520
1544007706524229634
1550451571024084998
1545720482405781504
1550211062607347713
1545486998923780098
1549412011691442177
1545345903669743619
1550374666006663170
1545133594867376128
1542787961984815104
1551031110116773888
1545358399017205761
1545361877332533248
1551259855804964865
1550527188600066050
1545401713829593088
1545282456529637376
1545137388577607681
1550465694227218435
1553829243276206080
1545292053864751105
1545348908381081601
1547260006973710338
1545123015045808128
1545128929845018624
1550507598809649152
1550502802685820928
1545156532840681472
1548625391073591296
1549755664871956489
1546059216972021760
1548193249080160257
1545361359843491840
1545108629094891520
1542920755096309762
1548009318527537152
1548759500861087746
1545402192600993794
1551306362176552961
1545285947566301184
1545164286212939780
1545110390895435777
1545365696103817216
1545289757873389568
1545349908584370177
1545134283467243521
1545120211732467712
1550223641476042755
1545428606641491969
1553655920319553536
1545328469659291648
1547958478429335552
1545320813288726528
1545708234014707712
1545336681037008897
1551920959409496067
1545493949015539712
1552950933298069505
1544048456808992769
1548764290311675905
1545283232886833153
1545309030788259841
1545426149383233541
1545433310519853056
1545374838738587648
1545141417999306753
1545279533242204160
1545108597578747904
1548005255597633536
1547879896474701824
1548007509834665986
1550025093694324737
1548303024891629568
1545350895667396609
1548815272823427074
1545517742916255745
1552783941555429376
1548778736631386112
1550432674778578944
1545399484296957953
1545596244814340098
1548263108782698497
1545421202247892992
1545121998677966853
1543763330799656960
1542782416057782274
1548624411032489986
1545079292983496712
1545120662276214795
1545225808725397504
1552949744108011520
1545436532349325312
1553854029989613569
1549555499657441280
1543895961310740481
1553748733736648707
1550432042734813186
1545163166316904448
1552293494240198659
1545425297243348992
1549007386312073216
1551285066302619648
1550221367097819136
1545373110026780673
1545114708440645633
1550406729078394880
1544321900473630721
1553690727011569665
1545659154496471040
1545110536714608642
1550329665239351296
1552357330293063682
1545557249946443787
1545292066707603456
1545176558385741826
1550528360207491074
1545275465824407552
1545115981261021185
1550196355859185666
1552156131509796864
1545184423653609472
1545120303252127744
1545283398616367105
1550545600890179584
1544488876496273409
1543924341645230084
1553852764668792832
1545634665549160448
1545555575408414728
1548372387116175360
1545444920307105795
1553772843929935873
1546389706249838592
1545689266600263680
1552762131531108352
1545107950582304771
1545186190135070720
1545140831551737856
1546060723977076741
1545298030798282752
1550391044042268673
1550020110726864896
1545152129567965186
1545394807496970240
1545323580061351936
1545108928249401344
1550140052260397058
1545466491667202048
1551268918567636992
1545668374226735104
1549120545966505991
1545472021349507075
1545293687390965760
1545546157149097984
1553768544533417986
1552356373194805251
1550540662562467840
1550529627013414912
1545182467560247296
1551232570305691656
1550219746360147969
1552360064551362561
1545420410241830912
1550374823381159936
1545525172270419968
1545174361883267073
1550186357607243777
1545327563563831296
1545118514167652354
1552353773598740480
1548428053398712322
1545381725437583360
1545362258775216128
1545476967818055681
1545291856606629888
1553747545003892736
1551253825717166083
1550243096394403841
1545454506598604802
1545347272673738753
1545118976015040513
1548238862673031168
1545380233309822977
1550284822068748295
1546504105497075712
1547576182735917057
1550226488821153793
1545348063551799296
1545756040528285701
1545336298155671552
1545295711918587912
1544764566248165377
1545422091184492545
1550762281927057409
1545129495732146176
1543951065376235520
1545118608954638336
1543560841592700929
1547521759141892096
1545350602573619201
1550440190082260992
1550755051232268290
1550214154929192965
1545681652499750912
1545499752447500288
1550448031052570626
1545406529494519808
1543909647454797826
1550459764303331329
1545378932509343747
1551678126769557508
1544317646471974912
1542787894422773760
1545119030431866886
1548021782434631682
1548334420364447744
1545541720229691392
1553301103613251584
1548772895706562564
1545369587394527234
1545293848758390784
1548097233379217409
1545220912479436806
1552266983592415233
1543316172552261633
1543899264081854464
1545401903449776134
1545358796347826176
1551332198858588161
1548956234581245952
1550595957993218048
1545377306167939079
1545320616844222465
1545425279702765569
1545661189392420865
1545297779748134913
1545110528183439362
1545654218966573057
1545189046204305408
1546850599190368256
1545248388802920449
1545460855214596098
1548274849805570048
1545151619880427521
1545144991282085888
1550107699152490499
1545372348987080706
1553684151680761857
1550495900488929282
1545135147141533696
1545119326969241600
1548282955671384067
1550354984784601088
1545357554435461120
1545311605377974272
1545097623224389633
1552538965319864322
1548443166319161345
1545341563877867523
1545819370215116801
1544004260165206017
1543905614232961026
1548224651288924160
1545659638313615360
1550414925654380546
1545419139627581441
1545157010836144129
1552962260410269696
1548352847669891074
1545700665581879296
1552351797435564034
1545300935957700608
1552949810394812417
1550820937544728579
1553055821252149250
1545344017499561986
1545465616542437383
1545304771980103680
1548437933589295104
1548289524324675584
1552416212864434177
1546327593259094016
1545290480551960578
1544199669856849926
1553374770397429760
1545664438249873408
1545375847527452672
1545500787891224579
1545354575082831873
1545389882780123137
1545293810380464128
1545247938103939072
1545160468750340096
1548245462347485185
1553662920973746176
1550783401535459330
1545196210465771521
1545283903237259265
1545465740014362625
1545399325487947777
1552931695103545346
1545403156590477315
1552559385045508098
1545381321912061953
1550029850718642176
1545394960492646400
1552741709049643008
1546050958018453505
1550439936242995200
1550099950943576064
1550518475893813249
1545130341714870283
1553285869984956417
1545808270929051649
1545322843558256640
1545404315115855873
1545403822775975944
1550539644617773061
1545387406228078594
1550494503940792320
1553689611536400386
1550358609028169728
1545335360703512577
1545194966015688705
1549338997574537218
1552584540543148032
1545779745178132485
1548916467714129923
1553675672643682305
1550828377619275778
1545483681481080832
1545406885225971713
1545353405866151937
1545302906848641025
1545320774612967427
1545565991224201217
1549110988829491202
1552372109166379011
1545347923285778433
1543930547461885952
1545173959192334340
1545610541212831747
1553795526855999489
1550456047038603270
1550468431497109506
1550197614238392326
1545438777933430785
1545838546052939777
1553678480289808385
1550235262193737733
1545209734869008385
1553077939977289730
1545067240428560386
1545302166570733568
1549351301359730690
1553049301647036416
1553678459343355904
1550102421346582528
1550586550039240704
1545183622067519490
1545185208642805762
1545163109991604224
1545278226011930627
1549169267563761666
1545119446959853570
1545341508588634112
1545409978588184577
1545324171974041600
1552690695881854977
1545148309005864969
1547515350090223616
1545147891492306944
1545297110714781696
1545119335156535303
1553354856441823232
1545459942748045314
1545433470817771520
1545370987608383488
1545396236844507143
1543896475062730753
1550967287473180679
1545145254134915073
1548024317081923584
1545342823905492992
1545445411988586497
1544468107661541377
1545157342735601664
1545113869739347972
1548010348250222594
1545110917570084865
1545635964843868161
1550504617401786372
1545461139278020610
1549864854726533120
1545943578744160256
1549098597160976389
1548756441250553856
1545150025503850500
1545842399544545281
1545456839067947008
1545135335197245442
1551779652309553152
1550493158055845891
1552893868479324160
1544775170371555329
1548021956468912129
1545180359716966408
1545364961706262534
1543149780917960705
1545133095841587200
1545287739448369152
1545125113292812288
1545134162499321859
1548370050012221440
1550464312925458432
1552747840614633477
1545344374472589313
1550227252172005377
1552949603552694274
1550497424648675328
1550413319676239873
1545377231312125952
1545313534233518080
1548718462981349376
1545118524745699328
1544766788189167620
1543962518166568960
1545183297176993792
1551057189980311552
1550189221448744961
1545203406511509504
1545283401556660224
1545118093130743808
1545315407787184130
1552767453092012032
1549338095199424512
1545398083856568320
1551257160113422336
1545442201991348225
1551034735727726592
1546079209524707328
1553716908222025728
1550247264886706176
1550552809359155202
1550254275711930368
1548006725399109634
1548005758305873928
1547128275197100032
1545669636443852801
1543952770620919811
1543630083465904129
1545290827286646786
1553502714633621504
1545123458576777218
1553000390316232704
1550641792340697090
1545410129562042369
1545395639772581888
1545328025084039169
1545319758362460161
1545338924456976385
1553821645311279104
1552517926372184064
1550741051140440065
1545113549734924288
1545482469654372352
1543899817302102016
1546451393581547526
1551305976191516674
1552766381367693409
1545413355711741952
1545322109953626112
1550609920415899649
1552372370425389058
1552717102330650626
1545116477652697090
1551812843976232960
1545367097261400065
1545272379596853250
1545189936022061057
1545672756993429507
1548302869509509121
1545307513486282752
1545826726097338368
1550166092101853184
1549365702796222464
1543179506122465280
1545111347154849804
1546554314419851264
1545353517942161408
1550741578439831552
1548014955072409601
1545436034183430146
1543326799840641026
1545466834148900865
1548791666177441794
1545189930686611457
1551312387344633856
1545399901416292354
1544058911120150530
1545460064768724992
1545344997884657667
1545186281809911810
1545149309494218754
1550498423396261893
1553660138925563904
1547980738506547201
1545295958929543170
1552726654027534336
1545298510995660802
1545162047821864962
1545150696156274690
1545149621130989572
1550402646254800896
1550279475358834688
1543540953323118608
1549379403347640322
1545150055862222849
1550498820030713858
1545660496543629312
1550261481341685761
1546888408747970560
1549756872198062081
1550437933026533376
1545328400428158977
1545793486124994561
1545152063209889796
1550895704591273984
1548769670202888193
1547311618102550533
1546206541447061506
1546424664024653825
1545150337362837507
1545155763261374467
1545397189354131456
1552734560282152960
1548367014783098882
1550455503054061568
1545163794476834816
1552370120663732229
1545709581841694721
1550485122247528448
1543901780978941952
1545423036970479622
1545291540158943232
1545113973405716480
1545459889090301953
1545402991439712257
1550641336629567488
1545238610441560066
1549510885642833921
1550336455020580866
1543716263674974211
1545182871748739074
1545499756650168323
1548933265423323136
1545114014073626628
1550137776175288320
1545326982442917889
1552604044136439813
1550188545553436673
1545130199926325248
1545122857767804928
1545305697214242817
1545108170128986112
1552271727270547457
1543913205105303552
1553336711928750083
1552620489364983814
1544014996333645826
1545363330889666561
1545324511150612481
1548007777422884864
1545369433463472128
1545245848589799426
1542850572751175682
1545421470515568642
1548038409976836098
1543662970789675009
1545736452188917760
1545381548530221057
1545191811924299778
1548241023167385602
1545723561578582017
1553744829418536960
1553679486356525056
1551981891355660288
1546470820117110786
1552428974189543425
1548791413424488449
1545344427056664579
1545875696995663872
1545873005900857346
1544395587700903937
1543074221080907776
1550188326640033797
1542751789996511232
1550501393391403009
1545367693863403520
1545289125376450561
1545348137908305920
1545069147830325252
1545325441199886336
1545166885939040259
1543991377360568320
1545969880247189504
1550483248559509504
1545100140498849792
1544764704169549826
1551357866748960768
1545114584750628864
1550359296822616064
1550226137544101888
1545350010237222912
1545430406069190656
1545525658570432513
1547301706622435329
1548777566852579328
1551299499288576001
1545782406111809536
1546165270577876994
1550380818396217345
1545160116252692481
1544030372152877056
1550423585147215872
1550452393711632387
1549327203543949313
1550226116379566083
1550187874175393794
1548280988093915136
1546375907711090690
1545561111252058112
1545353025677565953
1551935246962200579
1545561075441172480
1543912488533622784
1553354085243527170
1550385923174580224
1548257249855819783
1545485114909548545
