1379721027379429379
1381918866272571392
1382632493342466051
1379068227179937798
1385327984345812992
1385698864947253248
1384932677296525314
1381921541773008897
1384950271323873282
1384881732764176386
1384609845714702342
1379432124382507011
1379086423811317766
1384873620124717068
1388235207774547974
1379157645609857032
1385157624774156289
1379363565321269249
1382652513736855552
1385148505749180416
1382967196486311936
1385198059446054912
1384970840522084353
1379582835212873731
1379528934975492099
1384846724171276288
1384891093507088384
1382681544490426373
1386752728467230722
1384854114060886020
1383125343503056896
1382658362924531714
1384899586943340545
1384875225452531717
1383320328479199233
1384441724051787776
1385594974520098822
1383491140544958467
1387698801041870853
1384865149585141761
1385566730894942216
1385682953062293515
1382759732784545797
1384881275731910658
1382765482244239361
1382412023519150080
1382678830385618950
1384920536707444737
1382391918752055296
1383940353414221826
1382442839670460417
1385559747743522819
1386754043738038272
1384860694626058240
1382673665301565446
1385158658280013825
1379500858392596480
1384914774614544397
1379068358847561733
1384927241868480517
1385181668139540481
1382814386838978560
1384863777175261188
1385349280978845702
1384885484082679808
1384807492375437312
1382763753670869003
1383697159367757824
1384871341053157377
1384152140994662407
1385998966194679816
1384938361702465541
1384995828553732098
1380176741390557189
1386766193835532288
1380236033669877760
1382609788283060224
1379199448732073988
1385176371412967427
1383315096525447169
1382411892006776836
1379783188420104192
1384850130080239617
1384866365903937543
1379416473035214849
1379361083836747781
1378019161939513358
1384844472761077761
1380992324071788550
1384921243292471297
1385283539491594244
1385257725635055623
1382439571703656450
1381991994873024514
1385192282132033538
1385157817066311683
1382785251609563137
1385266294283460611
1384842589820624898
1384871299898544129
1385266298704310275
1384918864782405641
1383173823013527554
1384889658115493889
1385893320610787328
1384889516083847170
1384784988537753601
1381726150880337924
1384887156200591360
1384863272252461060
1382778984686096385
1385219291826511874
1382853911611052034
1385146569343782913
1385006626130759681
1382648686174482433
1385147849030184961
1383327277463658498
1379457333948989440
1383326764651343876
1384801005192241153
1382893352702578700
1384868153432346626
1382705846124175368
1382691777975570438
1379469075219419138
1377703170881765376
1384865614951497728
1383448896140058626
1385226466665897991
1386660353459765248
1379897631632150531
1382410912095686656
1384132301886353415
1385620031216750594
1379125094027563008
1379354510141886467
1384881405545619456
1384866366528884740
1385119652041404416
1383648328244633611
1382777046825373696
1384853212700815363
1379450827958591488
1381978091845791746
1379921071860817920
1379413587127627784
1385340876210294789
1384998087693901832
1384912006306729984
1383032948325224452
1379921457854177281
1388142093881729025
1383826532590755841
1379354848194396160
1384869631651946497
1384962227262918657
1383324741717561351
1379135109916413964
1381172051822706689
1385148993475334144
1384886629559635969
1385230482758057993
1383385641312948229
1382578083388129282
1384882724226338816
1385725070908305411
1385466338488070146
1385472258945191936
1382789380285272064
1384903263363993602
1384882985963556867
1384886974218133504
1384904796033986560
1385097445558964225
1384955915292618754
1385250336781316098
1384840423550693376
1382763639078326275
1382768863981494275
1384974597620183046
1382642038307446784
1384211388655046656
1385278173894651906
1384634997009784846
1383320087201943552
1384867055904690178
1386431206015655936
1379149366833905670
1385288172779851778
1384841327771328512
1385267522434387968
1382662657329803268
1384918880544608258
1384133737101762561
1386361302625439752
1382381058944028674
1385237267594240004
1381919405865627651
1382785323462234118
1383809941530497027
1385215110399025156
1384819718104698881
1382757666834034690
1382763870947840000
1385920618814742532
1383375163983466496
1385275989480067082
1381666718397956100
1379447745442947074
1385637115518767104
1383332896614666249
1383291334480461825
1382434967599390723
1385307938085085186
1384898367327719424
1379432900701999117
1384859564865114113
1385153586166996995
1384842237792694275
1382549198147571713
1382608613877936128
1382308227719782404
1379061816882561032
1385509110477729793
1382019125111885824
1385148365692882944
1379435810131300361
1384889246788595714
1385491693412265987
1384851124944003073
1382886550166462468
1382735068070875137
1383306754163810311
1384840441800052741
1384859509668163588
1384857517155569667
1387120933060714499
1384877867876687873
1385506402207215618
1385274553312677895
1385519499479298048
1385147901832269826
1384493481368772619
1385123616333967360
1383389191141134338
1384904101566287880
1379909711865257984
1381617699286044674
1385699141259603987
1384310137800728580
1385249735573921798
1385200492960157699
1384846649508483078
1383230703588970500
1379360881428078593
1384904352364695555
1384837126534094850
1384935996559667201
1382749310236962816
1385242233885102080
1379157697002668038
1384858928559837184
1384922464514461699
1385206275718397952
1385155178240872450
1379446025409159169
1385589864058523648
1382736533497733129
1383348194373869570
1383422572671365124
1379725476558741504
1381737925541564419
1384868754002227201
1384258767408173056
1383317514885558274
1382777863192084483
1385302888214323207
1378864826026496000
1385477682457153543
1382387314236735489
1384934815347130369
1385297681489215488
1385514999062401024
1383325030830854152
1384941138273001472
1382640969854640130
1384900991057813507
1384931455583797249
1384856728836182017
1383315811004129280
1384843153065324547
1379753464482308098
1384863766215544834
1382966388902522880
1385278731552530436
1385513380455272450
1385349818701258755
1382659139453730822
1385259894987710464
1383347761324564486
1383172967346094083
1379737600815161348
1379525981069795331
1383171542918557698
1383172443070722052
1382417039348924418
1379178671471218689
1385283860385181698
1384843199898951681
1384912304186220547
1383311714083508227
1379824370701512712
1384841704184979458
1384872917532614662
1379075785370206209
1378862930846961664
1381987420447592455
1385321429965627393
1383173599834554370
1381556326480941057
1384941240110694401
1385228432150343687
1385515718641336320
1384272054040502272
1384423725848727552
1383500475467669505
1379084440442396677
1382439091262910469
1384997806126022662
1385287819384459264
1386743693307228161
1384841909215059968
1382734165611794432
1382663024771751938
1379539407766745100
1388268837120839684
1384844704714526722
1384776141236490242
1384968188492976130
1384838957138055171
1382728199256354818
1385285643958374400
1384845704410042368
1384930694556704768
1382631810874626048
1383943364052066314
1382592300862296064
1384840444706795521
1388217309064581125
1382445713838202884
1384636898577166337
1384867300134768641
1382689122603696128
1382436476718362624
1386750913558237187
1385336952799518725
1385154476382818310
1385001548476977152
1384884789837242369
1381727715955503114
1385149440248492033
1386719836399710208
1387306169350467586
1385279356940034057
1385294723078885379
1379339712373137409
1384843663117897730
1382750407580082181
1385308562231070722
1384894698163159044
1385004185075261453
1386736394991718410
1381595682071584768
1385055506251882498
1379823983265263618
1384967668973903878
1379370019872772098
1384124585856036868
1384881029811515392
1385266663982080005
1384876749540966400
1385312028609458178
1384851759764578313
1384134043650822153
1382620624351268864
1384844406314967048
1387865289593864193
1379160464014336008
1383299397253959685
1379427147849285633
1385327967195353088
1385567899486724099
1384953840601124865
1384850270568468483
1385134870763089920
1382629387087052803
1384848097545789444
1384995115807223809
1382442609705107459
1379068303314944005
1383361405265448963
1381356132824932356
1378899010598109187
1386741208362401798
1382395627817033731
1383181017670942722
1385706664494501891
1380031318935887873
1384847308530098186
1379089888654594048
1382711939000897536
1379440580929982466
1384842501413015555
1384925562741968900
1383175759699832833
1384911473135259648
1385265373365379072
1385010196137881603
1384854909166788609
1383181025442983942
1386795520157528065
1385920095487205376
1384970968964255744
1384923727012507651
1382710631120392196
1384845844889931776
1384793057770491904
1380050330080149505
1385252352253382657
1384165195652558854
1379439393484767233
1384855291573964804
1384839819281543168
1383175751734812673
1384802856394493952
1385168201571569666
1384869690158243842
1384886789974937601
1384609211968012289
1385640819261153294
1382660861366579200
1385298840023093254
1384862419739189255
1385280393457422344
1384775461855764480
1383185908220968963
1384187398511218695
1386736627251298314
1379703186093670402
1382465374231400454
1379136468527030286
1383759898249359371
1384889314304274432
1384860392984387584
1381666779274022914
1383677536060678146
1385133020638818304
1384943513536811015
1382648433031446528
1379451924907503616
1384909745589571591
1384865773139673091
1382708893160243205
1384513235097882630
1384871658926878721
1384974915422523394
1385326986525085703
1387159419146969100
1386736751985692673
1384946546601611270
1384940701725642755
1382631434368737283
1385314135844478979
1384777170220892160
1384859685656879105
1382638252566441986
1384859880402604034
1384977736742146060
1385719463752896512
1382728467393961985
1385543452306329601
1380586768072851458
1379086083602939904
1384898199253565442
1385693166234386432
1384841519375556608
1385238760531632133
1384148697580113934
1382289803438297088
1384925237918195715
1384846683012468738
1384847140455862273
1384447792471592965
1385354933059399682
1383402108511154186
1386823336248872968
1384110992947245057
1385482335970381826
1385288273447292930
1384855768730583041
1385154697414197250
1382736213661073412
1385322592119267334
1385514937213235200
1384134054044262401
1379429595980566533
1385263932508606471
1384841031888392192
1382392045810106372
1385586646591082500
1385557624825987072
1384877296520155144
1384900545811451906
1383205080904646658
1382608727119958019
1384861455829377025
1385272478948368398
1384935565649485825
1379331299249377282
1379074543776636929
1386348635726696456
1384854168272244737
1385190362688405506
1385319982523994112
1384928237671878657
1385168075616555008
1384899593746386948
1383306739454414848
1384883559429779457
1382673884483358720
1384932855420235778
1384118401103061006
1379508764127203337
1384851078232084483
1387160394934984709
1385197817438818306
1384872224809697281
1384889397234053121
1385174504125734913
1384849749988216833
1383023392807325702
1382370184850251782
1382386369457233922
1381694015339384834
1384852647405101057
1382707256593154052
1384932084645605377
1384908610141106176
1385251868062978054
1384156793031454724
1379423548939329538
1382628818825969664
1383316740113780740
1385083245948248069
1384854670116540417
1384935470153535488
1379403423104253955
1383175178788683781
1382803865922367488
1383346329590530050
1384927798712745991
1382953262001848322
1385324790051971076
1384899869408628736
1385321682630586382
1384797446681907201
1379872501677850638
1382435732590039041
1384886023839264770
1379123790047744005
1382668615405744132
1382418964660301837
1384890282177671169
1384926342978867203
1379734387118456835
1381988833881952256
1384840693504483328
1384899097509912576
1385057483249659909
1382726013646409737
1385152520088129538
1382664743283007488
1384440018681401346
1384120097254481930
1384540439563341827
1385279930494238732
1385152866189463556
1379106774154895365
1382009199731834884
1384839946205384704
1385002386473762824
1384127692488855552
1386716972499472385
1388208170758283270
1385581317895585793
1379837720994979843
1382753127653314565
1385368180789493765
1384562409264799744
1387490586878427136
1385253341035438085
1382754390088552454
1386697997098971139
1385270343288381444
1383436167379517451
1384974532923039747
1383769111289765893
1385336232381669378
1385045438982770689
1384842098667573249
1380603040089174016
1383333799082168324
1384959256844189698
1384844442968936450
1385256880176570370
1379364159310213121
1384930325596418051
1383359194867277831
1384840412452491267
1384125567184752647
1383435812553969668
1379450871155658756
1385636418534486021
1382671704787419136
1385266187911716870
1388196874956460033
1386440408700358658
1382638637351845888
1385020826580361216
1379823204211032066
1384838815475458052
1385367541485379587
1384495788294823940
1379199459217788934
1384937301923569665
1384843131376611329
1380594198701826049
1384945533253455874
1383342276361949184
1384961477132660738
1384872704210309120
1383392254241370115
1381709203329417217
1384927578620891136
1384971833963864071
1384900636706316288
1384861161380851715
1383179258059755523
1384891607128940544
1384866970848403464
1384150121491832837
1385224890643591182
1385007670021734407
1382710944099352580
1382759902981013504
1383038983169581058
1382375562027614220
1382253010965954563
1384869906508926976
1384583943140352008
1383174934076227587
1380590422007894022
1384907116088074242
1384877264161185795
1385193175711690752
1384921776166252547
1385145595514572800
1385100936025104384
1385162548635488257
1385321987262791684
1385033909298151425
1384961848404025346
1379079718880821257
1384873453262721028
1383349661621096449
1382684935983656961
1384860062326444035
1385213082947969029
1384928395172237316
1383197921173180416
1382112759375093760
1382985321743314944
1384910206665216003
1385561898448564226
1384868890061295616
1384892564638244865
1385140945537191944
1385295373623779329
1383175761461403649
1384918055994658820
1385291273699987457
1382611160235700225
1383345361608089605
1381634066399834114
1384125633966448641
1385263154792337411
1379100483206451207
1379354693420396546
1385146420341182464
1379459133812903940
1384194252184252422
1384888348108627969
1384118106927165446
1384948362949038087
1385348733710258177
1385278920400977920
1384950891749560327
1384605707669053440
1384938578518609927
1384845913835937794
1379395760173821953
1383299025206579205
1382791549482889222
1384124656211271683
1379153918500954115
1384467245477384193
1384904135305224193
1385176214504189952
1384840182738862087
1387858900607721472
1385254551352119298
1382734507023941633
1384870547994066948
1385608629034917888
1382353954219122688
1384946495640805376
1384858838281736192
1379090616437575685
1381917823224705027
1381965983389151243
1384902955963453444
1385150793230266368
1385146565715763204
1385191493757964291
1385285140826447877
1385457007591886849
1383250796419055629
1379567918233628680
1379052898340986885
1383375374822744064
1384864187407642627
1385237488998961152
1384841426710708226
1382674494897201157
1386742766835748866
1384889377776717831
1387199739360391168
1385155517681741832
1385336006099017728
1384942171929862151
1385189553322053632
1385162673126617089
1384902564869808131
1382835579356905479
1385321708979200003
1384916024894660611
1382763627921428480
1385902041340551170
1385192795263152130
1384841175333539841
1379493053833080841
1384937553732804609
1384840914108039169
1382405662223794177
1380793553559941123
1387825782060376066
1382628086152302593
1384768230972080128
1383192734341726208
1379811771398115328
1384938881745887232
1384860885596975104
1383354678360952841
1379078661501038592
1382709127818928132
1385078009464606720
1382667183088623621
1384873818229989376
1382783455700848640
1379518275005075460
1384926650480087044
1384810811072335872
1385504901703348226
1385155241583292420
1382758638461325322
1382714097964363776
1384856463072497667
1382998250823761920
1385219884565602304
1387343208506695686
1379540883159257088
1384799726600609793
1383029710364536835
1385540878769459201
1384916717332320257
1384980433369108480
1382780453464244233
1385256702338011139
1384845434112389120
1384882975414837248
1386747113732706308
1385225249789198336
1385042519340240897
1384834738704240640
1379443306267037707
1385092924870959106
1377903974653779969
1382435077141979141
1385128996598423554
1385147132018036740
1379367215796006916
1382616925264486401
1384858680437481474
1384032395700031492
1385203584279658503
1383167943534592013
1384880886773075969
1379338986116775938
1384876014900293634
1385893469789593600
1384854532685979653
1382566933111963650
1384567028439265294
1383174393640189953
1379455031620030465
1384828385671659520
1385146766744604672
1385005424806617089
1382731505202499585
1382691300194009089
1382703213946798091
1385258694548525063
1383173743556591618
1385243947652550664
1380580682364239878
1379749711675023361
1384233540603105280
1384868892724580352
1382292052298305539
1384839489898569728
1380613332739182598
1384975184881401856
1383173704553787397
1384870881218990082
1385602554738978816
1385602973494095873
1384913232247377924
1380858377438367749
1378863192630235146
1385690115633295361
1384723388355252225
1385356962276249600
1380585231128875009
1384908972688281600
1384963265365692419
1384928055827783684
1385003089195831302
1385624176762007556
1380153836053131265
1385172226459246592
1384847046457364481
1383300198944804869
1383309480784392193
1384981010035748868
1387266997638074373
1383514349088641031
1385710888343244803
1385156740266795011
1379378457759584258
1382765566969143301
1384844445204557825
1385523784485064707
1386755025465188358
1385344497983369218
1384871305762246665
1382787451706601473
1379379043884228613
1386812048051429376
1385270744888844289
1384947283586867210
1379361564961218561
1384967490858586112
1385207643829161985
1382813529271586822
1382639688637411328
1379073727422459906
1385516007314317314
1383344159944179718
1382694768778575881
1384849331333828611
1385290008941277189
1382717750678786049
1387490472839598082
1384956257833046018
1382622761785430018
1384941017636429828
1382684793016623104
1384953410617741312
1383103434694524930
1379106312643035138
1377738527677497351
1382388703134416897
1383099350415507462
1386737816755900425
1379502993960271876
1384494323090092041
1383409259463860224
1385308339739971590
1384840754628079616
1384976512315707403
1384286652751761414
1383319108318425107
1384943755728404483
1385607212756836361
1385162128861155329
1385265276967661570
1382371817747255299
1385146525412741120
1384516563961778176
1383307457611456532
1384843907310178305
1385327745979363332
1383172741411569666
1382351042243923973
1382795190793089024
1382399423456641030
1383490082162626560
1384144400305950724
1385233266249248771
1380396654981943296
1384925582333464578
1378836614571569160
1382622667321249795
1384914919213178880
1383313850846515200
1384856100147810305
1384565326306844676
1385322642442424325
1384869716787871744
1382666702618558464
1385329078098612224
1384927884461096960
1384875238127771654
1383854715419516931
1383191254998118402
1383310304344371201
1384909223461539842
1379419099671986184
1384757768549191680
1382240862382473217
1385258032972566536
1385007383659925509
1385312007285616641
1384856861749522433
1382427533250027527
1384950205351612419
1385579840888360960
1384844755624935424
1384855094512992257
1384155617284087810
1382384833498914816
1379338574131302403
1385321746916683780
1384896243420237829
1384941493236944897
1379690847978012675
1384926993691643906
1384925785723711491
1382664892042334209
1384879556771909632
1385260382726590473
1384906487022198784
1379071332621639681
1384885371629096970
1384898379004747777
1382660083142758400
1384850225353854979
1385736779890774019
1384227467112554497
1385977971501064196
1383279805735473159
1385624036022145043
1384943114763313158
1384877883601084419
1382644523789135872
1380830536923557893
1382639473972948992
1385273740586594306
1385115798977630208
1383174280452706315
1384952639025303554
1384937129344651267
1379432078488440851
1384947684415582209
1379103547699171329
1384949967794495491
1379499137243185156
1387159460360212480
1385100240689278976
1379514075625971716
1384859943602434050
1383020072730562568
1384869462462042115
1384931770710306818
1385767671720038404
1384630485020811265
1383313817380163586
1385069723830919168
1384429610109218817
1384757040992636936
1382019364073975818
1384885376892997636
1384850009045311488
1382973960724353024
1382680651342708738
1385176076767350786
1380136198149115905
1379770252767158274
1385622709237915649
1383205970134892545
1385326407086116868
1380534700356333569
1383748365175771143
1385346756456730626
1384897821996986371
1384885284416933891
1384861044967944192
1382717773311315969
1385096340045242368
1382800844479995905
1384804955412910085
1377987032191016963
1385924330362703874
1385147576043937792
1382659851407519750
1387022355600449536
1384842621273661442
1382394301649465344
1381849540601516033
1385524612759441409
1382785314385711106
1385540379055951882
1384863051862663169
1384152584307363847
1382785837440569346
1379873513796947969
1384843272598790146
1383242736619245569
1379173179529248769
1384856002001047558
1386738228976304130
1385338072943009796
1385150915565477888
1381696246742671360
1381682420311683072
1384880411080282122
1382643626736504833
1384954901386731528
1382736659620495361
1382653524069249024
1385306412293701635
1384906844678893570
1382449517958692864
1379120668801957890
1384612238372261888
1386592691920769025
1380640528044339201
1384910715086049281
1382782032615514114
1382597810277728264
1383325802545045504
1388061684762398721
1384870263628701696
1384842122508095490
1382668732993040386
1379152317656797184
1379776025245155329
1382375442380951553
1379069375446142976
1383196600747630596
1385302793414656008
1384873190531473408
1382406010929831945
1379068711177498630
1384912868106190848
1382754629998493697
1384956764639174658
1384968785220624388
1384864144411828230
1384174901330812934
1382397510694678534
1384825096867565569
1385315718393106432
1385297454304747528
1379083104669868035
1384867873194135553
1382411602532646919
1385327927290630145
1383179474750091264
1387847049685651458
1384608336943927301
1384155613786034182
1384850982262165504
1383091984315846662
1384937282491256832
1382677028093231105
1379660771165147136
1385323102582751237
1385249236330102788
1381724233055752198
1378749123940192258
1379058816424288257
1385324685391536133
1384845443000061952
1382610513528508416
1382051924963422209
1379171663703633920
1384864483697364995
1384914106537422848
1384870133693390849
1379551276564889602
1386719238187102213
1384951207492530179
1385325637074837506
1381074614072320001
1379068974625918976
1384921444468019203
1384948081100271619
1382604228124942336
1379069226858770437
1382603803946577920
1382785871317962756
1386759401441308679
1382734542419718146
1385284325814542344
1381919055901233153
1379730700430147588
1384140126419230724
1385691542543798275
1383187525469102082
1384919980395925505
1382681243398070272
1385871079571398658
1384926114322202626
1385170231962832899
1384931577474527232
1384999641218011143
1384901826349314050
1384840460317954050
1385499548316020737
1383682354200252423
1385692441362173961
1384848406510702593
1384967887933292545
1382609441900613634
1387160746702815232
1384784351032922112
1382645514232070145
1382744074474622993
1382409533004390400
1386737532306706434
1384893537263697921
1383193788399689728
1384859877781262337
1385186708136906755
1385009755966644225
1384931624983408640
1387348260449361923
1384895066729234434
1384758507992387585
1382642987897851904
1383163117677469697
1382703184804712453
1384945672848347140
1384853465193717761
1382648092235866123
1384888516853870593
1386356196366602245
1385158368352931840
1384857266873057284
1384852189043167234
1384877662670368769
1384236862592610313
1384848801924538372
1386847849539948552
1384642794648657922
1382680779386454020
1385112826759483392
1382647922798514178
1379391775903784960
1384917844257873922
1384971887768444928
1382604949863997442
1385252013101944836
1382835772244553729
1378886071459663872
1384907888540504064
1385707170952515585
1385150740688211968
1383393426679341063
1384908275141992454
1384212281622364163
1379358678931943425
1385265610570014722
1385269253633359879
1382471429959127042
1384841093380980736
1385281386119057411
1382027891655999562
1383307446395957253
1384834983085367296
1384920427420659712
1384863026684350466
1382673234181562377
1384839966023372802
1385258062433472517
1382347914475937794
1385234631520399362
1382656776198356993
1383329036269592576
1378368521231609860
1384891426832539653
1385617682997862402
1379071037527236608
1385333612862656516
1385004366155943945
1381175294866903040
1384856353622175748
1384180356438401024
1382698688636710922
1383053592446304259
1384873145849585664
1385323966714327041
1379085909090516997
1384856085794902016
1384918692895526915
1382647480869879808
1383530573524652039
1382414988229369858
1382411306834219010
1384909811486167044
1384942695152504832
1384825262685184000
1383172811645140993
1384846168388157440
1382658187308933121
1385010675290976257
1388177265071165441
1384511117397950466
1385147724895596546
1384843711163535360
1385168160178032642
1379079339631861763
1379069717227335681
1382825319783088132
1385148171236556804
1386381989327036416
1382412462591520768
1384979961010851841
1385216628489609221
1384794560996519937
1381954702447943680
1386745740576309251
1384968996710191109
1384806853989879808
1385329229131358211
1382703001949851659
1385014795489906688
1385353526369570819
1384835137444139010
1383514426569945098
1385217489135710208
1382800365419163648
1384964140146597888
1379371670759149569
1383410683442651137
1383274097799438342
1386704194451685379
1385154895267966978
1384172139205386248
1385158142569455619
1384158097342488578
1382420280933556224
1385339237239857153
1383891534471327752
1384887623181905929
1384904466047115267
1382709343838162944
1384845540345716737
1383428678042853390
1384820615589371907
1382775657235632129
1382677137585487877
1384890278272802820
1385539700509839364
1382825589401346048
1385606293835157508
1382704360556261390
1385086737358196736
1384882496358305797
1385172072171810816
1384878000248958977
1379130419787010048
1384976271168446476
1384888113399582721
1384899634896769027
1384876866272735233
1384885399961624580
1382762780860821504
1379084145226350601
1379068268179292160
1382708024297541639
1385003115636736003
1384844840660254727
1385007229238235140
1382377309504700419
1382416237498613761
1382740715256565772
1379439756807966721
1383329407813570562
1385155952861753344
1380634561743364102
1384862968626753536
1384892031533789184
1384143220687314957
1379128652051415049
1385287446779383811
1384549215402172416
1385184726202429441
1381243611304562688
1379562531426078720
1379086826485522432
1384855379855790080
1384429976389398528
1379691778446655488
1385005048695070721
1384925963553738758
1384123703395373063
1384987276212674560
1385527302822449155
1384840835439767552
1383185897919807488
1385264206606442497
1384874500106424322
1384125903869935626
1382472872262836231
1379067963404398592
1384883043781971971
1384894450657374210
1382792770058911745
1385327622993981447
1382443536252071938
1384890043991576577
1382754252074930183
1384855939824726016
1384846165259300865
1379097743453458437
1384283425310351363
1385511674816434177
1379206865435959296
1379448609414987783
1385002225211224075
1387405135333232649
1382420650648866819
1384916636000468999
1382377354245373954
1386293090672025604
1378625384011431936
1387063925188009984
1385629624294576129
1379205993121320962
1384550119652143104
1384982648158920707
1384912035113230337
1386735583804919808
1379373207690620936
1385262388316884994
1379073455396696065
1384880728626900995
1385151401907703808
1384901049375502336
1384836374340198408
1379715644741009411
1382646327671205891
1383172205182341127
1384844793063387137
1382716000584536069
1385151179173384193
1385805100019503106
1379124284728168449
1381981239364751365
1385282305024053248
1382687898860933121
1385460494778126340
1379070159403560961
1382762116868935680
1385278061478879234
1384904879089635334
1384610945125650432
1384840945955377152
1382644380415197184
1385149313207111680
1385253079788965892
1387864289072095239
1385255813460135940
1383362090656665606
1385195634853097472
1385445890597478403
1383343291983298561
1387430368760975373
1379082466590351368
1386654302031302658
1385219290727686150
1384849387394842628
1384900558620958727
1382699991169441799
1384859721161711617
1384841376026726407
1384866261117587457
1384851130983845888
1379936253244760074
1384951033969905667
1385126518066753537
1384779533036015616
1385281591417655298
1385299057573257220
1384871607588491265
1386673492402319362
1385235680721244160
1384889220578283523
1382717065824329731
1385159351518875658
1384955064075309058
1384909167920623616
1384889414959108099
1382430379475398660
1386573194572836866
1384856328812781577
1386415184416329728
1379173975289384964
1377981696994344962
1379072958677794818
1382832389685178368
1385624594388824075
1383365926964191243
1384129481367986177
1378796343175561222
1384985724131368963
1385304400701296641
1379490261064122375
1385313629386547206
1384870842258051076
1385339938900750337
1383084606702882824
1384842925994086400
1382636695032639488
1384860046518112256
1385156383880978435
1384899570971332611
1379445952692506626
1381920430747959303
1388024984610787328
1385127029218193413
1385543323029487616
1385341622775336960
1384554186713571328
1383290957173428224
1385465565653913603
1383179089431957504
1381961367817707522
1379073159433949188
1385173179916750849
1382753280573505538
1384884090911039489
1379476117694918656
1379428987919691781
1385373625402986502
1385012262314909700
1385016357041934339
1385167774843088896
1382659849562038272
1385009638270246918
1385078074199400451
1379680595870167042
1384865496538001409
1385302560542707718
1379116616932331523
1383296561308786690
1383339824736706567
1382441689219014661
1384110483297374210
1382396053975089158
1385118039922851843
1383177201185656834
1384114477969285124
1378682788317179904
1384950988579262467
1382719458880413698
1384865032312344577
1384843448319086594
1382444198721380355
1387497908392579073
1384878697916862464
1383186392595972097
1379068945051873286
1380955789062471680
1386736441200418820
1384906090937126912
1378497113810681858
1385899610292555776
1385289663271813125
1384964997105717254
1385315710826594308
1384880878120275974
1386637554116669444
1384165857861926925
1382381755575980036
1385322791726194691
1379900038642597890
1382745117157642244
1384853018139627520
1385572053315694592
1384943564124299267
1383127923532689419
1382486990269087744
1384852187956883457
1383318827627278347
1384956180557144066
1384927444596142090
1382668464117141510
1384777813690130432
1386348031449214978
1379425154615312388
1385329719223193604
1384886225862078464
1382392264337543174
1378865673938567169
1384775907076935682
1379090567934660609
1383192562387783681
1385154921167736834
1385295286721994752
1382696923212173320
1379367076968677381
1384960207269281798
1385202049550372869
1386415779332050944
1386958280098988037
1384887547030016000
1385292275249553410
1387402020630433796
1385346749259304961
1384868854959157249
1385189279236870144
1385040427712229382
1379085395594510337
1385014668092129284
1382067629444243459
1384888710836203521
1384850211613315075
1379078596682219525
1385272842372141065
1384847745228414976
1385251789679874049
1384870575890444292
1379335053931651077
1382699267740041224
1382613973028241409
1382686966517534725
1384890234446438402
1383332357277507587
1384125247557758977
1382730157207789576
1384143490913689600
1382618979018084356
1379424992992067586
1384869537129115648
1379692147054632968
1379078766878728192
1384858897131921413
1384966638559272960
1384862799546003460
1386899641623515140
1381975548306591746
1379427638943514626
1387847004374634498
1385160250957914113
1379391649198043137
1384884043968356357
1385328154840031236
1384839850831106050
1384874289476915202
1384854948677050369
1384911976925650944
1385098008073748480
1379363393518321665
1382828900703686656
1384865680357531648
1384849504743170048
1385008397100138500
1384872614569590784
1384900543361994756
1385146724633751553
1382711180012220419
1382648424726724612
1379444651279712256
1384423269013590017
1382598577004949506
1384888350134448129
1383347064487124994
1382647935092064259
1385120539577131008
1385220495101071365
1385160699454935042
1384872848347602947
1384983712606179329
1384139779340599317
1386797721210834945
1385324763418177537
1384413944601788416
1382423250798530563
1383182410704162819
1381718393447923722
1384933921402626049
1385217445661708296
1385585660287926276
1384908041116585996
1382420463708688390
1385579742116581382
1384947136702337034
1385116752971960320
1384867568230428676
1385592513696829451
1384780756552241155
1385180309189181440
1385512170398658560
1384872823961886723
1384845059590328321
1384954155895336961
1384868567410257924
1383197374621831169
1385277686835200005
1385157155192516609
1385159172539441163
1384903539277844481
1384846542696337410
1384121902814273547
1384962884946612224
1379708159854534658
1385002644226379776
1384862230194307075
1384934944628150281
1384839991164129283
1382636566590414853
1384843126456602628
1384928623455608835
1379456610800705538
1381996768267804673
1385168032075550721
1386299195045253126
1385266829694623746
1384293813196247049
1383506968023736322
1384975487030775813
1382618756250238977
1384858532646895621
1382663635173015554
1379120085877555208
1377464289250795521
1380604916666785794
1384601927695147009
1382923096798138368
1384131719951835150
1381933924742496256
1382702634826665986
1385281557003390976
1379103074384556039
1385150736477171718
1385006661715349509
1382706472631549957
1384844333615095809
1384153596372029444
1385509554365083652
1384983959117996034
1382711074529624066
1382586631069257732
1385473073814675459
1385336087334293506
1385272705566511106
1379477094791589890
1380619248448507906
1377697995433644033
1382674913090285570
1384133450374938631
1382793138755010564
1381997910372589569
1385696835629617153
1379070673289625600
1385921399794147329
1384964839014080517
1384494174788104198
1382287525272768513
1379078002823270408
1379342781441830912
1385822073222799360
1384879945038565376
1383571526130167818
1384856688231161856
1384852155551698945
1381919345597632513
1385929566720598019
1383790993988673542
1384861599836606465
1382646239846670337
1383338398220382208
1383033866848468993
1384931229947080709
1384983650387865600
1384884494847578119
1384841518956130304
1385297517357711364
1387859266204274694
1383173909856550914
1379497017467092997
1384120033014517764
1382704608754159620
1382015983460749314
1377721806094745602
1383068251366830080
1384270175013269507
1383057930707161091
1382729996519804931
1383222575002636289
1384965893109829634
1379489794695294977
1384110966430789635
1386207460927672320
1384808697822601216
1384129227818106896
1379068358990168065
1385310527061172226
1384870834297245698
1384905642981330946
1384509896171917312
1382397926157193221
1384859768653852675
1384866596380946433
1385306677671514112
1384231584925044740
1382632493787009025
1384918025904795652
1384906159098896390
1382655462898872329
1382773903630680068
1382702610948448266
1384175004909129741
1383017339306848258
1380924991621988355
1379346886612688903
1384157211530723330
1384854361621344265
1384496542057332736
1384845227886882816
1379072685825753093
1382377245549981699
1382761020163305476
1384413319818354691
1384118128548794369
1384868632862367745
1382615118882734082
1385287964377427969
1383352539861581828
1384919391930888195
1382722121219112966
1382773661636124679
1384117769193488393
1384840226221314050
1385112898566074368
1382779286369796097
1384243980783689735
1382398786518069259
1384887920054648832
1382702820810485769
1384888688983871499
1384155022749884418
1385294018913914883
1382443714912587778
1384868228288204800
1382691870195744768
1384849755843477504
1384899275889512448
1384871334426157062
1384850999538446337
1379484851116593152
1380031042061500417
1379361336287764482
1381922762575515655
1383016007262990336
1382736254463266823
1385569971862913034
1385363106591817732
1382676128771547143
1382531841786265603
1383308418413334529
1384403587149844480
1384846096862744580
1385268565746626563
1384872923513724928
1385243564003713026
1383305505351761925
1383419176803467272
1384840787096178694
1385178773268619264
1384950737201926145
1384890297176543236
1385470486524710920
1384841063945342989
1377988722067640329
1385012979163439104
1382637104660938759
1385003954707304453
1384761125967966209
1384810715974881280
1379840867259850752
1385146717121753088
1384143064168423431
1385148820393168896
1382631766284963840
1384907085180243969
1384894299180085253
1385481511764434947
1385150939183689732
1383277612726849537
1385697436765667339
1385249081409294344
1384850508632846341
1379738849409179648
1379091519236415494
1384940981414514689
1383198884797812737
1387858267989282823
1384904901407518720
1385690466188992514
1384766977567232003
1379136159339716611
1385028292349157386
1382417890494849024
1385329258407550983
1384843853778259968
1382602657135796224
1382746316325928960
1385258603171532801
1385146852786511874
1385147973445771265
1385146151071006720
1384844690223157248
1382643428891238401
1382448469126823939
1379445420884164615
1379453656962072577
1384861489740275716
1381934170381938690
1384844986387140608
1379345336683130881
1383345097480179714
1383177467762987011
1383403827206901764
1383223418850447371
1382402976426434561
1384869989707132933
1382368152244387840
1385218851957260291
1384894524082774016
1384871706368618499
1384898874687565826
1384130865131778049
1382408118764716043
1380800263506771968
1379078575446458373
1384925703347519489
1384924444389412870
1384855776775258112
1385146455221051395
1384931712627585026
1384967794823925765
1385297622026571786
1385334024625864705
1382456700591079426
1384907096983064577
1385301548222324736
1385120787338874881
1382657506917421056
1379121200312557573
1383172334014586881
1384778310392205312
1384888567835598856
1383316224428281863
1382646049614016516
1379433062493159427
1384972494302584838
1385506753920516096
1382399178907734016
1384873359763247104
1385238796686528516
1385240198209015811
1385105391105814531
1379357480036225024
1379109918343626752
1385290121688256517
1385259789639471106
1384846728118013957
1382669247864827914
1385196616299253760
1385146431506460675
1383190258687295488
1384972921467252739
1382608917138702337
1384980332416491527
1384119543656636417
1384564490986049538
1384810140986187776
1382427485716033542
1384995901261877249
1378955402923143175
1384902116494483461
1384847408983592962
1382713035383529473
1382691902139551751
1384853673172508673
1384849248701886466
1384160220847374336
1382832488259670019
1384842870364979200
1382439798737100805
1384919890583244802
1384857146765070337
1383724430354907149
1383322360061698054
1383315461429874689
1382817970901168129
1384852736227876864
1379568898924765187
1379103827681501187
1382619750036033538
1383390939092185092
1382792943266885633
1383315361404047360
1385305853960523779
1386263880612171778
1384630895949357060
1384903412949520384
1385262240413138948
1382689325192781833
1385234653666324482
1384895886342467594
1381721304496242688
1382374316118044687
1385146467329974273
1385339060105928707
1384504277746454528
1382685809560670212
1384953062259896328
1384894770036846598
1382423337297702922
1384880278871629825
1384837934231261190
1383323412739727362
1379085207538655236
1382705137110687751
1383200204103548931
1379357260053409793
1384869179673690113
1385164065421602817
1384913943383134209
1385253326174961664
1379199765196501002
1384840226695176193
1382732305580617730
1379796243459801097
1385334202577657861
1384862729408761861
1384767700866568193
1383356315062308866
1379800465051901955
1382703157667622917
1379505881507889157
1384127766459600903
1385260860046725120
1379085442897883136
1379388292521680897
1382659384891805698
1381925921549078528
1384867592825868288
1384433084037206016
1385171284682752003
1383307077867634693
1384252867528183811
1382668427622498313
1384942184617676804
1385453037108539395
1384845656897073153
1384840306236039169
1384853587684114433
1379504571186343946
1382772943256686598
1385469044606836736
1379379019725045760
1382491286951886848
1386736919095152640
1386740897203769346
1385331564016508930
1385256558838288385
1382644613568155655
1384864546108678153
1385242423358525441
1385580433677733895
1384939266317471746
1382805466267455489
1383320562164932616
1384841346666618880
1379401599748030464
1382385084871929856
1385242479423901697
1384908751514308608
1384865558408187905
1381703521544847361
1384251104418955266
1385539901744091139
1384150360579706884
1384876322003066882
1385250039988097025
1385126677999665152
1380346209613836291
1383345427882278912
1383328862537338882
1384840313634758659
1381849525128679424
1385285572957196292
1382441554460221446
1386745050361700355
1382288333989105664
1384868270126342145
1386748150115979273
1383052844643852290
1382826291787874304
1383283899346735111
1385116151122853892
1384930788827881474
1385284610058248194
1384859563502063618
1385186997296369664
1384806330893012993
1384133253947289606
1380633042528649218
1385287310284103686
1384908462631661568
1384840450767470595
1384895125642416129
1384865736452149248
1379071827612426243
1384861526448877570
1385338650301538308
1379234980518227970
1385165039733288960
1385482266579718146
1385284218369028096
1384949448510480392
1384259475314409478
1385628860952285187
1385006764546985985
1382789311041576961
1379376441910038536
1384792028425379840
1384140462034874375
1384895938813116422
1385851964274188288
1382646053208518659
1382416901578588166
1384926988956221447
1385150276961816576
1382806539904425984
1384878009417666561
1382660044752367619
1383291076228771842
1384344736211816449
1384958972734672898
1383180259575656449
1384873334014365696
1384881577767886849
1382715011341164544
1385617836115169284
1384857168525078528
1379089377205358595
1383417875336028160
1384858210713194498
1384146593088032789
1381201357978361857
1384947607768813574
1385220351903375361
1382665774620364800
1379540008206536704
1384840203496460289
1383181369514266628
1384880490583310339
1384031702650015747
1384199886027976715
1382641024162439175
1385148241302458369
1385345339297828867
1384945436868456450
1379557071344041993
1379104262811230208
1384867531266134016
1378087434253123587
1379082667078131713
1379169951286755328
1385258062454431749
1383292120602013696
1382673070473814021
1379329080580055042
1384810775148212225
1384869439011794946
1384926354647494667
1384895201089572865
1385336894226059270
1384873595902603269
1379392681617588224
1384892826043957252
1379123468533428225
1380027348565770240
1382682068019249152
1382501121189670912
1382609122454016000
1378863387623456768
1384925779092463616
1384899708435505153
1385157443378892800
1379351197140811779
1381973069674246144
1384908939255484419
1385328727534489602
1379801391628230656
1383346288331165701
1379390590413062147
1384957058643070979
1384884040596135939
1382722189200404487
1385215291362324486
1382440983535759361
1382675420949180420
1384850397546823681
1382367608612253705
1384973619235889152
1385169935631110144
1385335190193688580
1384929005779013636
1384910633242611712
1383310911981580292
1385581843345551361
1385853626615279618
1385146967190343683
1387238462722564097
1383318729677688836
1385299164595212291
1384856051984617473
1382187567609737219
1382431298799726595
1382674492921679874
1385162929365000192
1384925303429079046
1383288352279990275
1382721764413804544
1384887425969889284
1384864353518821381
1385319930829103109
1385322813515571200
1385289067584237570
1381075380447100929
1379083653595156485
1386780711810748417
1385003779909632001
1380812622828818433
1384974096186884100
1385310771693903881
1384924516195790854
1384914159029166080
1384927305693270019
1379349797493219329
1385212989532512261
1383035582415314945
1384858824406978566
1382655905339207685
1385006811967807488
1379079308573048838
1383356355914833925
1384974124439810055
1384947555797245953
1382735328163860481
1384914874212524032
1379210770228125696
1383346583450775554
1382799447717994496
1384899367279239171
1383290843977506820
1379090418441261062
1382672077786861576
1385011612231290880
1385713616708673536
1384854799003398147
1384844073354383362
1384840824018571269
1383223767845924864
1382828612928163846
1381928800984924168
1384835758125682688
1385187927009943552
1383230686341996560
1384416433082454016
1385331032258486285
1384854538620915712
1383267784650465280
1384954205518061576
1384505409185198080
1382665494625402885
1381695255980965895
1385281456621211653
1384902767957975048
1382733300091998209
1379390950259240962
1384867514363043840
1384844412887371784
1384258591276761093
1382794170000113670
1385004551082856449
1384999370236604416
1384851386651881472
1385005489034088455
1381947716524244992
1379368599345897481
1377778316367822849
1384502586938732546
1385116376013082624
1382604559927934978
1385146307279523841
1379385143597613057
1379826854006259720
1384857844172853249
1384953287292723203
1385260287104888832
1385329340611706881
1383319312392351752
1387494473387716612
1382060290502692865
1385327903810985992
1382762208006971396
1382815327822696454
1387366753945235458
1385718375934988294
1379681792093995009
1384876530778640385
1388233610726154240
1385925919987093506
1385246436275728386
1384886948460957703
1379377529040084995
1382436043937419265
1384904176518549504
1384852166033256453
1380877668279857153
1385345744186617859
1383277206479151104
1379936366813929474
1379398015409131520
1384966855610142722
1384912832538546178
1385218596511571968
1384783370748583940
1384181080144547840
1383323731385229318
1385695507813699586
1380882360485478408
1383351256857473025
1383293918708527107
1385300430922596353
1382783539524075520
1385272669520764931
1385163069203095553
1385269134586490880
1384821965400199170
1384846705691176962
1385230763877097476
1385323481592647680
1379186294782320642
1384873160709971969
1385146357065859073
1384859914120609793
1385001980356136964
1384924334624542720
1384277218591866883
1382442979441438733
1385016066594721792
1384968047275003907
1384894629506596864
1382391879971569664
1382595898878885889
1384934449280917505
1381930059573907461
1381164336333348865
1384949050735271936
1385440609721270276
1385257066789548033
1379558440192868352
1383343299122003980
1379484881626009600
1382644379907731461
1384866729449373704
1385347696689651715
1385171960129376257
1385290678737981447
1383299994384408582
1379088472380694530
1384882300463329284
1379158978148581380
1384885423068024832
1385321782979219459
1384896138667601920
1384408701247832065
1385205507351318533
1382608044698304515
1385151232516534274
1384516017804742657
1384417856520085505
1382788235642990596
1384853590150365184
1384131365042409479
1381921367554154497
1379514952516526084
1384155328707645451
1379181777361723395
1381985715182039048
1385022139007447040
1384870333698744325
1381682151964479491
1384880091264655364
1382440931429867521
1379175460244971521
1384259993046720516
1384273636450734082
1381451923627343873
1384907195100303367
1385109945398480902
1382722940073021440
1378864158448492555
1382660219063447555
1386736719534374921
1383322857279610886
1385296555456991234
1382701107835731968
1384206143749115904
1384819398775644163
1382663919920107522
1383190060208652290
1382673447193616386
1384952925810724865
1386423633166413835
1383329900849815559
1382604810256486400
1382743017807839233
1385265338154201089
1383453861701029893
1383378454242988035
1382661436820819976
1381946991677165569
1384856113724772354
1382435099652800512
1385165504181116930
1383439692201299969
1379069459311300610
1379714341122015232
1379329829879824384
1385504655279525892
1382731522629894152
1377738588490698756
1382501058488963077
1382403844332732418
1387009566655852544
1381918232026697729
1384900465394073602
1384910252454391810
1382773605717663744
1385477210124046336
1382747928175972355
1385194010524930048
1382610224759119874
1382386774035599362
1384864659795234823
1385336037262700545
1384152857461460999
1385108184982032386
1381746806825103360
1385265221569290243
1379845345757310980
1379821214550659077
1384867978475413507
1384843400000811008
1385356708818694146
1385237673942687747
1387297172740354049
1385306751961116679
1379382138697625604
1384111679194107907
1384961438192648196
1386368429037400068
1382682089053691907
1385286629292654595
1383187898871189504
1382722314316447748
1384507172038533124
1382710171277885441
1383321568613261315
1385602396605267977
1380572194795847683
1379500763710431234
1384832867688140800
1382394492444102659
1383304987741089793
1382677705775312904
1384910110137409536
1385197644667133954
1382643270442840067
1384873202233532418
1384905792369922050
1385473411829411841
1378617887003443207
1387779537229029378
1385469900597104642
1384871980151758848
1379118253952360448
1385195397124132866
1384840068867797000
1384932021261246466
1385327890577956864
1384856387386322944
1384849888043839489
1382555557526126594
1385146517967851527
1383334754120966146
1385110674683142148
1381699744670617610
1385181758438707205
1380604986183258114
1379350081422430208
1384915657981054978
1382444859198468096
1380799722282221574
1387046109898428422
1384625034057199616
1384191288522678277
1379526982434689024
1384899810873028613
1385184129164234752
1384846949371760644
1385286378867634177
1383351241028243456
1379138115634405379
1386780581942411265
1385445325004066816
1380211194372489218
1385244439203954688
1382759897490722818
1384844639975399425
1384531612285685761
1385300435716689922
1382671801935888385
1379377353390964738
1384929269013438465
1384153841117974532
1386042310434172931
1383391341187452935
1384844645247631363
1384840215500660743
1383070289697857540
1384991607141900291
1382020096219090951
1385875741431275524
1384872676918022148
1385573082035806210
1385148014906458116
1383179335817920520
1383057884272021505
1379512258083045376
1387866224370098177
1384842173976354821
1384810348771950594
1378077773508526085
1384844411427770370
1387109514034520074
1383173403784454154
1384759076526120962
1385149025960275971
1384850102070784003
1384870090408136704
1383432093988843526
1382632445393186821
1385760894471315460
1386775913635926018
1385002780386070533
1380807020043976706
1384968573861437444
1385151302167056385
1383384574575595524
1379068531636117505
1385154390953234432
1385092785250914305
1384884580910604288
1384241738072543234
1384883322762014722
1385273438386987008
1378862447696736266
1384380304450899969
1385255589543096329
1385172568945143809
1379713417905381380
1379699291187462150
1384979923484479491
1379091073805484033
1385236554331865095
1384875033349214210
1379431107154771974
1384446389254606850
1383325125248835593
1385158697727537154
1379508811527028739
1385543117349216258
1382674395546669059
1385325867673477124
1382367960610840576
1385323024426094593
1385151926531235841
1384829112045510656
1379763103932497920
1384979043590840326
1384881128474136582
1384865888277569537
1383316458445303821
1385155448702181379
1384847821707399168
1385921268483035136
1384605377493360655
1384161966139199488
1384845719073402886
1385277546519015431
1384863506042867718
1385329731151831044
1388237896403070985
1382659235188727810
1383208786396123136
1382421234642784257
1384975035778150404
1385483709474873346
1379069340557979649
1384840900921249792
1384282552161107983
1383315845644836868
1377990995636330496
1384875338551996416
1382426255220482050
1379074303514316803
1384872019335041024
1379444079805730830
1384984358914777091
1379924178304970755
1382802018021089281
1385697992452227075
1379425353681149958
1384872756592971781
1386782551449165829
1384953612485464070
1382679350844260354
1385333148385484804
1382689838177079300
1383181086017138689
1386657894381334532
1384895868290097155
1384539152369299458
1385032028572291073
1382632996759556097
1384861589485113345
1382719649901596675
1382250484950568966
1379833542247641095
1382438727683870720
1385002095691145228
1384930595801808899
1384901800642367489
1382635198626533378
1384435390665400322
1385265449756155904
1385230125193629704
1379087783617257475
1380591498182397953
1382736114985865218
1385237579491155974
1382447264254296066
1383432862741909511
1384878901403570179
1384840593352888323
1384892271242489865
1384998330305032194
1384450570505834503
1385920806849454089
1384864475988307970
1384924678096134146
1384864259235004416
1384840260241268737
1384844736192786432
1382727155021447177
1385188108900179971
1385289865185660934
1384835125993738240
1384842312531038208
1384896936155680769
1379140049657327622
1385249119921397760
1384302650867347456
1384914280835919872
1384912445299466240
1384846032538939399
1384953350257627140
1384420417784459264
1382635027205357571
1386345307420626944
1384617264364859392
1381966076318113802
1384957241242132482
1384862021397667845
1384495345275523072
1385117015141126145
1380916398667485187
1384977730572324865
1385258010482728960
1382435864299458560
1384843197617168389
1384900783494287361
1385038711461662722
1387528834635997187
1382383513643708419
1386810468761849864
1384857982706585603
1382430925066272768
1382479394384535555
1383034673803186181
1387852459851276293
1384854161032888320
1385578477018099715
1385080373936279557
1385331167226904583
1384878146260975620
1382712055652888585
1382417359831494660
1386661065933590533
1384846742001172482
1379695906262503424
1382667158312914944
1379355933743194113
1384879456309940224
1383321922843205632
1382642416063295488
1385857112509722628
1384473885123530754
1385146974043770881
1385174686280077316
1385872322897272834
1384887319560343553
1385162818924777472
1378696611484868611
1382703117901443075
1382411470554677254
1384920298093416453
1379074176355598337
1385010862008717313
1384846829519507457
1385487825475457024
1382410154109501446
1384909632481726466
1385151384346054657
1384894634300788737
1379408208930934787
1384148552423596054
1384881879959183364
1384844417773842435
1384779913291501568
1385250957928370180
1385500432982843393
1388277445296599051
1379080811308285953
1383274007449915396
1383338361717280776
1384140311211823110
1384867833914535937
1384933255191871498
1385379133123960833
1384897699686797315
1384887789028843523
1384900187815043076
1384759589984428032
1384943210984841217
1379444087443558400
1384941759562649600
1379405082844934145
1379310464560201730
1384141663073816579
1384845132365799425
1384164215137599496
1385338674133585921
1384922698950844419
1384860348977713152
1384850469072162822
1379069061552865285
1383016228239851520
1383358611359866886
1384840813486739458
1385313766401785859
1385344188401823749
1385199198979731458
1384867245621399554
1379175517966983169
1384841578221608961
1384930516198215683
1386030418575646722
1379073086755119114
1385002870957920259
1387874456350171138
1384844586745483265
1384883023385071620
1384166128667172870
1384841241716830208
1383229514394656768
1385017493605998595
1384853087999954944
1385332872236699660
1386378062024126470
1385222278456258562
1383488316142592002
1384533093504143363
1379769432524881922
1385156258756452353
1385062123089317888
1384877614242934785
1385556551365275649
1385009919817048069
1385477880260481028
1383178420771774469
1382590275143360515
1382642555662307328
1385221694202290189
1380944809100206089
1382372512735100935
1382840685829750786
1385188829263446023
1384841570252378114
1385149993888124928
1382679100675010560
1385934929041756162
1387849113350328330
1382860233681342464
1379908739193520136
1384907144223461384
1384883565146542084
1384868670015512589
1382773001750470658
1384791342375743493
1384845357503369220
1379153414626623491
1384910548479971330
1384856728962052096
1383402733839867914
1384843924053835778
1386754095705382915
1386765377305202688
1384830315504439305
1384407726214848513
1385149523132133376
1384969255150575621
1387388943516192771
1384642300803010562
1385112767842201601
1385156383637741572
1384826922786492417
1383387180832157696
1382998838399676417
1382719528447131650
1384871275072479235
1382783887655497729
1384844522421686274
1379582779793547266
1379396979776761857
1384852782352461829
1384857973076471809
1385151996701839361
1384775317294878722
1385847461311361030
1383405826493214721
1379553298693419011
1384582681921523719
1385165862349512707
1383283104027070467
1382763133677223937
1379813920119087108
1383284725997989894
1384565172845662211
1385473120606302211
1384869534444756995
1380577881189974024
1382789769931935747
1384974864818245632
1383316825769840640
1379072091383869443
1383342221450104836
1385138768110362626
1384856759030984712
1382449662486007821
1379078030052712449
1380587389001818116
1384842271267426310
1384175046705303561
1379368926652563459
1384498353506033669
1384876839513075712
1386772808240410628
1379315012959924224
1384856921342189569
1384855641303486466
1386232275038310402
1379824220021129224
1384898103132758016
1385541450318991360
1385338945966415873
1379469302861008902
1384145295261327360
1385863837077975041
1385179210059235330
1385223347588435975
1383274275583324162
1385216644864225284
1384868693134520321
1385163446803738626
1384885089885204483
1384873525413126148
1385100278794530816
1385322491334250499
1384888187055755264
1379074137658949635
1384166036426027014
1384910517991526402
1384885163105177604
1385151261016829952
1382773159183650819
1383323603421188099
1385175261365288960
1382713057567211523
1385183200067129352
1384250691279933450
1382718751842435076
1382788593152884737
1379566433735213057
1385696513121193986
1384890130054406144
1385355534589644815
1383310916461096973
1382501623449149447
1384852649481232390
1384864388876746754
1385210280981024776
1385205754349633537
1384880217613869064
1385165201205571585
1384971851177226242
1385013196684201990
1384631324691111937
1385327148903411713
1384504913183469569
1385272517699547138
1385195770698256387
1387859723685441539
1384866744070725634
1379169865051869184
1382680251164196866
1383322481486794757
1379169701700501508
1385206404202565635
1385259399430672386
1384852121175138306
1387922689772466177
1385241891034345480
1384955701676621826
1382503594335875077
1385121765538549763
1384332821133774850
1379400223114551296
1384869313794949122
1385369706882904069
1384917440098881543
1385215617834311680
1382643322255245315
1384874724044546049
1382726569790169089
1384936201707298817
1385256172941361153
1379529931974184962
1383441639377567755
1382964893289218051
1379492771904503815
1385598416147947522
1382744788601032708
1385148350039826432
1385179494101786624
1383173308175282180
1382957871927803905
1382875422535389187
1384228726783676426
1384847461022322689
1382764005773737985
1383347241130229761
1383379928318496770
1380933284675325955
1383435931160506376
1383379091236130818
1384855154642628608
1384895078901104645
1383459150173143045
1385325613943345156
1385286849405587461
1385324560648740866
1384991072783306757
1384860787521507328
1386739213140467713
1384993249597743109
1384890896127299589
1379442018569555968
1385115750134951939
1382370789106851844
1384792961796427776
1379832815613775875
1382673447067717637
1384580215402291206
1385348354608087042
1385161696684163072
1379536520516882440
1379658057198800897
1384866322308292612
1383173673083932679
1382657744663162882
1384890596171517958
1384859948933423105
1384490457820921868
1382767172116709381
1379166841113735169
1384909468761300994
1384914567776591874
1379117138531717126
1382747885725483014
1385323340684988424
1383172133413662729
1385008022091714569
1379458505661353991
1384848243822051328
1382410506745561090
1382394393391419398
1382417822589014021
1384950669006753793
1385675354283651073
1382671423253143554
1385111244454174721
1384845685174976516
1385727424739094535
1384857222103117825
1384831409462915072
1385909525228703746
1383336366373687296
1384874085721726977
1379456259397681152
1383173840877060098
1384933394354778114
1385266656193167363
1384659443393212417
1385471142199242754
1385308208378662925
1379077012225196033
1382619419285807107
1385586480832208896
1385593125826088960
1383265713515753475
1382652668334780416
1382974122767040515
1386740711207407616
1384970851204968452
1384863627543552006
1386628699139813384
1385244716988502019
1383384256584380421
1385592146443575299
1383320922342395909
1382730346966437895
1385203044627976193
1380134969218109440
1385352618457894912
1382636530985005056
1384844749090312199
1384956948450263041
1383346107397271553
1385233379143135235
1384842952862846976
1384831774086340609
1379848070079385603
1379696433419407365
1384959722206400517
1384959830595620869
1381921115493240833
1384861242037260288
1384531963856441344
1384925245971312646
1384537500643991554
1384238785362202626
1382728580598263809
1384859857623388162
1384901347791851521
1385334494446637057
1382398700337647616
1385178744403505153
1385115262614114305
1384515779924832257
1382785403917365249
1385329237280886785
1383175012631347201
1383339611900956674
1379722562607923203
1384544731884097539
1385308299214610434
1379446921656479751
1381128511415521285
1377977083738087430
1386750198236565506
1384941274189504512
1384869357512282116
1382385012239167496
1382447735127875585
1383293540168462336
1384496429918560259
1384861507851366401
1384881685381144576
1385247678926368769
1379453784997433344
1385291154758021125
1384921835054190594
1384379572377038848
1385274950701965314
1380351773358034947
1387810708855918595
1384145209823358981
1384191477580926984
1383144708491333635
1379060413967523848
1384891911958372352
1377745057449672715
1384930297087729666
1382624828247711744
1380067874132332545
1384994464796643330
1384864052552343552
1382737545038008320
1384920180770357255
1382709548696371208
1384961381326331908
1384932798235095045
1384841647255605248
1381964499280932866
1384871591989989386
1382644867571060739
1385003601559445505
1384177922630569996
1379718667265527809
1384894667083427841
1385694127329845250
1384849479992586246
1383050011555024902
1384892629251407875
1385087577351393281
1383302050176376838
1384949789452800002
1379117780243480578
1381918464143728643
1381308727580635138
1384872006013931521
1384841175178297344
1382593507748147201
1384915273032085511
1384845345167917058
1385198393979453442
1387877006558306306
1386735809861128194
1380661471588274176
1385008888970424321
1385194379514626048
1385160679175380997
1385666351520419848
1384921422200512519
1384118218063704065
1384963215461863425
1384844092090245121
1386742131650400256
1381943076235657217
1386783584627875849
1385569929777324037
1383337010509742084
1384878286254321666
1385189523647258628
1383449681485697026
1383175912267640837
1384863899368017921
1383168725805887488
1386689570813718528
1382719527851548682
1383384308509941775
1382644358982336512
1382704081832136706
1382755951413985281
1383299871499689990
1384760737650905090
1379118672053211138
1385256628837101568
1385156389895610373
1382391595719344131
1383387992522313729
1385327783459659780
1385004316508016646
1384870371317403650
1385115196402933760
1384969027274031106
1382654533336248320
1384915011672449029
1382562084274208769
1385509368205041668
1385187452948713474
1379529661584138241
1385013409721331716
1379582703520129027
1384896919613419525
1385356020143304712
1381963552244834311
1382654431439818753
1377499793350651911
1382750957423972352
1383326450976133125
1379861106701795332
1379069150090366978
1384934200176955397
1386738615334674435
1379517391302967306
1382375484596625415
1380228379304194054
1382289143326212099
1384291053109350404
1386320659102453762
1385579843778138113
1382817780320325637
1384843280270209031
1383172679574896642
1382766717026373632
1382645802749804546
1385052512395436034
1385594935227961346
1385195958582063104
1382652341246164994
1383369986266177539
1384840847502495746
1384842710583070722
1384859852313403392
1384935505146621952
1385224719046225921
1384882877964378118
1382297106979942400
1384964153991995392
1384610011805065217
1382788065211605005
1385751285769674754
1379118860394184709
1385133159197642755
1384932348135972866
1381922250597806087
1384839750238961666
1384881092923170819
1384854109203931136
1384834973795028993
1384218864037236738
1385147070911328258
1381989778384621570
1379495444007563266
1384874396301529088
1384509939645919235
1384915298378305539
1384412116728389632
1384891686942384128
1385324815607808008
1385257387515432971
1385151262157639681
1384871780901441540
1384900984762159107
1382781568557719559
1386942874248429569
1384854367170355203
1384919199945043971
1382413666889400321
1385256753600909316
1384920053389406214
1385242955724861442
1384888096882298882
1383300287260102662
1385610657068769284
1384878239034789889
1382765616470315008
1384939896125730817
1384890010353164290
1385176911379316738
1384979976622071818
1385226228043591680
1383172914053275657
1384888189907869700
1379440137591984129
1385379565263065089
1384880605884735488
1384924019619729409
1385622976595435520
1384862420187877376
1385595829675827205
1379170115703480326
1379820964939235328
1382648002293198855
1384844051933978624
1385335915170648068
1378862523852668934
1384868050877493249
1384961528437383170
1382670551064383488
1385121123902312448
1382752822148673537
1382456470172807168
1382676119204290560
1382133224814567427
1384957588312412164
1381996709832691720
1384864077151981572
1382456107512307713
1380632368378220545
1382732635965902848
1387045959171919874
1382611614592081920
1386748316248072194
1380460676989251584
1385289544229171200
1383173426274312195
1379109663069835264
1384926327908802571
1384902039998763008
1379463724264796160
1379117829774049287
1384129779083870209
1382834048234557441
1382665983177977859
1383194464282378242
1379464711423557633
1382435806426566658
1385604745021231105
1385285910867189770
1382832866795589636
1382630550586933248
1384836049860444164
1384933492421808128
1383043341781196806
1383172590693408769
1384124647604592641
1382355129987428362
1382379637485998084
1383317209334747138
1385709658577440773
1386737027777978373
1385286950991630339
1384637353021542404
1383322809351368711
1383300591875596289
1384929581413675008
1385296911570178049
1379396106266759169
1382722427998851072
1385542156119597056
1384846392733184000
1384879301829480463
1384858052944404480
1385864372812226567
1384945105103110153
1384843166528987136
1382424120525213708
1384880115587461120
1384858994251030533
1384846225984393221
1384184000508399635
1385340982774882307
1385236994742177800
1384891578083315715
1379162300960112642
1382709075776000007
1379123558299893765
1385586004564881411
1379119861960441857
1385136381870096390
1385924055300284424
1382711965001322496
1384958116543012865
1384901080027369474
1385512950719524865
1384196165055356931
1385170861511032833
1384881072111079433
1379069022122172419
1385499301258870784
1385463789471113218
1385228727844544513
1382800374126501897
1379864939230285831
1384921999932334082
1385293272218800130
1383728933372264458
1384962884174766081
1383310758746812421
1384855434872463360
1384920054026878977
1384553550223716355
1385363373777358852
1385264614200446978
1379121600977588224
1385828832897294339
1382263348159467520
1386390693640380417
1382634727614599170
1385344267430813700
1385255230695264258
1382393344786108421
1384915655376392194
1384863766253391874
1379911886272073729
1385175652488318976
1382672054927949825
1384283884553048070
1379798721467187201
1382697272463482895
1385234907182551048
1384881729962397696
1385437431781015555
1379304663825137665
1384147376500183050
1384913394667606023
1381737421805662215
1381996923679354886
1384944431363772420
1384911522816725001
1381724193377636364
1385188978387738624
1382741612841828352
1384889785827872770
1384250595356250120
1384844591766016001
1379075948566491145
1384605663322689567
1384999460040843265
1382648316941508608
1384917060216557572
1387005882974851080
1379121928133345281
1384942601204387843
1384878471306907652
1385261241736826880
1384797519218188289
1385498843362512903
1387805229060612098
1385258481851191298
1385449954408378369
1384926956458848261
1384904277282414592
1384849670208434177
1385265195547865093
1383306827912286215
1387792003216388097
1385273620658855939
1385002026912915458
1384910671842881538
1383176780329148421
1385276514044940292
1384959164301168640
1385296475475877890
1382762418112200710
1385552371854544896
1385187068935036929
1383345079071379458
1384924592611938306
1384955970292436996
1384847607856607233
1384842407603277825
1384953367760355330
1384852205686120448
1382672683658268675
1385365764681654274
1384911948077309954
1384904687833554946
1385505301739225088
1383847257682845697
1386783283732746240
1384895495873642496
1383332777995554818
1385706009604329476
1383280502044385285
1382613676167938050
1385321811911618569
1384847399630393344
1384253006997192708
1384958203734155268
1382613758250483713
1382391899089215489
1384942155895091204
1381819719074844673
1384961017067749376
1385161696155770881
1384937784750874628
1384120536029011975
1384902183196495874
1384944495146438656
1384746248280940546
1386742035135320075
1382436651616636933
1379369726862823427
1383378573747126273
1384890596339462149
1382642757160828929
1385147359399657478
1383774159444996100
1382429676212207617
1378623780117999616
1384953831562301441
1385149607517249536
1384957485618974721
1384899652412129283
1382531541134409733
1383334584423571463
1385328979322843136
1386739104243716100
1382673850459160576
1381617376395997184
1382824346146770946
1384861767914958853
1386801938499608582
1385148687651835905
1379686359506489344
1384797860156395522
1386360764013981698
1385146291341123584
1385338076747153409
1381666057983770625
1385163231761735681
1379151749827731461
1384854268428099585
1384840105844748288
1383302544328314888
1381878732147851264
1383069277700374529
1385520882668421120
1385199716296691712
1385589818843930624
1382419635170127875
1385504799098118144
1385100561033449474
1384847517179944962
1385330711419396096
1383172911884873737
1384961809329819648
1378728509355462657
1385501119401664514
1384847123573874692
1385242034852831235
1379929272480059398
1384868663992459266
1382369563627696141
1384917888067309570
1380059085714907143
1384596040406425601
1385325007945994241
1379457766654361602
1378865054087585793
1385506808593272832
1384961285822062603
1385213121925689356
1379446900055752705
1385274355622584321
1385213949793247233
1388000573312614401
1385864391921266692
1384866900065374210
1384854912463515649
1382711148005494784
1385166456443310080
1379879898714664964
1383325050258948100
1383176144233635850
1383183601152442370
1383416298009362433
1384431718032154625
1382619543969927170
1382680653423071232
1385321689542713346
1385254326084456449
1385479994164531201
1382794716283035648
1384969745473146881
1384250944980865028
1384889084489912321
1384869113110147073
1384916834948898824
1384854695307579394
1384759600373710850
1385268926888783873
1385322889247866882
1382674618809528326
1380067145023901701
1385393254468886530
1384166482448322568
1382606158968594437
1384159381936168977
1384928163122356227
1384402561642475520
1384143014956728329
1384847014807183361
1385290136934567937
1384843116541251585
1385142950297063424
1384869078666563588
1384891892052250624
1384884674779037699
1379178968016883712
1386753939362746369
1380598068077297668
1382599438670168064
1384942584905224194
1385204081237561347
1379341791820922880
1385253869861707777
1385975231198769153
1385211308686168072
1385920848092180484
1379106192606257159
1385334014953893888
1383314142883311617
1384231120129073152
1384917043322007559
1384971082457915398
1387306202514739200
1385174607217500162
1384903335032020992
1382657257624731652
1384853096673783808
1384118051092664331
1385266009058299907
1384438667549216769
1382479505328119808
1379446479899799556
1385167541614612481
1385125112073134085
1386453431834009604
1385164898703904771
1385299444791496704
1382677183978700802
1384915338236682251
1382627630646710281
1382682913989394436
1385330385349980163
1385504300399464451
1384837110734196737
1383390042907840522
1385263751172169734
1382714744797286403
1384961954125647872
1380426028045176834
1386736855748653066
1384849034200895490
1384851333111500800
1385174245911715846
1384872616679428096
1384865450857795584
1384846440195842048
1384935430072713218
1385600642107023362
1382984266942971906
1383830924333260803
1382902552216371211
1382720726470422530
1383172680757678083
1380039045158473729
1386107980203110402
1383086117025685508
1379432854807932929
1384890042884280323
1384808815162503172
1384778910320283649
1385236986676621315
1382398079622582274
1384951043339997184
1381752308866891778
1379071230892990464
1386855778745737219
1384498790200184834
1384887961133539333
1385321221282312194
1382720585529184258
1385147205485580288
1388074850913341444
1384845693320376320
1386481654747828224
1385240014414618626
1382652505281159169
1385252609712435204
1380182930400612354
1382668053637369859
1385325009476935688
1382220176968585218
1384513839174201347
1382703390375997445
1384793940788908033
1379546920457211910
1379020884883746818
1384853741774442497
1383319025267007491
1385155793482354691
1384245309996363782
1384875440960049154
1384841460038656000
1383302792681385986
1383347532835614725
1385008878899941376
1382393104221802507
1384842114681516032
1385136564242681861
1382705395018432523
1382530473134555138
1384912598043332608
1384849487819165698
1385678744803758088
1384245777933824000
1384856089624252423
1379124341443604487
1386736850165972993
1384942983947096066
1384851869810503682
1384909255589961731
1382710679216472067
1384939525441560577
1385267155487404034
1382733195259564036
1385151020871847939
1382664751382208518
1384549727140814849
1384936090621161477
1377887976085151746
1382704270148009986
1385333024259182594
1385470342890758148
1379162962456371205
1385932142081937408
1384913921191124993
1384907064351334404
1384883585564413960
1382742834864914434
1383310598084067328
1386746226926923790
1386736850325360642
1385903426895323138
1384846344083415041
1379817943807238146
1383297931558617088
1382934240413810689
1379183596901138441
1384098458957615111
1386423525007794178
1385280860035878917
1384953360642682892
1384970457942724621
1381804549942489092
1384911294546038784
1384883170693234688
1384867335673159681
1385253372589182976
1385475627235647488
1384914677734559746
1384550719030706176
1385235682831052815
1383013445319135232
1382213574525911041
1384842935955566593
1384898049806422017
1384862680314519555
1383326156317888513
1385053429404512260
1385155542595907585
1384886814994046978
1384897557768417280
1384947944625950727
1384869984720019464
1382611091688153088
1381667099341418496
1379155077991079937
1379436964869382148
1385252639043096576
1384905020517359618
1382379108588527625
1383271114483265538
1382673606681972738
1382714649804738562
1384862991955472389
1384922337699586051
1379478282794569738
1384981912561897478
1384902900334399488
1384849897598427145
1384844761031495684
1385157793414516736
1380572242980057088
1385074489914974208
1382420569384177669
1379069472544284679
1379396748083408896
1384864447978778624
1385117959199285248
1384893246304829442
1382647828321820673
1384874417663135745
1384920769554231301
1384881617932541952
1382391429687873537
1382638894865387522
1382619293968441346
1384841097113968642
1383398421575311362
1379504159397928964
1384599468880838664
1384897336451682306
1385177550029262848
1385429255086084096
1379696718720155650
1385010224185200648
1383165157761769477
1377741443306041352
1382677212722200579
1384843129258401792
1384872376224129025
1382657307159453703
1387857224190631937
1384921917124132869
1382643905812893697
1383328687538393092
1384266299514101766
1379717172910493698
1384884039249707016
1379776907508584454
1383118041811148806
1385155266161922049
1379402088430632960
1384858290446872580
1385276791905005572
1384789720690053125
1384955231729946630
1385273489754624002
1379120276949114883
1385692088147210244
1384849206515576832
1383323886230458371
1383193161711947778
1384852384233533440
1386737372759576578
1385319362647805952
1385175398200266756
1385152999304138755
1384841922775244805
1383659455598850067
1382019478054113280
1383395907182288901
1384845884417056771
1379361377266057217
1384940281125117956
1384609734603378695
1382755808790855681
1381173809533882371
1381736414430265346
1384152076536537106
1386779877089677319
1385299613062680582
1385213422233600003
1379712533234352129
1380079384552472577
1379081669970427912
1385272186538180608
1384871426713399299
1385030443825827843
1384931941645012992
1385154262645317632
1385167294800744448
1386740209795190789
1385285946418114565
1382411611974070272
