1355865657024376835
1353005425923391488
1354996135203647490
1354177290570182667
1348891937730945025
1348708787369218048
1354099617441439744
1354787981454958594
1348758804620566532
1351831235757277185
1354175383013367813
1350505896141590529
1354058712567193604
1346433371455561729
1348317554197090304
1348717435113906179
1354832845727019008
1355119853045215232
1354628116963086341
1348708499182776323
1355236425759862784
1354969226587549698
1354842979803025409
1354757053915475970
1354584341586862081
1351864997115256833
1348748625313214465
1348831930524033028
1355135482280206337
1348736088085573633
1355123197834878977
1353806119718821890
1355094501489053697
1355162461830344704
1353235660157681664
1349288748073283588
1348734932961652736
1354587095734620163
1354748402970537985
1348763335395782656
1346021113676107777
1352726026770591746
1354789172461109252
1355250359111966720
1348769346164826124
1348346442268737536
1348716838428008451
1355130255871238145
1354769061067022344
1348942052445347841
1348709318070317057
1348737272926056450
1354808464875245575
1353489423221092358
1355119354841624578
1354835451727720448
1348738354867798016
1348954920590979080
1346601229464588289
1354859792687386625
1354769980584325120
1354768062550069249
1355157116684791810
1351269387890790400
1355457012390371332
1349077795830431747
1354935186966908934
1355030758239297540
1345500380738838530
1348830610496827394
1348931419125526528
1349503381195390978
1348744669870612483
1354761249154887680
1353647906444738562
1355433509842788352
1354831533853519877
1354052014683127809
1355126925640028161
1353131880846123010
1355208973817946122
1346433242333913088
1354848912440483841
1348924220978438144
1348717168771403780
1354842334966370305
1354831481617739781
1353436855115669505
1353005351747121153
1354793569278697481
1353587232670699522
1348806117326016512
1354795831086485508
1351512299689881605
1348852944763027456
1348763940277379072
1354869787973844993
1354741501042040835
1347303787577405440
1348961339591553024
1355198343698374658
1354991427823022081
1354837829742960644
1347153837132558342
1355386367749091343
1353723171757817859
1348323405787967493
1348294609013772288
1348753392047370241
1352975940855459840
1355122854170419202
1354850403976962049
1354793759855104009
1348978458576248832
1354907673653899265
1355126161785958404
1346525449195827202
1355253353006178305
1355129380587057153
1348719444525277184
1352595551255220225
1354817461061750789
1354846632387481602
1348709745012649984
1353239537200361474
1354799393476501512
1348709271760994305
1355127205525921793
1352657096744042497
1354811134956593156
1354984931651411970
1351542453724184577
1354784591492636678
1354883561531318281
1355324896075771908
1347883400527556608
1346523736447528966
1354867324210315267
1346498646326583302
1354796200009097220
1354859748483608578
1354809281917325313
1348708834378993669
1354937747191062536
1355057109847732225
1353728501162143745
1355003097781821444
1348743304926670854
1351298272426659840
1355304785575088131
1352182833629048832
1354646552485228546
1348763783624335369
1348721299095494661
1345789983056142344
1354814517830578195
1354582454523359232
1348718479986339841
1351644480403886086
1348712663690444802
1350801569487450112
1354952306094182403
1351657098841628680
1356008965927219205
1348262707598913536
1348327606240768005
1353254234477760520
1348764984197709825
1348764162365808640
1348749106894811136
1351534056756944903
1355314930350698497
1354819277648351233
1354208269993172996
1355632349980086273
1355020363487436800
1354746904937177088
1355127481766965251
1353264445863186433
1354785418332532740
1355131836226281473
1348286534445891586
1354084640492027904
1346558815345516544
1354854610498949125
1348392851269427203
1354878652266246148
1354803454682619909
1353131668681482246
1348259252557783042
1354896741749952525
1354822887295700994
1354509566692761605
1354884314031382528
1355457900530044928
1348818680008888323
1354881671020089350
1354883074677497863
1346426567594020864
1346505704786464768
1348811721813749761
1354831074535370755
1354989071706238978
1354921864934682626
1355950290571321348
1354782497612169217
1355167356348203008
1346730865523625985
1354522624970338319
1348711045238579202
1355481913671221252
1348720953853964292
1354864992571576320
1349025543409311744
1354654585617526784
1351597127135322112
1354912790453104649
1354845001545637896
1354805539197263881
1351570890778157057
1348716766134996992
1354868432727134209
1353004418501926915
1348968521112432640
1351243365317300231
1355480676557066241
1354654208478199812
1346428464996429825
1355125294252904448
1354828351098130432
1348720022735220738
1354922101740883972
1346849620882808834
1354911590257201154
1354886114818076675
1351819443983282177
1348820442744762368
1348765329242157057
1354813397892702208
1353264450401406979
1349102362317697024
1354917593098948611
1348901688455929858
1348769786818392074
1354865929100918791
1355865191855042562
1354816344470904832
1354962369873645570
1354931179804307456
1354845079396114440
1349328376931229697
1348724144502931457
1354750574718300161
1355153526037610496
1354938894987505665
1354827354401611782
1354837420408250373
1355122574070525952
1348745873388396545
1353338124529754112
1348727023427067904
1348277094044856322
1349042818308780039
1351601700482781186
1354862495077425154
1349633337774759937
1354779191045206025
1354763760146198532
1348881671580479492
1355133879942852611
1354813135207583745
1353942337198694401
1355873907929210881
1353441527956197377
1354963995346804737
1354573913565618179
1353003717038104576
1355149045170376706
1352955821014056960
1353601874725892100
1354823753339793411
1355376959757438976
1355214599960854532
1354986906447183872
1348756828251951104
1348711991662280704
1353273356116766721
1354836948599394304
1355118754556948482
1354971461195362304
1354709261629140992
1354828708419235842
1354804274912346114
1354030215832465413
1355301454475632640
1353611092816232448
1351596070552432643
1355247481676816390
1355336658749681670
1352628070570668035
1351245204007903234
1354122825666355203
1348793390968827905
1354622705379762177
1351247993392009232
1347884891355156482
1349459967091351554
1353159554578710530
1354589176218476547
1351280787996467200
1355298238354620418
1348717110088900611
1347685157931806721
1355159920757374981
1346711963838111745
1348765865374851078
1348756699180630023
1346626283170652160
1354821366550159364
1351250899759468547
1355032815038038016
1346505552881455107
1354849102618632198
1346733272588578816
1353268990722912256
1354582158061527043
1354752717349138437
1345445756761747456
1353611847753203714
1348723011298406409
1354782147299729408
1354772769804857345
1355281356608176135
1348760533432991746
1348421128474255360
1354790560515710986
1348838056967725062
1351854290172862464
1354898329377910787
1348361865588580355
1354700302637740032
1354827950751944705
1354778070343954434
1354899167332757513
1354415926674935812
1354821627322593283
1354696139115794432
1353651389189271553
1355009438214742019
1348738425885700098
1355003198671613952
1348719741809143809
1348744171499171840
1346608158748405761
1354860231185018882
1348419468377149447
1355157938428665857
1355144540643094529
1354844286370668545
1354857021548490754
1348747195965722624
1346520597451444229
1355054208152711168
1353625769772277760
1348748414830473222
1348719151209132034
1354143011479957506
1355302884783640585
1348391755889180674
1355426894787850242
1351803863674843137
1355004836765462530
1354804215764279303
1354785762575847434
1351491590351679493
1348712359884431361
1350798785434284033
1349728099521474560
1348726673982812162
1354851741863440384
1354808871710150657
1354780653175382019
1345820456293703682
1355124774180106242
1355430614325997569
1353001383017013258
1354869323286933505
1348352566871158786
1350850896784191490
1354120998564585472
1354816793202708484
1351853457775468546
1348951202529206272
1353129910504710148
1355108382634606592
1354776812438626306
1348730550127882242
1355303339437731840
1349079488961925124
1354691283567005697
1354982958285918217
1348315655959965702
1348976289366028291
1354810013106102278
1348765292420325380
1355311627143413760
1349483508616597505
1349009117583724548
1354792490914746372
1348790033898156032
1349460855742730243
1355114553504391168
1354832611101855754
1354809961113505793
1348950976162574341
1354948400630915082
1354932413902807044
1354775831135055878
1351777215655141378
1354768313193263107
1348898187365507073
1348735758870466568
1348930306129203200
1348890106774646786
1351846363961679872
1348725285919797249
1348753788656644097
1351864472646856707
1348918622660546561
1355593493129928706
1355205885631541252
1354897854599487493
1355804305555652615
1353608525574975488
1348714036888809474
1346549040448733189
1354985504731615238
1349131541109202945
1348338582658887681
1348761647863767041
1348752282595287040
1354755587511300096
1348900937520308224
1348813262809399300
1355002244064833537
1348731998106431488
1355036636493602816
1355126004960931841
1348777089290403841
1346473508310695939
1348745264631312384
1348940061707030529
1354642208071278592
1351862943164608514
1355114525964558342
1352227683376263169
1355679300847099907
1346558401376104448
1354730584472481793
1351297005235146752
1355079977260212224
1351574995386986497
1348905673380274176
1354850703639007234
1348943003000463360
1354031432356818944
1354895894555058190
1348769448426164225
1354829222934573057
1350801509139808257
1348779311264915457
1348717125452652545
1354860162637574147
1348979929086631936
1348890218406014977
1354790380974313479
1355090602426294273
1353716692225060866
1354967893511966720
1349136708315525120
1348713768587571200
1354814199218589699
1354789999443632130
1354761736541376515
1351520341290582017
1354182452986699787
1348850770406473732
1346667781207564288
1348722752702861312
1348805396086087682
1348776531548631044
1354934891692097538
1354812213458952196
1355122206972522503
1348727883825606662
1349684850865934344
1355211889001824259
1355536301294972930
1354756606194552832
1354748532524277765
1353738811193368577
1348717896487346182
1354877104572297217
1351534772837879808
1348751116968878081
1345779952118063106
1351527653547929613
1351280338740326401
1346765186724671488
1355192863638904833
1354530981315833857
1353255225075888129
1351560671477944325
1348870410004267008
1348717924979257350
1349004690428669953
1348771687253344262
1354822784111632392
1348738109958221825
1354740664525856776
1348732033858732033
1355025326238269440
1348772123108630529
1349038543658741761
1354768704681213968
1354652190858743818
1354755952529076225
1348725587616133122
1348907442973847554
1355251975571562505
1353275699889582085
1348708848530583553
1355173148321337347
1354841309912162315
1354661307182673920
1348761029556269057
1348708704535896066
1354650557147963392
1351541735013425153
1354996979835744256
1346521634862206978
1354867762645110791
1353394492678795266
1348909852626706432
1346228911324221441
1354584304127528963
1355096608610918400
1355285654578606081
1354898251003080705
1348708679340711936
1354783215291166720
1351077837487403009
1349077342182920193
1355158467733057538
1350904756844306433
1354852113575260161
1353227885033779205
1351853689531756544
1351280969672777728
1348737019527241729
1354716637715456001
1348713484675121154
1354591074740793344
1351819972180398083
1346504756253044742
1346593244969398272
1354655908224184324
1347951601261096960
1354800497924825104
1348720493826813959
1346593334685536256
1353983967742078977
1353380413285273600
1348770913177772032
1348724388816945153
1355891983991115788
1351516331665973253
1351561110248419330
1346236537042857986
1354585173950607364
1354833737704501253
1353231761237553152
1355108510980300801
1355401020524933122
1354907676057227270
1355176393047470084
1354894389676539911
1348715870621732866
1353283103016550406
1355263520124919808
1351517580750680064
1354878252863672325
1355136810624708609
1354855429763952642
1347683327260692485
1354816052417359873
1354743086245687298
1354687641858543618
1348768929716588544
1348729214154006529
1348959374656622592
1354740268281581574
1354883284925349891
1355117897740406785
1354771670465208322
1354956876597886978
1348758264834621446
1354855464220176386
1355116816675299329
1355270200002809857
1354748790935334912
1349015291100082178
1348728604956438528
1354758884049752067
1355241671420739586
1355226721742684163
1346717558322454528
1355239462356267014
1354899279912062976
1348721808699224064
1348716847303184387
1348753210085937162
1354784493211693059
1354774714779115520
1351513854145134594
1354917672295813130
1354932254108221440
1348718496293789697
1355208775305723908
1354756464636788736
1354753410210422787
1353798559129362432
1354829713303166983
1351541912432484354
1346519676898209794
1355127667461337090
1354896885668929536
1352685137339830272
1354881474252697600
1354929075710779393
1348939919130034176
1350807197773672449
1355411347924652034
1348345037927673868
1351585241425653760
1353251789714444289
1348721264186286081
1354766658947186690
1354968094263947265
1351677976992219142
1348717894209855490
1348741110508777472
1352222825046794241
1354812241493671936
1349487250946609160
1354773543972700161
1348779157187080198
1354752461341388800
1347684216251838464
1348709776449011714
1354868697123450883
1349089578674761735
1354792986203348992
1354598850770698240
1352299088843317249
1355234637308682243
1355353417393332224
1354874921407688705
1354119216283185153
1351535286245859332
1348747960721485833
1354760974406987777
1351863670008111105
1354766649233170433
1355125182294327298
1346771346794151936
1354813054714691603
1354634565042786310
1348625508993552392
1348790944611635204
1354867943335669764
1353643104344137728
1354753501537198081
1355354491999170560
1355229199867502593
1355127653897007104
1354763793654493184
1354022429631410178
1349343167942975488
1348924273923125248
1348717646657839105
1355654184243228673
1354958933438377998
1354750780855771139
1354802982282387460
1354406240047292419
1354590276816404485
1354978342416560134
1348724948198678530
1354811456672342017
1348764714113912833
1353503118181457920
1354811788726923265
1354774646088998914
1354889234545594373
1354591969431973888
1354780970495438857
1348730142651256832
1354808300399783938
1353448620725477381
1348727604006805509
1354841746648293383
1348733481346605058
1353666727083704321
1348720084878041095
1355237012354310146
1351681939049213954
1355165056074395648
1348968941100670976
1353610807062499330
1351230419493154825
1348124625025327104
1353131171777892352
1355304585213128704
1353644494130982912
1354791707238420484
1355306250800685056
1346537267893043200
1354790260253851650
1347151881722863618
1353079852073701376
1351072054607548417
1354776572528644103
1354758836498931714
1348709456385814528
1346550580781731840
1348882768734904320
1354812644918616064
1348272598287843329
1354760762774999043
1352234167279489025
1353725225087733767
1348785706953568256
1351095553539637251
1348785641757274113
1354811366108848133
1351238406437793793
1355108877487005696
1351591664956166145
1351484722476691457
1354873851323232260
1354867845931425793
1350807826206081024
1354942407121494021
1350977285583761414
1354990845657833472
1354810467005292545
1354935965731745792
1348724840220536834
1354113677885140992
1348733164139782146
1354846222398451712
1348326325321392137
1354205183723663360
1349022215929524229
1353977523944742913
1348744872853991424
1348877392064999424
1354924569635786754
1348718651084578817
1346405343488839680
1348720371789398016
1354733177433174017
1355120223490334721
1346520199911141377
1351136242239475712
1355299227090489347
1354270526554959874
1355116539532496896
1354850369914990598
1354945914000039936
1353732198659186688
1349498701211987976
1351484145516613633
1353101473593380864
1351284203363708936
1355247137739702275
1354755528480718848
1355884585033347074
1349106082497634312
1354997086920585218
1354774429734219776
1348852686276485120
1354591090104524802
1349848887507488769
1349105625603710980
1354773047765594113
1346503429494079491
1354845762128125957
1348713746982694917
1355167921572601866
1355463308799848450
1355129941218701315
1354835306713899014
1354942121132904452
1348777427703635971
1354111453922471936
1351197573269348356
1348793197946875905
1354966847242833920
1348736382236241921
1347707965831335936
1353487231667810305
1348738468244029441
1352681317327056898
1348717595327913985
1354127101515980800
1348710222978822146
1354699649064566786
1351480645508345862
1354879921907232773
1354602896780890113
1346514340451667969
1353233215977349125
1354843685054251016
1348913837643333633
1346464876340809728
1351527886709207043
1348720988117229569
1348765376025407490
1346525604536086530
1355139989118586885
1353002967075532800
1355383859605549058
1355225444237385728
1354958969450733576
1354730187674558466
1351272436755525636
1348734579520188418
1348747548434042881
1354610213635166209
1354916709052903433
1354965130459537410
1354650194667827203
1346543534925611014
1348788083383263236
1353260585765515264
1354911327123337216
1348747090290221058
1353802762010697729
1355413204923518977
1351999157393907714
1352157074017447936
1355071692557721600
1353622858321305600
1353486280877862914
1349073477056274433
1351850949275512832
1351299633071480835
1355121069691183105
1353728569084702720
1354835457750790146
1354185588962947079
1355121834631557129
1348774934265397248
1348738715229839360
1348411991694729216
1354614952204644352
1348285629667401729
1354798631644233728
1345916359029485571
1353732270402789378
1354819357717630979
1354751253436313604
1355308381653839875
1351942624148664321
1348717096637759488
1354757156550156289
1354801726172188674
1355136231575855112
1354983716985180164
1354890320270471175
1354903761634910209
1355394293448531969
1351277502803697666
1346743583546765312
1351848016454541312
1353599770938531840
1350513529179271168
1354996353269641221
1346506331222646785
1346919461643841536
1351608045474877452
1348756179573420034
1348265188089344002
1351525121924751360
1349050743131672595
1354622442015240193
1351541263607209985
1346529961235066880
1354881019342704642
1348336684476325888
1353322785519644672
1351515617501843456
1354733966738255872
1354776456023388162
1354789902949478401
1347564642504237058
1353299716071714816
1355031179330781186
1354725223992594432
1351282177502228481
1353313922481324032
1354911679633567747
1355432381512089607
1348760643063713793
1354995205913645058
1348956165418479618
1354915739589877760
1354843225706668033
1351842050849837059
1354952586324017156
1354768893747859456
1354775745588035586
1348771736486084608
1354800085633282049
1348726013300191238
1353783995528597505
1345248841159720961
1348763994509758464
1354638364448854017
1354881794320035841
1355826447533936640
1354828403220865029
1348762941169029120
1355301191194976260
1353090453114126336
1354808566859743234
1352569429238935553
1346429488310202371
1354690989982683137
1353127340860203009
1352682579896524801
1354924619199897602
1351871361828970499
1354713971463487488
1351652782617538561
1348754563671748611
1355190537792466949
1348963703643901952
1355132645127151617
1348710139294076929
1346616106858000391
1354966921620430854
1354893948708397059
1348744287719219205
1349343371005992960
1348970973106724866
1355139624742563840
1346513710534291458
1355341423256727563
1355129990585741313
1354745870105923585
1354923973528711169
1354839226022588417
1346597235975475208
1355461969168523268
1355165568035393536
1354931171759697922
1349782781652574208
1348484512477446149
1355157813962690560
1348716130773434374
1345487531333332999
1348897542713573376
1355464803041628160
1355224785500975112
1349010482716405761
1355065606639333376
1348722451736375297
1348741286313005057
1354867549041733633
1353127453313687554
1348757409381154824
1347225456488153088
1351281262732914689
1354823320408002561
1354801648623738883
1348757305685377025
1354985406975107074
1348762741188816898
1353641406099820544
1354655709149884421
1354704920771964928
1355120703356473347
1350820381427441667
1355883876967714823
1354966815206731781
1346417473919344640
1354976158736134146
1354039684968701952
1348295742176305152
1348724616609542145
1348954607146426368
1354937605129908236
1355123528861937666
1354855170157514752
1354750020482969602
1346522916448591873
1354070271179841536
1354779845838962688
1354511902135746560
1351964981458309126
1346463376923189248
1354899931555913731
1354743805036158977
1346550820700106758
1348718677152161792
1354925165340200962
1354759750420979713
1354829078314983431
1348806999945994241
1355133562949951488
1355114752398270464
1354620982183555072
1348890636838182912
1351856801629745153
1348761383442198531
1354849198114529282
1354825720590004226
1352253981616173056
1351368775342452736
1348748394441945088
1351516029785169926
1354787566944473093
1348716587289817091
1348711902126473216
1354587368423092233
1351907036565528580
1355434901122772994
1355306193363881987
1355175894197829643
1352933316102598663
1346447064868270080
1354759597941284867
1354912974247518213
1348719919395958785
1354924080051453955
1354646124754333698
1348717876082049024
1355563237786472452
1353241952943280128
1348771429580480519
1349112699129647106
1354829672740171784
1355833701045858306
1355208471428403206
1354875790878511108
1348885120380448769
1355350140119371776
1354792635005882377
1348730760619053064
1355152342233059333
1346599211790446592
1346814527304818688
1354842716606230531
1354891569380384768
1354730865914499073
1355000229494484993
1348772617780670465
1347896294002614286
1354957175555239947
1354584232228749322
1348710701473411074
1354842168037404682
1351885186766688257
1348949652482240517
1348905060936392705
1348835563340767234
1354812237056155656
1351292221950218241
1345874147247878144
1354938311756763138
1354807677348507655
1355118854742093824
1354832233689919493
1348973943370223616
1354818182037401605
1354771563896328193
1346544260380827652
1348995371868057605
1354767045511016452
1349083468316221441
1349461231338467334
1354937104573337604
1348765100077940738
1354919437284089860
1354745718251134976
1348917584922603526
1346517124324478983
1354766173406175232
1354095360294137856
1353625112591945733
1348743359372926980
1355214313015926789
1348745900198391811
1348761204244803584
1348719592244457475
1354774401355567104
1348811471787077632
1346552853364617217
1353980717273907201
1354820638490333187
1354780409612169220
1351286397496418306
1354710945629679618
1354719892243705857
1348718380971397127
1351261500011405312
1348758559249604608
1354956730128597005
1354968200442732548
1352006139374919687
1355150361498169344
1348765296484638720
1353999025402507265
1352682977382330368
1353416192422256640
1351849166465605632
1348717391707066373
1346764705843568643
1355145732525850625
1354858990245711879
1346599085986426880
1346527795552391169
1354793522130526210
1354747517393629184
1354921123776000005
1346457647587991554
1355172714680619013
1346435849223884800
1355116169976545280
1353361841884282882
1355798444686905344
1354960471376486401
1351215292383449094
1348999550887976961
1354746262038450178
1355070248102322177
1354711393241595907
1354800058860924937
1348719607398461445
1349377763493478400
1348246513022087168
1354608610534420480
1354886357546635264
1355246490214653954
1354916412528144387
1354879164273348612
1354806260206505993
1346518785407201283
1355113949440708609
1354761092245893122
1353643205494009858
1354776769635749889
1348717648415248387
1348265777032540162
1354789871722889216
1354925616315985924
1353611194876243969
1354873169224601607
1348450062792318976
1354930189004894209
1348728447439417345
1348883126483877889
1354883676480417801
1348394051746328576
1354218433710272512
1354651794656251906
1351652187533963264
1354122499458478086
1355338646551994372
1353802327891861504
1355255393379901447
1348832689177161728
1348754772732604426
1351522958766960641
1348717611991916554
1355437322888769540
1354889536728412161
1350837212846452737
1355013595810177025
1354948398315696128
1349007655273181186
1355002144101949446
1355200991424106497
1354900804747096070
1351527421477056512
1348708979829047298
1348708762387943495
1351206671700406277
1355290857985945601
1354933619173818380
1354872513143205888
1354713865184022531
1352003496862691330
1355338362740211713
1354955341360996354
1346529604773818368
1354915485104668673
1354783064120033287
1348729083694350337
1354887309439676416
1355025048537600000
1346552687547056132
1354940748605624325
1348369175882985488
1354877511654637573
1351830144768483329
1347775353780133888
1354889634044588032
1355155082778652675
1354822602313748481
1354041720682459138
1354815231776575495
1355114982111895555
1354705530497986563
1354755558843289601
1351594588113403910
1348761048581632000
1354937497374089227
1354738428966006784
1354786965590257665
1355207421858295810
1354827525093019648
1351834966922047488
1348771516574560258
1351210688031694848
1348310061660168194
1354113106016927747
1354914309021855752
1355209410524696587
1353004325728096257
1348718838314098690
1353274609789923328
1354806480260665354
1348762734490492930
1348713985365913602
1354852712681267203
1354878104032972806
1354767443814658050
1354773657218908160
1353270508683481089
1354872842261831683
1348815247688265729
1346588955504996353
1354823551258247175
1348920150158958595
1354756058384912384
1354868636947800069
1348711058861662211
1348349532002791430
1354999019949465601
1346421962491490304
1354794627723911168
1348808288150970373
1354899772952473600
1354818084821864462
1348782700681965568
1353340246050672640
1348722390700851209
1355294310154055683
1353064459204349953
1351653517170249728
1348713488563253248
1347171536017485828
1354757951370747904
1350969535285882881
1355126451423633408
1353996388418383877
1350181398842380288
1355219500090748929
1354856345598627841
1353263522365505538
1349052018221084672
1350730242625826817
1349062606351458306
1346928437689139206
1354604959044669443
1355117537088974848
1354771926368051200
1348900564235649030
1354805762954940425
1350993800836096004
1355122920037756928
1354762057095245835
1354015080078303232
1354941929721638914
1355289678161842176
1355107050649485315
1354876170916012034
1354953517694377990
1351165178814091272
1351070094005329923
1348718794143883267
1355118075104944129
1355323182706794505
1348714579338080258
1355081382251393024
1348773246401998850
1354002708622159873
1354974079527383049
1355531944906395650
1354825466859950080
1354969240525287424
1354960709327720449
1354205735849222153
1351298346762317829
1351531960796131328
1354785536553189382
1348759430914039811
1355382315028013057
1348717456416772102
1354975675179020288
1354887344579612672
1354885975193882627
1353701327562543104
1353669581970288641
1355150393634942976
1348278121578045440
1346480331277275140
1354846408998871051
1350973821717803009
1355125137687851008
1348717504114393091
1348860638806876161
1348742207289884678
1355119743695544320
1354768303718346755
1354955358322753540
1354633557499641857
1353338650428383235
1353984216388792320
1354861719282208768
1355255003171221505
1354857113600872452
1355202489432346629
1351723234178322432
1349628883977592834
1348815383092977665
1349622832356077569
1354844047047872514
1351537907304194048
1348771083030310913
1348405568340430850
1354637855860121602
1354509401160376325
1348878248697094144
1353345646674268163
1351610959773786114
1354752963131174912
1351524958460125185
1348734519445225473
1348735641916502017
1354769437254160386
1355410534703767555
1353147246477455360
1351046278759784448
1348799561502961665
1348759251733372928
1348764876295057410
1348748693751607299
1348731520937123841
1348721931537809411
1355058765154889730
1354923697388322816
1351196531311976452
1354871348099739651
1348350193641656322
1348794881129512960
1348760074832011267
1348772507717873664
1348738137795735557
1354164038238875651
1355434361940824065
1355141592416448516
1354904358505377798
1354972654260932609
1354826238402191362
1354762668020789256
1354749236286545921
1348766551047090177
1355448055697469442
1355894607922524162
1354859654048854016
1354924687659315201
1349898068683063297
1348754128458166284
1354794434722979843
1350967163457327104
1348757920884928513
1351913938447904773
1351514847096279040
1346487457915822082
1355131851052965894
1355118281770860552
1354961428411805707
1346429948412751872
1354800240084144129
1354850725143207943
1348717025032622083
1351513240753360898
1351714121448878081
1354951007315357701
1354738322824953860
1354746715316826114
1346468660257255426
1355140312285540352
1353631702564876293
1348815306798596096
1354898877246267393
1351658768187187203
1350417421732077569
1348721372999143427
1355254496025341952
1350506036386476039
1354812391494541312
1348779130687549442
1348787802113273859
1354894116694310913
1351719818752352257
1354952505457860612
1347419698808434695
1355115580832051201
1349271541255647232
1346758488907776000
1346416314781458432
1354655706532765696
1354882833739878400
1353060122877063169
1355257849342009352
1354801782757552131
1354773390993858563
1351284381768364043
1349979057115557888
1354613417798152194
1348733131151601666
1348721900596449282
1353480647604633600
1349036777684824064
1348969851780534275
1348926881886851073
1354809639108440064
1348714508810911756
1349007516055826435
1350948676550721539
1354933860233064448
1354821199021318150
1354783063327215620
1353406250063712257
1355000997563789314
1354821274678087685
1348756443923697672
1348718417604448258
1348289014479073280
1351584066693455872
1348866843356880896
1353862162398253063
1354919210011533318
1355247352664240128
1346593770507264002
1349460798637297672
1354097656197488641
1346930517703151617
1355272638067666945
1353608999195844608
1355915121885925380
1354832305580367872
1353648418091114496
1355566465823473666
1353337525406990338
1355134862211112961
1355990953417453568
1354824639017443337
1350976666399604737
1355111728065949696
1354896796238172160
1355245042894589957
1354764938271719426
1351907233190260737
1354812518175105025
1353265641399209985
1351301520311152641
1355125022201966595
1354929407887028232
1354772189891997696
1353673388104032256
1347293367852535811
1351523732460867589
1354583228506628099
1354942517771460627
1354807167992303621
1354779142068326400
1353436415019933703
1348947442545393664
1348723299719786499
1355708325325922305
1346377221620051968
1348930887061295104
1355136109928460290
1348740354439344134
1353279971662422017
1348290086304161793
1354944015574192133
1354954498192584710
1346770929720963073
1351284270485164038
1354740955753181184
1349660890153578496
1353610556389937153
1346475197889581060
1354825122704625666
1348751438160273408
1348715625565315072
1348741833753571331
1353853079901401088
1354758516251222018
1349008791598215182
1354862495505281025
1349463281086427139
1353612195591032833
1349013405110308865
1348765354030292992
1354812159738343427
1355792194423152640
1348266528802807809
1351652121008091140
1354763830170152960
1348739731824259073
1353129977332555778
1354809964938678279
1351577132804276224
1355130570301444097
1354647472547749891
1351533640384196611
1353685341190975488
1354743816625016836
1348949583116840960
1351627069357240323
1346353794590924800
1345785152451076096
1347164751017750530
1354897044721250307
1348908056386666497
1348718159247921152
1354902945528246275
1355279898986770432
1348755949570371589
1355536389136384002
1354773151792701440
1346753205443694592
1351643954224259073
1348757137812553728
1348788536024182787
1348749281285591041
1348980696753299456
1351452780247048192
1353231213687877632
1348720517377896451
1355264988039045124
1354760535393361920
1348883531670417408
1348751029056188416
1353742078967246850
1346515547329081348
1348402595451203585
1355131590314250240
1348756229104033793
1349497159306108929
1346466418150162441
1355449918190706689
1354827817297584134
1354877241147203590
1351509429074731008
1349107910513668096
1351514439120515073
1347912752204025857
1354656193042644992
1348744328911458310
1348721117834391556
1355705288230383626
1354774770592714752
1354708414237036548
1355514410161332232
1355117424425762818
1354196346622898178
1354959422745931780
1348942780614238209
1354750093367402502
1348718681774317568
1351135778944987139
1348773714284994567
1352955130870702080
1354628547579621382
1355122396605382657
1355188937648705538
1351471568174669829
1348718061138960384
1354859637078634500
1351657728717049860
1346516311623524352
1355001385343922179
1354902941136781314
1354697222093475840
1348738053221851141
1348739490735652868
1348723371719225344
1354884521670434818
1355301981510889473
1355218655051702277
1352593068168515587
1348833405073559554
1354849023103029248
1354809191123193859
1348716960981381124
1351540542283403265
1354724375950487553
1354775000973266948
1352712145318928385
1355188816391385089
1355133254928621571
1355090835252109313
1354748271470784514
1354989258927452163
1354867923807055878
1354934638129639427
1351718491804622848
1349112456178765829
1345828178930110466
1351524613814165507
1354830595596103683
1346672846286827520
1348763582054461440
1348724712151650306
1345484717240459264
1351217744470044674
1355241481020321793
1354852155589595137
1354082456144642053
1354912309601304577
1348723277192196101
1348718233000542210
1353265334606831617
1354739227527929861
1354933270815907841
1348925170388508672
1351287524925304832
1351780040384589825
1355183312499863560
1354927571729838080
1354934590146805763
1348744953351045126
1354803782496866324
1354811381942427649
1351534571851022339
1351530675355213827
1354996441639514112
1354923459114119169
1355132578987126785
1352746080883113988
1348720275043590144
1345149718356221962
1354715402039914497
1348748951479054336
1348894079346741248
1351614379201060864
1354940583299657734
1348991144106065926
1348274023818539012
1348732780012826629
1346928736269185025
1355028925634801667
1354753615290753028
1355138588367851520
1355126281311047680
1354936488446849042
1354799981178179588
1350711734416388096
1348716117519462400
1355132951336509440
1354655095082917890
1351515012498649089
1348283841660780547
1352376702824034306
1348735689727356928
1348796521614086145
1348741740405125124
1353622860426866695
1349350745389281284
1348770354987229184
1346794819142774784
1355134032460337152
1354800718440443905
1354875996038713363
1348758697397334023
1354861963239542789
1346595435134275584
1346517824295088136
1353128262273282061
1349193391242883074
1348709836343681024
1347867198698770432
1355351945935003649
1349401124437192704
1353127579058909184
1350898166275588096
1354943689467056133
1353608398554738688
1351597999370235905
1354891276471201792
1354743286163009537
1349046615080841218
1354807230931984386
1354444614833467393
1348712012768038918
1351858009954275328
1355208316578918411
1354869126599208961
1351542487341522946
1351228788575768578
1348941460951814147
1349258077594406914
1349030474010734595
1351713443871649796
1348889207624884224
1355435710787035136
1353072967345795072
1346595548065886209
1354852129882714112
1348897233962491904
1355950533262118912
1348979694847275009
1354808789157855232
1354652332341022723
1354775063267041283
1355217901406576642
1352736838381920258
1355238151392997381
1354905977699627014
1354922523914330115
1346406949966008320
1351965070176231425
1354814284560093192
1355323272712368130
1354808961778606081
1348766335195611136
1354810132564045826
1354595005067886593
1346513039592468485
1348755477849649156
1353781962234802176
1348786454332366848
1348729495885393924
1353610988466139144
1354827487767748609
1354831912746024965
1354817486269497347
1355577374398705666
1349268603040899073
1354832261653426179
1354877460911951874
1354823190686515206
1353703702075420672
1354762703257141250
1354771485177606146
1348713364751581188
1351514467478233092
1348312106748227585
1354265796818706432
1346482156139384833
1354812454702727176
1354811172445331458
1355208974187036680
1355153390444158978
1351285527601885196
1354860286793150468
1349188578908262400
1354736736597909506
1348835647168110594
1354837286135816196
1354823470056574976
1351281829173719040
1346503773447991298
1346591474658455552
1355140090297774080
1355254969243467776
1354847844780408833
1349404871385116677
1353973347168694272
1348748776165568514
1354827972776083465
1353003141864812548
1354774605832085504
1348942002411499520
1349104375617171463
1353712516833140736
1348717376645308421
1354905060631785472
1355871016711561216
1354887357548396550
1352040314077327361
1354861346433736707
1354881664959262723
1355118664383660032
1351283059983863808
1348720408212762625
1354877843440885760
1354732247966953473
1354926079912382464
1349019812832440332
1354766729549934592
1355309595049209856
1348849641455046656
1355248316330762242
1354754989651091460
1349428695874867203
1348759176823103489
1355465838191636482
1354852516299747328
1354911264053538819
1346591594179416065
1355305761283432456
1349112991778811904
1351535168163618818
1347906261027848193
1355466718848704512
1354906352108318724
1354586783422492684
1354920965201932303
1354587064105373699
1353075398070792192
1347866105751207936
1348817587237498881
1354810561041637376
1354860175920951296
1351173296570724352
1346770971613605889
1348445681728552964
1354764464952926211
1348924129769119744
1354807263534309382
1354771892259999746
1355271403176656907
1354888662476062722
1354847555809669121
1351602798778052616
1348729128753704964
1353138997158150150
1348758287530029063
1354451671989018626
1353130270401114117
1355465517834907657
1351662994388824064
1354827316690616322
1354777335900352514
1351242331450707969
1354872672790990861
1355872206258118658
1353119803939184646
1351827667453140993
1348748156499070977
1347876239852273664
1354794074683953155
1354590108318658566
1350812145576005634
1354825524498071552
1354992907401506818
1355217318205382660
1355006735044501510
1354927224227569664
1354855815119839235
1353977838777602049
1353610860447588353
1351772293534543875
1348741607026286597
1347964602152341505
1348726076957200386
1348770620683800576
1353713724088082432
1351678624521449480
1353993994859122689
1348733737186582537
1354870985070096385
1354945061860073473
1353841267650789377
1354794452234207237
1348739422959902720
1355450996084912128
1348753917228802048
1354509524992995330
1352396531077361666
1348783087455502343
1353979792551505921
1354966166297567235
1351575868917886977
1348767997876461572
1348745691506606082
1355452293974552578
1354890608784138244
1348717735866458114
1348904631183814659
1355298978586365957
1348781588147003396
1355136246574575618
1355245848003829760
1355107794593181699
1353631380614369285
1348857156838289408
1348735645636841475
1348727632385503234
1353879211690381313
1354945516837212166
1354642676340174849
1348736695739547650
1354650601683083265
1346591982265765888
1351099750418886665
1354834630650851328
1351246029484683264
1346511108182519810
1351529983156563969
1355119445493092355
1355117416917970945
1354884146515091456
1348718602569064449
1354587983400284167
1355188179922522113
1348721034279727106
1354812736031473664
1348286853330436096
1346898480271384582
1354890490404106246
1348717103533199361
1354808225762209792
1355150727371489280
1355157772292280322
1354829066105450500
1354880940443660294
1354832371040845830
1346409977158766592
1355210016928751616
1355011988724789248
1352040600447676416
1348749733230227463
1349028573491978241
1354957057364013060
1355196069236383746
1348877904873205761
1354736492225187840
1351552019941748736
1354701917113483266
1346514353672093697
1351304244742262787
1355127342109237249
1355108279375028224
1346457549822959616
1354801462505664525
1352819874926653442
1354916502307270658
1355325925177626624
1354914545584787456
1353076099861811200
1354869025680084992
1351680328293896197
1355920869479034884
1348287839780433922
1349813670621171718
1355624157451595777
1355223416052322304
1351457811142742016
1348769666437668866
1348710519788761090
1355154312041820162
1345780880418234373
1346411850725019651
1351216623735238660
1354824229796139010
1348718524685037569
1348988671811334151
1349236570352738304
1348781374195568640
1348741821694943240
1355352436924428289
1354857480745058315
1351277564124344324
1353003351168974849
1348768888952074243
1355922834493747205
1354758110896906241
1353974079410352128
1351373399126396928
1348712389429129218
1354871693815271426
1355120849938952192
1351674069876436992
1354781402835922946
1348549741626462208
1355093588129017858
1354794428981010438
1355330145113006080
1352385229932142593
1346611179066683393
1351576047247110148
1351512983327961088
1348787561741824000
1348749501008379906
1354885535567908866
1351657213111185411
1355111688257871878
1355000891913482242
1354726452961431554
1354903951104204803
1348746314167824385
1348714793172160515
1348880582294568962
1355130423442075648
1348975115736932359
1355133683540357120
1354873049657569290
1351318902706483203
1355047472511516672
1354869752901083136
1355101340612104192
1349323691130318850
1348974838736707586
1348820439427117057
1348717027867951111
1354976201228636161
1354657155362807808
1354800792847347713
1349106864915681280
1354915860494901254
1355091492612820998
1349489382135369730
1355114060719775744
1354845936195952643
1348768922305228802
1354938248896851970
1354812315032424451
1351295966922629123
1348749377184141313
1352086755755896836
1355245949644382208
1350472393047871490
1355280397458939910
1354792261712809986
1354205928426450949
1351843063967182848
1354950671045455880
1355325573212626946
1353714642980319232
1355238126491496449
1354808529673101318
1354909977039794176
1353884116559781893
1351307608020443143
1351252965722632193
1348754267595829250
1354850941867094016
1351599776656203782
1355214158355161090
1354760564262785028
1354833620117032961
1354780700973662212
1354759941588967424
1348889205494181888
1348768158186934275
1355201992688345089
1354913783219675137
1354821396916920331
1348724665976565767
1347154024622133248
1351652839857278977
1354892029151617028
1348291965373329409
1349441612691234819
1352160342231687168
1348753711833763847
1353127578891137024
1354939953743093761
1348773851270959106
1354760499813101570
1354010476603207681
1348717330264690690
1349167006583500800
1354808520583966733
1354876619769475077
1355138682135699460
1354626742732918785
1355129911447584769
1348768258271440899
1354944169689686029
1347953909667684353
1346592246989254662
1354741786468610049
1348721103796105220
1351553868761600001
1354966030100127746
1354781760387743747
1348742864172425217
1354934377856249860
1355158850379329536
1355051612759330816
1355443341547233280
1354962373984083974
1348715599455805440
1355039943198978051
1346520451246415873
1351571598331953152
1354754120247353347
1355255363419963397
1354851545779724288
1354721581528920067
1348738321070088201
1355147958606565378
1348741349865103364
1348765037461180416
1354920727963725827
1351129139168882688
1349109316310196233
1348889655719165956
1346516196527636480
1354779061478973446
1353137153493102592
1348769010649882625
1354773091625426944
1346754153528385536
1354875510883495940
1354801627501260800
1354655809079308289
1350947789841248256
1348764426573406211
1346561360231067649
1354804453560311812
1348759181474619392
1348755890388799494
1351208347387748352
1354935963789746194
1348359089357774848
1355083372989702144
1354060347070701573
1354764868956655617
1348712136567119875
1354769526605426688
1354909847628767233
1355173580204634112
1348709140173090820
1346401524629565442
1348753084009345024
1351676787915431936
1350867973481910277
1354869212704104449
1354696589185589249
1348725490622861313
1355204407265275905
1353258866813886470
1348723563310821385
1348709052843499522
1354912338399408131
1354827404510826498
1351534239464960003
1348293231512084482
1348755731240120320
1354755348947722241
1355436029059207169
1354836983504318475
1354920557477822465
1355154671460118533
1354769305469120513
1354721491112386562
1351518193899237378
1348553528575471616
1346578581644857347
1354825603048853509
1348821353680560129
1354756612305674242
1354645791630102529
1355157258775240704
1354909674374623239
1348735624703053825
1353084313357725696
1355109814347722757
1354794856938414083
1351282496386772995
1354644272050528259
1348743207539134465
1349004607310200832
1355144936178348036
1346756439973523456
1355732884955521025
1354991505912508416
1349107815047159811
1346550277407711234
1351745995739181056
1349426215258628096
1348415333560971264
1350811946736635906
1348790886918991880
1354715228504788995
1354925721408434176
1354907420129038338
1355001449466503169
1353608074146291713
1354873326326452227
1355239058428080130
1354002917934706690
1354823436678254594
1353610434218176512
1355132696205385728
1354777007901573122
1355241826022789122
1351259466579251200
1355187416357855237
1348724719932080129
1355126775723012096
1348752174105440261
1348951912155127809
1354891675248848897
1354969351397330944
1355144637888004096
1354730210499981314
1354918946365816835
1348983392973557761
1354763778894811139
1354964681610424334
1348929002224955392
1354606542805491716
1353609059036000256
1354633150178217989
1354828769672892421
1348716830320418828
1354877392339275776
1353274639254958081
1348776479858032640
1348744922371940353
1351143992918994945
1348929573430456320
1348415904091090946
1354054652736770048
1351553202395742209
1348757253927657474
1354687755738079234
1356003315918712839
1348778972671340545
1354959628442996737
1346595388170641408
1354875376548253697
1348759253889200141
1354808780958048267
1354891335736635393
1346523278005960706
1354793409840439304
1354751351801208833
1354773059123761157
1346564280943079424
1354760296095768576
1354828255052713984
1348732962725105665
1355052406556520450
1354821933494198274
1354746383882924037
1354910562510102539
1351514624517144577
1348794391733956611
1348288304614166531
1348772989366624260
1354798135177072643
1354821792276258821
1355691022043459590
1354555582083178496
1348720543390957568
1354870742085742594
1354874731615444998
1349255951979843584
1354823353610117127
1354759436716421124
1351662123361988608
1354831615281803264
1353375911232602113
1351937510956544002
1354801107927670784
1354628482194665474
1348711988185206788
1354882957769662466
1351660358969257990
1354782951440080898
1353385682786541568
1346532503205634055
1348892583733448704
1346376960751104000
1353712183809609728
1353609478051160064
1346434804997349376
1346519426984775683
1355829576639905794
1348716804101844992
1355032598158991374
1354636007510061059
1352911019371360257
1348770028896837633
1348954232599228424
1348728392103948291
1354737791939309571
1346764299340013568
1355503586424344577
1348967347130953729
1354817410814013442
1355923196038574090
1354893599977197568
1355884835408109573
1353212514704781314
1354081738763476993
1353100298080940032
1348747943185154048
1348289293085782016
1355019667295891459
1354827157604868096
1354792686323179522
1350967912887156738
1348728961325559808
1354716971464617985
1354036748674883585
1355397110506651648
1354861872617553928
1353173508159926279
1354816911167508480
1355111705408393216
1354756535667273730
1353245385343557632
1354839663031316482
1355421805104652288
1354827184200839173
1354795219028467713
1351805056362967041
1354974547892719618
1355406655249403905
1354643863923798016
1355333504037515277
1348752940123779072
1346434438280990722
1354896721483071496
1354902450642235399
1355294442593386499
1354759985016811523
1354807610294169606
1348727582615863301
1354874227028078593
1349108007846768640
1348729766233452544
1354737744162017281
1346784127937355777
1349400120807333896
1348864308764176385
1355116683422261249
1350468123602903041
1354967022011080705
1348824523756302336
1348737516770385922
1354803996460945411
1354750688572678146
1351272709393678337
1348712757206650889
1346515242331865088
1351568705361207296
1354663728340459522
1346450029695934464
1348785342904758275
1355014124405743616
1354869515360890885
1353320434410909696
1354769433336623107
1354806449789046785
1354720947039825922
1348726140777717760
1354877416565567489
1355211151550910464
1348756421974904832
1351655647302066176
1354933830956838916
1354028677340794881
1351573969003040771
1348733300928557059
1353362691780268032
1354899245413838849
1352549221728190464
1349611957779836930
1354796627261878275
1354754905311948802
1348894128818548736
1355114985706434561
1354759558686769152
1354739554608156672
1354887684037222402
1349372290761453568
1354950287123996677
1348732619979186185
1348879148392067072
1347623385845673984
1354970621134954496
1352697171141939205
1351948011220459522
1348717518920290305
1354908228845527043
1351920065134948352
1348716672228745218
1346504140869013507
1354775317517381632
1350534544924045315
1354804274144759815
1351197197052891137
1348716399091474433
1354966546658041857
1354790518958514178
1348724637715329028
1346597375750643712
1347500206359801858
1346551650580881408
1354812110606278659
1350937103111221253
1351215824665767941
1353964054512078849
1346592693804294149
1354846313561645059
1348926621605048320
1347684482355224577
1353003511030689794
1348760616891248642
1354751439688630273
1348720587787657218
1354802796638289925
1346554700972363789
1355130245326774273
1354968694842126339
1351576156093489156
1354931028083793920
1353084958005460992
1348718384851152899
1346542241838411777
1355149266675769345
1354813192849870849
1347948840599609344
1354780446274555906
1348809926857125895
1348352120702038021
1354927822683443213
1354805802792456202
1353263685054164992
1354813466716979202
1346610985130487808
1353003649048391682
1354877303877226500
1355837590004506625
1354610422108860417
1354035759276314627
1346848453394108418
1355133331504050177
1348711307181228032
1348750008737296389
1354890682104766472
1353261965179826177
1353299289724903424
1348754422483070978
1354907019485052928
1348770677655015424
1348963599868436480
1354926790733664258
1354775460216000515
1355119382750490625
1354808859806756864
1354511886960750598
1348758401933864966
1348268212933287938
1355200591488811013
1351979667083943941
1348754757150781440
1348733910121902083
1353754440780701699
1354772872959557636
1346448673295781888
1348743892628369408
1353634725261402112
1354777986613071872
1354845256446058498
1354928205271076865
1354803088276688901
1355306343184396290
1351669536643285000
1355301069425766401
1354810983194054661
1355721091159908356
1354819409760579589
1355314709659082754
1351284774946689026
1348968014432112641
1348388282250522626
1354834027405074437
1354745043094024194
1355117242644639746
1354655002174894082
1346866174471131136
1353227129425711106
1349471109092143106
1348729006011645952
1354867487108640771
1354809957938470925
1354210484355006465
1348325357640962048
1348865862829277188
1350966339066863620
1354840894923550724
1354045386621661186
1349202961440927746
1348741309398462471
1351584860746489860
1353671476579340288
1354831811550044167
1353635643964981248
1354810240764583940
1348966951071215616
1349459102708215812
1355324289571041292
1346591979895984129
1348879646742470656
1354908677183049731
1354769575972384768
1348718558839267329
1354909723989041154
1348714535855788032
1348771413818306562
1352002523670962182
1346507105033924610
1348726999481802752
1348717680342216706
1354935036781481989
1353802498130239488
1351653219529863168
1349111975335354373
1348933275734171648
1351673972413267970
1348751523342331910
1353618432479137792
1351519782781267970
1351557964453339136
1355141143072288769
1354710474693214209
1355099879157194752
1354895737075752962
1354945633615024130
1348756275480432640
1355171665580335108
1351860470253314050
1354961517893062662
1351277065568452609
1355142205980217346
1349425933422383105
1354952556607393801
1355217765989281800
1346750275676205059
1354676577276227589
1346467832071012358
1353129695240462344
1353137422763233280
1348414152822431744
1353001175629574152
1348727304852279297
1354764595093778437
1348720410146312205
1354912459166011394
1354752239789727747
1348917332496801792
1351230884838596609
1355324789074886657
1355001124714143746
1354776085003710465
1354881847059222530
1353616847015464960
1354932839825997832
1355151199188692994
1354930553603158016
1354639567769497602
1351196237832351749
1354880174924423175
1354902283293761539
1354734994636369925
1349442635933605898
1350726172229984261
1346796615940648960
1351869304602587138
1354811911729147908
1349046221533491202
1348924678786723843
1353097124251131907
1354810002284847110
1354840050714947586
1348770557165260804
1354980289764798468
1354059015773417482
1354999158374072321
1348725728897101830
1354811440872349700
1353647197292797954
1353246812526833664
1348763586148110336
1348925163673415681
1354799100391116804
1348998346703302660
1346456658592067584
1354946056950341637
1354826973466386435
1348761133117804544
1346496225747623936
1346826598000037889
1355249337417297920
1355127449043017730
1348966407728467969
1355289803013689344
1348888649363054593
1354879855150694408
1349095923444494336
1348793136642985985
1351073434953015300
1355950584713646081
1346244245133406208
1351353449460477952
1354934424924803072
1355066145901051904
1354796779963875328
1349639420555780097
1348717222341046274
1354077347637563393
1348721365180837888
1351452626521567234
1348710319233896450
1354772916534194184
1355404979549384705
1348749931964751873
1348512286865031171
1352727386865991680
1348735629006426116
1355300112394842115
1354775447331082241
1351517568226521088
1355216457504845832
1355001476502970368
1354982179302998017
1354928780465369091
1351686296754925570
1354773011249901571
1346592971844710402
1355588253420814344
1346470775889399809
1354177573073387521
1348711401481760769
1355300416980877318
1346464761530241025
1353268106823610368
1355158609223700481
1354872216584859654
1354842354541326340
1348764541333680130
1348765714409279495
1355114396880695297
1354772692549988352
1348709320704274432
1354765196917616642
1348754848762748928
1348286818173804545
1355122584589901824
1354893322360397831
1355244219955351560
1354890028003061762
1354984714042540041
1354915645608095747
1348760552722542594
1346602761446690818
1354728860617732097
1351296398055133184
1355040675553808385
1348760176829100032
1354810164646354948
1355451589826387968
1354850880173056008
1348709067250925569
1354809931367542795
1354975856322461697
1349156457732853761
1355249051218931713
1351539075157786626
1354951916644683777
1355304799185547269
1354613186884993026
1353240193256595456
1353630021563330561
1354944605880537098
1354651337821216768
1352657017308127234
1354824836627918852
1355115334806728705
1354895665030115338
1354930999499632643
1351303649176203267
1348738843877507074
1354719356987518977
1348768062204481538
1355262114861088776
1354808793045975046
1351844030632648706
1354693302277320707
1348733602603917316
1348721947824287744
1347200760937902080
1348720938448248834
1348737023444660228
1354743301962870784
1354789896234422274
1349355499947495425
1348886163491348480
1348740584190730248
1353673300526964736
1348717353933148161
1354787753477763079
1354901109115150337
1354721471046758400
1354929681364115456
1351819142798708741
1348736725871435776
1348735944036376577
1355858903217688578
1348270775044870145
1348266153563594759
1348752089170767879
1350728060304302080
1354782393958363136
1351979544115372033
1349553309582036992
1348932056089325568
1354823939017551872
1349274545392377858
1354849558082301958
1354792439110901766
1352599462833754112
1354971539091939329
1346514304548417537
1355148584312778753
1353075225152294912
1354661096662200324
1351304479166050314
1354953794027741192
1354773118930313216
1355617399073099783
1354961978305998855
1355172215944343553
1354842549475815432
1354795567776485377
1355001035631243267
1353261396218310657
1353401726506684416
1354967463541223424
1348983923120992259
1348729805810839556
1348864944813584384
1354583656585682944
1354815015061057541
1348407979033448450
1350971247828602884
1354965301696278529
1351261851179479051
1354731603340230656
1355129506785275907
1354784203049734146
1355887483733614596
1354689100750721024
1354844329643282435
1354826591977709568
1354389878071570432
1355223409765081090
1355025341274849280
1355182507306733570
1351294001182363648
1354548061050167301
1346404417160024065
1354593020251938816
1355121551545409537
1354817738175176712
1348745889154793472
1353130162171338756
1354952376570966017
1354759635379638272
1354943073046962179
1354943476505391110
1349031692296728576
1353003572347215872
1348957048034222081
1348754738444201985
1354800303065817099
1353811955904098307
1348312830190223362
1354775846964371459
1348354508678692867
1353098028828270594
1353250432643174402
1348756679211577344
1348724720276037633
1355892051951439875
1346784100686974976
1355426626281103360
1353181807487889408
1351850837400825858
1348714996453273601
1348349665742368774
1354803455127212037
1354711531540381699
1348768654003994625
1354774510705238016
1354880162920341511
1353789205994995713
1355300362484396038
1348729889743101952
1345428503366406146
1354588695890956289
1354714291862188032
1348733650779729923
1353221961242062848
1354753636501512192
1348712654186172419
1348337670687223812
1346519880355475462
1348739824698667008
1350822574620631040
1354791358356140035
1354876302235492355
1355194606938431489
1348262771008417792
1351523758650126337
1348719052856963073
1348763459413020679
1346579684780290050
1355091685559201794
1354815731943149570
1348717151058874369
1355137100044267529
1348775964004724739
1354810326122778630
1353642931203223553
1355113679876812804
1354893659942965249
1354739378812235777
1355522771237953537
1354644959211757568
1355014774225043458
1354510395072000004
1354180965329997824
1353259396239929346
1349375693453451264
1354916982689320963
1354817284842242050
1354872728722010117
1348739807841759237
1355087174169985025
1353004206655987714
1354912780634218497
1354585221295992832
1349485128905592833
1355227863344177160
1354810891590537218
1353217470283317248
1348766329508081664
1345810392140951555
1354899632304828416
1348708737322774538
1354086515907948545
1355076299182768128
1355000147722309634
1351494734578126848
1354697935150313473
1348293125979181059
1354750026090688515
1354784249556172806
1354810532503506944
1354874975942017024
1354838826896732168
1353279307485949952
1348871013833052160
1348755850475806721
1354884650225823746
1354762112342642691
1348953529663303684
1348722160953647104
1355157114306621443
1351515812495056901
1346767512814424068
1348760240272134146
1354591092944076802
1348744122438471680
1355835962312556545
1355122731478626310
1348892266736345089
1351516684457304067
1355808706181689344
1348765401178640385
1353227456656900102
1354858560698593282
1348767246676537347
1354804179961696264
1348722537044340741
1348718824787501057
1348727667605065732
1353005514221907970
1347864078614745088
1348770509320826883
1351229769824808965
1350984062320709634
1348724968893214720
1348742332938661888
1354966753953124352
1354949589556748291
1354749765418954754
1348758299508879363
1355269081235132426
1355224751128633351
1354942922270117894
1355182802719944705
1354800406073929729
1354771624692772864
1354770565110919174
1354883844973998082
1348764524833349634
1348731291752157184
1354772142320218119
1348721436526059521
1355334921552752645
1349111433037033475
1348752803905286144
1353666665964314626
1348751395655200769
1354901051011432450
1354871012572192772
1354826883020464128
1355165091776372746
1354113921129582599
1355192239438360585
1354802732452909064
1354764915999911938
1348902652957110273
1348729306185420802
1350870865844559872
1355181732283228161
1348773591303782400
1354601995789889536
1354958714197987342
1352558851892109312
1346761528444383232
1352905980728795136
1355126093158752257
1351941091377950723
1355137103726866434
1353620167008415749
1355152991335161861
1351924359401766913
1353642423138869250
1354903945899110400
1354944500809011211
1354862343302344710
1355124092115038209
1355673002541776898
1354887153696858112
1348719378917957635
1355548035913142273
1348953702648991744
1355149347562934274
1349377732950581249
1354820454305865730
1348717101784162306
1348713286506835968
1354002234867146752
1351333841936506882
1353311372466151425
1350968870140579842
1348741755018113024
1351524928848322562
1354922121957429251
1355122707348729856
1354896515102363648
1348720172371161092
1348266457021501440
1354758977775677442
1355242938033451009
1354783848798842882
1353265626199023616
1352819961262182403
1354186511990841346
1355179791457120257
1354940006272479240
1354898148062330886
1355087933162872834
1351316566441402372
1355266527428227074
1354823786701352963
1346550679930859525
1354827956971945985
1354657477988593665
1353627342388817920
1348774060306653189
1354821735871221764
1352642580626993156
1354804255207505932
1351842270123749376
1354742630178041856
1349100669869957121
1348756889174212612
1355144547148443650
1355317934474858500
1354005107428438022
1351546992221159427
1355219367483629568
1354760169230630912
1353666078665285632
1353610826641534976
1353141619709640704
1354749103914315776
1355307100860243969
1354749264426106880
1348718688363544588
1354598015894433792
1352272607677214723
1354583404487053313
1355462336421703681
1355323228449890308
1348709215020462081
1351201845587435522
1354836082827927554
1346534696625307649
1354827538883780618
1351550352039022592
1354741521006948359
1351207105240432647
1348726141578858503
1348314291636752390
1354982919316635648
1354769329678647297
1354888943326666754
1354898522433196034
1354827433980006401
1355001014617829378
1348352994572644355
1354588482212163590
1348709840789581830
1348764010645225472
1348757407535673347
1354873534682705925
1354772581765820418
1346519449277509633
1346455170717274113
1352655997723000832
1346503879165419525
1348901896380174336
1354939016555229196
1354808314459111431
1354410198392307712
1348872072248897536
1346394450319339520
1348718899169210368
1349778334826328067
1346766081986277378
1354892281980088323
1348718188146679812
1348732130495500288
1355139735346360324
1354942318424584197
1353623199108509697
1348751622290231310
1348716019171393539
1348708901152313347
1354897621165494275
1354988287962787846
1355299264470142976
1348716721356599300
1354753687084818433
1354871175894196225
1354495422199455744
1354817966496305156
1354954763830513667
1354937529871568897
1354857879635980290
1354751644387442695
1351483486046187525
1348744825928085505
1348734453187817473
1355533605871693826
1352683252960653312
1353641084518342661
1348720082445357062
1354943598295474180
1348719534165942274
1349102901373902853
1351548628683382788
1348728426224623616
1354924536995737612
1351855738914746369
1354843689944821761
1354835055223459844
1348717571743350787
1354740954381639680
1352685754657476608
1354860157541494789
1348268636050481153
1354964355956101121
1354793841937801219
1353410509593313280
1353267549035757570
1354452421955760132
1355119839988375552
1354774026003111939
1348736063221719049
1355105453383032834
1353756097795010561
1348924134219198467
1346661360256638976
1355038283403825152
1355076798606938118
1355470894823518211
1348956066516758528
1349103384255750150
1348289315701485568
1355587877762191361
1354930485470900227
1353269711321051137
1348748179794231296
1355208734390300673
1348711129992867842
1355185665793794051
1355124460609789952
1352632312006127621
1354931772748935169
1354837335272263681
1348750349587378181
1356011657823191050
1354862059192778753
1354792750185635840
1353633439426236416
1353179964166844419
1354714727147069441
1348781206733783043
1348732891346440194
1347687202986356738
1354726723565346816
1353013582053650434
1354085977220915202
1351941851037753345
1348991145263714308
1348984387367555072
1348722277609840642
1348710787729260544
1354886957046890503
1348412773051617285
1355157848465035265
1355224483586584577
1354870893453971459
1355458748396032002
1355903488170057728
1353655091149103104
1348749421337600003
1351077995813941249
1348738375252144128
1348724979588886533
1348711656067653636
1346766617708023814
1354841569967415301
1354764715793248258
1354918211272245249
1348882857880657923
1348721931676217344
1354709949264367622
1354806559386177547
1354747508602376192
1346261226448445441
1354926714476965889
1354827271639453700
1354782395522830340
1351515884536401920
1348711705111654400
1354944246558691335
1346586890812743681
1354754964778852354
1355087528387366914
1355119842316210176
1349053670537785345
1354922559985344517
1355120498078867462
1348709325674606594
1351225371199467520
1347865361178353664
1354938291662020616
1351476630435340288
1346574298660675585
1354823613493334016
1348941742515625984
1355999842070360065
1354686083032879104
1354830317505441796
1351527413000318979
1346551181947133955
1354855544826298380
1350966354808074242
1348535580179763200
1351852122783051780
1355183730730659847
1348765641298370560
1348721019176046593
1355222241185845253
1345101162371035137
1354901841545469959
1348737921646546945
1347556958530781186
1354774615927750659
1354901595037827075
1354978782717874179
1346753829589704705
1355113456786137088
1353998647952891912
1346911534253973511
1349061498581217282
1355141717616422914
1354659821266595843
1348292339928879111
1351651929173209091
1348793703184392192
1351921561196904456
1348709069473935363
1355150440334315524
1347869103965544452
1354738074039836673
1355437006940237827
1354965396567298063
1348758220999962625
1355570555055964166
1354524327539068928
1355244721514426369
1354811291160834048
1350950623425011712
1351263663437578241
1354808395685974021
1354129984286285828
1349107665000083457
1346756497867472896
1346502553807294475
1355195435376373772
1354970571428286464
1354894216569225218
1355222328087621634
1354775958620954626
1348888314531598336
1348757178505691139
1355157915200577542
1348720073343696897
1346514361561571328
1354914740942860289
1355003438921355267
1354993056395702274
1354656221551325188
1346562378297716738
1348717346362454017
1354907759075086338
1353262124697575424
1351245999197609988
1348737005115617282
1350968775865225219
1354803861983117317
1348716951061864448
1355829599557529600
1355313308342112256
1354856745370333186
1354800746361802759
1348729416256466945
1345810017476292609
1351574157163716610
1355418540619272194
1355596653013721091
1354956079558520844
1346521323267379206
1354979706769207298
1354921314209951748
1353989003717070849
1351843448542928897
1346842087879290880
1351422989812822017
1348758991648784384
1354916352528683017
1354903944275886087
1354898755649204225
1348720680070746113
1350940551068200961
1348753935268540418
1348718764695711751
1348711504359645185
1355927068551352320
1348720019572748290
1352531740435378176
1351643706265399298
1348901317872377856
1355129746154287106
1345842522921308161
1355163538831061001
1355265244537491463
1355303176539410435
1355173494141681666
1354855524140019720
1354739758912712704
1354822455391490055
1352243934630719489
1351353483409108993
1348726662238793729
1348749032697557002
1348719480638156802
1348710524482187265
1354719266000556032
1348754662221078532
1354203195648712704
1355304099793821696
1355140273576300544
1351857369408561156
1355179568831856640
1353611397628887041
1348914325809983489
1348752876169011201
1354981796925083650
1348981075498987523
1354901532764995595
1354809064979488776
1354647374266818572
1348743850907607040
1354825981970681859
1348747393035067401
1348716978312273920
1349513812555288578
1354799188152823808
1348939215686545410
1355829829065728000
1348980587755933697
1354647914279284736
1352614232819453954
1354958859681587204
1348747646710800385
1348734436926480390
1346648363303923713
1354953885929119745
1346416629010341888
1348709916706562050
1349204468949262337
1347490634240811008
1355045238092402692
1348851068218834946
1348267032043728902
1354788534922735620
1354879599868571659
1348719592139599875
1348942082925359104
1354793514522062848
1354815477155958790
1348742241158897669
1354844974748217344
1353102181247950848
1353218086212685824
1348912418953588736
1348754669489844227
1354509441631199235
1354868070318305289
1348815579260583936
1354829905264054276
1348740717896732672
1345830756531265549
1354779882111311873
1354741902726324225
1354818418591981570
1354897073074790403
1353001297562185728
1354834475809693699
1350838644635029505
1350159395167023104
1351533617613316099
1353615085906890752
1351579465239965696
1351207171627868162
1353861924589596672
1352005668400726017
1348718172397056000
1354786699004551171
1354584550949744642
1353860864483450883
1354632931583680514
1348717241215422464
1354788759338971136
1348769623529893889
1354880806100094978
1355874016003842051
1353251587926478848
1348907016950079491
1349077963019603968
1354952672647016449
1355141679326617602
1354934580751568904
1354833912984428548
1349003461719969792
1355279110319337477
1354955302484013056
1354757273760002049
1354782853419175936
1354940532615745536
1353003050873610240
1355328200822431744
1353130141975785472
1355152507014696962
1354813542172512269
1354707423827816449
1348727467691941888
1352248842222243841
1348873458831290368
1354754430122397698
1348734476839489542
1348726395707547653
1348754081972686851
1354790497756344321
1353654570560450562
1348710358484189184
1354844265655005184
1348291867268546561
1353963373864562695
1354954185448382479
1346902934316048388
1346555108390281223
1346514182817067010
1354771452483002369
1354926439301173258
1352374531583782917
1350033614403198976
1351465991600017408
1355117820653285378
1354902456254275588
1355248093743239174
1351559863906824192
1348898862744924160
1351504226648805376
1349049801627869184
1354735651481116674
1354882089359970312
1354995875618185216
1354905878823108610
1354749472253882370
1348712155592478720
1355227932537585673
1348703068343459845
1354861486322176001
1354741535317884930
1351829327122468864
1348765373861138432
1354950866835533827
1354823040748593159
1348753450507661315
1354693297231589382
1354756307597860868
1348752859077234691
1354809152900452354
1349088704900571137
1348897545230053376
1351518326749601792
1355114261098491906
1348723961211850752
1354773325516582915
1355286853755273221
1348760463102902274
1355267935502278659
1355155402908966912
1354935159200604166
1348952933182877696
1354982726923915264
1354936855561711617
1354876302126268417
1354057003933560834
1353128647666921473
1351479790503649280
1355215261851394050
1349400181528211463
1348718602644545536
1354794575479468042
1354817649553772550
1353062255236014086
1354908590449045504
1354818945753092097
1354621758343667720
1348961502238277632
1355184175804985346
1350799211638517760
1354745942927433728
1348754097462247425
1350968543802773507
1346442062699360256
1354840928482189315
1346553438893723659
1353271741590753282
1353644708933808129
1355983577201176586
1354894442193416197
1354760859428515840
1355260345133228043
1354906939541639171
1354912891741368322
1355175382123687936
1354829036283953152
1346389826849935365
1354830548485730306
1354974809759870976
1348957695416688640
1354891271928688643
1350170355030253568
1348749602208493569
1354844831315599364
1351533620142465028
1351249108644855815
1351227935995404289
1354861922831790083
1349458588142628867
1353727679812538368
1349046353847083012
1355209096736219151
1351674473439752197
1354948743213158403
1354646107486347264
1348284231051571205
1348720976318648322
1353098990833840128
1347863730961395712
1347140631915884554
1353346237840437249
1348870933054894081
1354112295312502791
1354670781704384512
1354942544774393857
1354957640397434882
1354817899555262475
1354913710230417412
1355304318564519937
1354849462733197318
1354938795611852813
1348877410775822341
1354926170668724224
1352020919515033600
1354893579173437441
1354965126668029962
1351453720362561538
1347880034179100674
1354902974938701833
1348367843256115201
1354830695517061122
1348753511828357121
1351549815533035525
1348802478461095937
1354652987977834498
1355019873626312704
1349419082718846977
1355184495188725761
1354897857493532674
1354947764048769029
1350964231961800710
1354827938034839555
1354777465965699074
1354977043193192453
1346832044148596737
1354579561749639173
1351842930479267845
1355436287449296898
1354812207616299014
1348924227139809281
1351219171972050950
1348835086712659971
1355270010109906946
1354588426331369478
1349012842171785221
1351584009986465796
1348317350848851968
1346447121730437121
1353369751075102722
1348733759684808705
1349035419330080768
1348725511657304069
1354594846019883011
1349828653505515523
1355021632461529088
1354793410889134083
1348737189555933185
1353239604766380032
1354767625071587329
1348353643511242752
1351660727258521602
1356021779324694536
1353149661838798853
1351855063996768256
1354749236366217220
1348748914766336003
1348719581628657666
1354785071165804551
1354800321575473153
1346592592717352962
1351893996386332859
1348741530568302593
1346985333561249792
1354655066779746304
1351245878464491522
1350725557017866241
1347903813345271808
1346536744951435267
1355444194148544513
1353246871297400837
1348742983567482881
1354813330574123016
1348819650973478914
1348970346905563144
1348724878531301377
1354711771530072066
1348723557216477184
1354849285167263755
1354758008954363906
1355421308163653632
1349105991321792513
1349205416136335361
1348742675651063811
1354059005497368577
1354863950442229762
1351490354919469057
1354898181457403910
1354937818657730575
1354833451820658701
1354768445225709568
1354759483583418371
1355140216089169924
1351534054882091008
1351515292539756546
1348786613866926081
1354733160806965248
1354879178311684096
1354857859553636355
1354585393203703810
1354901924915589124
1348721508898664449
1351500078150770689
1354871844176859140
1354838760807157762
1355478613345316865
1348729111708135427
1354936753396862983
1348744110707003393
1354788284971573248
1354800974389383173
1346455549823635456
1353250182566195202
1353728085942816771
1349104877281144832
1348721411976794114
1355040103509463041
1351658873178959872
1354914464232046594
1348724886739574786
1354809641176231940
1354943754495516689
1346419780396449792
1355384594779017218
1354844031654760453
1351856478781583361
1348718995256578048
1354922850789036037
1348764894317916160
1354956206050340864
1348737734874173441
1348709158347022340
1347868009424105472
1354779045561556993
1349792107997896705
1354789872016502787
1348753625460461568
1348715764879155200
1354808872121245696
1351285019097108481
1354959294538657795
1354776065542152193
1353080243632758790
1348742023675830274
1354803505253367822
1355236961070567429
1354599741947076623
1354647126576410624
1351558494500118531
1355389321373765632
1355214600665526274
1346446136106737668
1354983789903142913
1348760257393291265
1348733563278135304
1352290683592257536
1354938701634277383
1355220977337171969
1346592428887863296
1354892129194160137
1351674365834899460
1348946779392401408
1346715922531282944
1355464989319045125
1351208078822297606
1346556886531891202
1349100165307781130
1351525136025985025
1348723745037422598
1351481033758289924
1355113903068479495
1354966266679857156
1354775843298537472
1348310431237025795
1351626727966056450
1354585404079562752
1355999695341023236
1348776024780242946
1351530070830178307
1348767944763969538
1355435230983806976
1354853874474102790
1355414048460955648
1353132920907689984
1354858144917282819
1347981341271482369
1348991943829839872
1353139056490782725
1354005404842418176
1348771908377059328
1354801683377713152
1348756038812639240
1354907450810503173
1355304219205656585
1354816159715971079
1354821780414767116
1354757411635081216
1354756806342569987
1351870732188475392
1354723320906862592
1354765467727122432
1351518763078856712
1351258128290033664
1349088152284139520
1351139842508414977
1348750795987148801
1354942063914184709
1354942192008261644
1348739617923756037
1348315092698476550
1348723284075032578
1354793408083226633
1354929270737555457
1349012807916912640
1348739294798741507
1348727567189241856
1354754788479692806
1354976666855088128
1354962461850525696
1354806723668676608
1355435764964855808
1350915254751006727
1348263373981544451
1353415943582437376
1348732958891515904
1348865662328967169
1354749100210724864
1354935082906169347
1354867263967522820
1351843669410775040
1354823058725302272
1353730299075637250
1346846046169800707
1354938390043631622
1354845546280865793
1354845706725576710
1354992085850607617
1351789384241213442
1348786301592629254
1350505877787324418
1350519455709753344
1354714906344497153
1354906858574798855
1354760498840014849
1348778682178002950
1349014427979415553
1351845304493109250
1348728257202577410
1347886106289827841
1348764684665688065
1352444658123743232
1353243630870392838
1354739028889903104
1346724233527898112
1354754215755862018
1348761399288328202
1354810952282042377
1353487508110266369
1348902998622294016
1351477270968467457
1355825015908921347
1346405512464756736
1348712447956443138
1351452795363328000
1354761066862030849
1350904315779670017
1348963285081726978
1348298177837993988
1353647026207150080
1348758027101483014
1355334178548707328
1348715990180311047
1351666688996106244
1348298946469384192
1354753447569059841
1355841257990483969
1354986413520019456
1354937736176791554
1354862462378668043
1348746250905137153
1349094320687763460
1355000353415163906
1351570651325362182
1348758416005746690
1354842912169844737
1348749320099651584
1348709138549923843
1354804427652124673
1353245356168007683
1353117696334958596
1354935813369454608
1354814417796386823
1353338820473851906
1354650205476573194
1354808582772985861
1354920886160273413
1354210474787827718
1354736036727971842
1355154630125228033
1354757675687567362
1348771324454457345
1354876015047290882
1353343826451197953
1353688227421548544
1351684525429039108
1354810322595373065
1349563284467441664
1354512571076907009
1348741701381345281
1355147335555284995
1355054235247894528
1350634420257099781
1348736433847197696
1354785338225520640
1348755604114976770
1353384306153037824
1354767825844494337
1354742460140965888
1354811281711087617
1348709092630663175
1354791944321429504
1348768700409720833
1353716547399913472
1355112963640844292
1347684804859453446
1354976543018262534
1346591961709502466
1355133931952234499
1355081448584310790
1354926226406780930
1355480757188358144
1352721466375155712
1350904781263540226
1348736787867439106
1348728455903457282
1354658630470086657
1348738999234539522
1355080665528750080
1348544999630270465
1345642000977174528
1348731810444926978
1355123010349490184
1354966420145242113
1354992683081740291
1354843243360485379
1351616814170705921
1355254063332544512
1354789755758780423
1354689354539610113
1354746741149618177
1352673994399490051
1346467957111574529
1351085374341316608
1351542809615073286
1354952551700029455
1346504967448895491
1354799585818906624
1354871330445922305
1346380729786245121
1347863800788213760
1354909222258040835
1348737707191758848
1354219784087482373
1354741018013396994
1354853991046328323
1350196706558803971
1354996316317876227
1350975667211546631
1348891821183803392
1348708878737956864
1351504598998142976
1348732357390573568
1348998034261217282
1348351487395700738
1348767290116993026
1348739132156227584
1354779323404840961
1349102824848842756
1348715664245141511
1351663899574153216
1351862222092431361
1346591661384757250
1353325255574618112
1355090052645269505
1354750327858327553
1351612904051716102
1348708550000971778
1348407579920093186
1351591981789667328
1354998941687934976
1354872137572638720
1348754763278655491
1348745896184455168
1354790108604493825
1348747286554226690
1348751682948259840
1354948916173791237
1354801556516859907
1354793470003654657
1348345622689173505
1354800631748251655
1354875774411673600
1354890929426075657
1348781630106824709
1348263938027352065
1354857367570157580
1354760083704573956
1348378232530165760
1355167928019279875
1355440359707451394
1348755900333502464
1348729826002268170
1346521008723771395
1355128390035111942
1354845603763810304
1348930399435710465
1355322341237153793
1354780091985911815
1348807243853131779
1355145320620060673
1348743658066104328
1354624711389556737
1355111172132003840
1354540469972328449
1353790713973121034
1354797424301268992
1349056628407070722
1354767700275261440
1354826465397891077
1354858680521519104
1348901511364042752
1353261638858792960
1354797199016800258
1348736849926381573
1355189933980479488
1349236579756347393
1351393182983065601
1354789875485204482
1355244435060219904
1354813003976196097
1348967267212652545
1354742129709494272
1346505087351480329
1354051536905711617
1355889970586804227
1354811508924903430
1354772767250522112
1351905288337694720
1354755504770265088
1351569762074165248
1350504864187604992
1350868489427423232
1354945020713955340
1348943072437088256
1354951235993001990
1348718824334520323
1351717280196026374
1354683460733046784
1355358416038998016
1354810616507031555
1355946042852843523
1355322828363448323
1355266609875714053
1351803605804867584
1353328802651365378
1353776558364889091
1354865542998470660
1348377789402066956
1354856894159073289
1351938436534558721
1349517887988502532
1351809148711792640
1355223343339868160
1346594977300803586
1348596535542632448
1354889082833403919
1353619576337158145
1351822061627432966
1346504085256732674
1348726514825654273
1353699739389337600
1348716813690011651
1354839402158186497
1354783428256952331
1354809950002790404
1348727520565342219
1354951378855202820
1348736243396472832
1348717454562897921
1354854451996200960
1354875469620011015
1354752072105787394
1355072754169610246
1348718503067602948
1354899334773559299
1355132603154780163
1346764027947585536
1348718418938241024
1348290364764000257
1354753310113280001
