1231724472392130560
1233509000890769409
1230253366460211206
1223881040483229696
1224258027836116992
1230219221566664704
1231866666436505600
1223743129850994693
1227278963631890438
1231865796659425280
1224444840596754434
1230178412708450304
1231726261459968008
1228067426190970880
1224674058861797377
1232614915560689664
1230153058933510150
1231813167736664064
1230078983259246593
1230308220213788672
1231540198393176066
1224423774541492224
1231692828763443200
1232925530091085826
1227265701494153218
1228628100239544320
1224451884754194433
1232755487663382528
1231847499536752640
1231918872296673281
1232768118814126082
1231949310075469830
1229548817042767873
1230297097544650752
1227304943557672960
1232935089660715008
1231734239181361152
1231841737192157186
1231831064219471872
1231835041359114240
1230209393507151872
1230156875695448064
1230232167659208705
1228046229470416896
1223898388191727617
1223897952529387521
1223744165214855168
1228040064380391426
1228043256786825224
1232029053441495043
1230256721106493442
1227153196436664320
1231911768634597378
1230254514403467265
1232190972467040256
1231767874995412997
1227784629077323777
1230533240760479745
1231751616640045057
1227361572353454080
1230238358728736770
1228077056317120515
1228822446322724866
1233096735993606146
1231695244292476928
1224728764740984837
1227480546860773377
1231751345683795969
1226610834056646657
1228727664023941120
1228359629245206529
1224583595207155712
1223743619674312704
1229809599307538437
1224026534740156417
1230482638013652993
1228811212013678593
1227518451918483457
1223870838543474691
1231835434071752709
1223774858598854657
1230356446904225793
1233491070442446849
1224667352249307136
1231936371608166400
1230237646502404096
1230190848752652290
1226526108784439297
1231742944094408705
1224800242190684161
1223761184312250368
1228055796900126723
1227223474017579013
1231614128319582209
1233086700106264578
1232755386635243521
1227165698876747787
1233034375962537985
1232740112510963716
1227357811916574720
1230332889839144960
1230303447653679104
1231743532345516032
1227216541407678465
1230256513014468608
1227291715473723394
1231816039568150529
1232951382161985537
1230622871317360640
1232064903793594368
1224457082709127168
1224663868716339201
1228057313115856900
1232186900447977472
1232064988975681541
1230223939068141569
1224444350647521281
1227241762944454656
1227260543192489984
1231709007926132736
1228064261081047041
1232583592913620992
1226301510465859584
1228505616362168320
1223965664907595777
1227173973303218178
1231974722994417664
1231754589160050688
1233032282929233920
1231738230049038336
1231826114802262016
1229023037233782784
1227179667611947008
1230214382971387906
1232615987733811200
1223797574286610432
1228048846091104258
1227050785617436673
1232767508635176960
1231841410040635393
1224400753185509376
1232597405704519680
1227227382316228609
1231850613241196546
1224596233240698881
1224423446425325570
1230264430572843008
1227426684124778497
1224402476880867329
1224841093247840258
1230167400357810179
1231825449564680192
1231698607440449537
1231968595762204673
1231885226323988481
1226194747854852097
1231701665750843392
1228080369691496449
1230228289949773825
1225750887680892928
1231699886904619009
1230192476071374851
1232707020861714437
1231692963438309381
1224607317347520512
1231728492783525889
1230210650749767681
1232071177260216325
1231714268770381825
1231693778123214855
1225708719180337152
1228035385764335620
1230512411133784064
1228079125321089026
1231594703591788546
1232795634819833858
1232805533037531136
1231949077836976129
1228303763854831617
1232641624674570240
1230605399956520960
1226526347759177735
1231805872889876480
1231692461149507585
1230746721820405761
1224517976453459968
1228078787390320652
1232015610332274696
1231938952753504256
1230153805360226305
1228069710513790981
1231848347989835776
1228039943097810955
1228289458136547330
1230206182654185473
1225571725301157888
1233551159991963649
1225577160037015552
1231699621661028353
1227158062462619649
1231694379506683904
1230172778432692225
1228037137691480065
1226107702167863298
1227317247196221440
1231777752724000768
1231708317854158848
1231692639403151367
1227223348402364421
1229402254349864960
1230174851199053824
1227281873170292736
1223774154962456577
1225588097657843712
1227313502832013312
1224626243322236935
1232770520925573122
1228082576029573120
1228959987403296771
1230183683686109184
1224402444114976770
1228152594733858817
1228372507482259458
1223747431608848385
1226098242557030402
1230479166568574976
1224451066697150472
1232594808469848064
1231828085411995648
1228070722444156932
1232765579725017089
1225117459440640002
1228400719293829122
1231824887968358400
1230218037594411008
1231859015916957697
1231701176598564869
1228060447372435465
1231826080668975104
1232025110523109377
1232547133519167488
1231735866575421440
1230186328970670080
1232783590594957313
1231699984749408256
1229576000784273409
1230182997380542464
1225827391085457411
1232559680108531712
1231697274520166400
1232781850877317120
1230248845826805760
1225692832754630656
1223641385166942208
1231782417087770625
1228659559734087681
1227663977762754561
1230294524741767168
1231729033848729600
1230293302093762562
1227393610154463232
1227281507074609152
1224699283850649600
1228486075250814976
1233659530187243523
1231750816945655808
1228125444731555841
1230192770620559360
1227305810914574339
1231870712882909186
1231773047079743489
1231692550169337856
1227501156835848198
1233095186001076226
1230198826184646656
1230182208838815745
1231659635213467651
1231954070606401542
1227408001012772864
1223772982553784320
1231972712823885824
1230183897109057536
1232758202984468480
1232978467303628800
1231850049950420992
1224442714822832129
1228075922819031041
1228769924853747712
1232154597311074304
1228035460657754112
1228093530092048387
1228747133903409153
1227769675095986181
1229199004883410946
1226215856041943040
1230425815109832711
1232615229638483968
1229043571069681665
1227394494452113408
1231699452517388288
1230297023557128192
1232778051924221952
1230277692647444480
1228223029416562688
1229176513809047559
1232741193718652929
1230531811337494529
1230324095331467265
1228047415548239873
1233562020030668802
1231694964037386241
1232124135951589376
1224440243106922503
1225580220817780736
1231720189235953666
1228498434275053569
1231838639950266371
1228450878748839937
1225038563840077824
1232598329915322369
1231744376013017088
1230199948165120001
1224435294511874049
1230317950298660866
1230159329753432065
1231828572379254784
1227645148017942533
1227181317193916416
1230297529390071808
1226530965134217221
1230345576065228800
1230449328046645249
1231880967310237701
1233089413455978502
1231705700373536768
1231814101174771712
1230307317977096192
1231859193629618177
1227026356422270976
1229811623126355968
1227612759472427010
1227236967806623744
1225533158248079367
1229366351627608066
1231734816485314560
1230264602400821248
1231709697838895104
1230269231507419142
1230213376233656320
1232588774409936897
1228035822735298560
1231856641039118336
1230622520488943617
1231838306427691008
1231830006155948034
1230295851823779841
1224437271782256641
1233059738105061376
1231693341416443904
1231846501120454656
1227392405432946690
1227200893898149888
1226107192073388032
1232018972092116993
1232688569296261120
1228098730747924481
1224567068596604929
1231699978818592770
1223867941088833536
1231696693156073474
1231968487322652675
1229402754801709056
1225396289686380544
1228037758188388353
1230174783133888512
1227376789627994113
1232014663568760832
1228336313117691905
1231861979826073603
1231728270200254464
1232946103907123200
1231714447745601537
1233684108569726976
1223796486145826816
1232596503362928642
1231861559716175875
1225797609979248640
1233271642601771009
1228072290358906882
1228039021516988416
1226526670468911105
1230252588848885766
1232763983393935360
1228807613569273862
1228080133506060290
1231694888422518786
1231814418641702913
1231703034327109633
1231804017749217281
1228053508047429633
1223882534540533760
1228068629712953364
1227483882523631617
1232020266856873984
1232742491947970561
1232570857102479360
1227397042777083906
1223768482141147141
1228052161898131459
1227307016575750144
1230404135700377600
1227164374395166720
1228062516938448899
1223505579982888962
1232786994348089349
1232738346604072960
1224854981125332992
1231762689711640577
1230222192937521156
1225773775154827264
1232752066377981954
1224048021098389508
1231979198845276160
1227183608437317633
1230168806674313222
1227281122175987719
1224412366475079690
1232546784364388358
1231721558214926337
1231979310828982272
1227246634377060352
1232739713032781830
1229575485396520960
1230631430973218816
1230431442188066816
1231701742527578115
1231728817540075522
1227400611030851585
1230300046652039168
1233363335401398272
1232745158044680192
1227292016226205696
1227561858980306949
1232206766827593728
1230150198883733504
1231941757140525057
1230854247685771264
1231840334524624896
1228175499966341121
1224600917657489408
1230395773130551296
1228198880166039554
1227252980476514305
1231703346312097792
1230222045801148418
1231758140552744960
1231695060070170624
1230333470783700992
1232236286439718912
1224644513509072896
1224397363034365952
1231961646832259072
1233016272826306562
1231652054004830208
1227754737312899072
1231833269819367424
1223772320046682118
1230765376390062081
1233490327148867585
1226075429909471234
1232859100461096960
1230293327121129472
1228740018757406720
1232944782453985280
1228997237432291329
1228045114527952910
1228068414670987274
1231846968990863360
1231730659212890113
1228092551640514560
1227349096148750336
1230300810355105792
1232571640678092800
1227378606537613312
1227176476316962823
1232958724731547648
1231968267377442819
1230829674005237761
1228036176122187776
1231924882566533120
1228364355101712384
1224333909334335488
1230195167212105729
1225061213895380992
1231496765821591558
1231827293305266176
1230431589508755456
1231700341479149571
1228515445327659008
1230153170334240768
1231857085673017349
1227173589532729344
1230347239954042880
1230213990187503617
1230157175793778689
1227613602309386240
1230238187768905729
1230226663310577666
1230155237291417602
1230039484491862016
1228066472766955525
1232416201713815552
1228996919285907457
1232594709652090881
1227569533520498690
1227220998216409089
1224416934764142592
1232899472524443651
1232748657373564931
1232703263704784896
1226521778958340096
1231612969320099840
1228499848963514370
1230513599304654852
1227349991733288960
1233037806605344768
1230223334098505728
1230447648395710465
1225480580038610944
1228067050117050368
1225183869340672001
1230153999455748096
1226907318144716801
1229027875908616193
1232367533107355655
1232786623168991232
1228035436225974278
1231640503063584768
1232963134295564289
1231698212261679104
1225988665815552000
1224084717508624392
1224417144315744263
1227545022536572928
1227227376557416448
1228500869425004544
1228199803047174145
1232779933316874240
1228949883849146368
1228688131773386755
1228673095273242625
1226787111875026945
1230203974344740866
1228083799369666560
1226564202929803264
1230212629639106561
1227142077512900611
1232778651214712832
1232752803724087296
1228037560838082561
1230161299902017536
1228290002242736128
1228285142126485504
1231699480648540160
1231945209530941440
1227498520501878784
1227248447226552320
1226903416762503168
1224580116824514560
1225797358203686913
1228661567027384321
1232564453423636480
1231682622994165760
1230213538599309313
1230211339391467525
1228487313287778304
1232313663538765824
1231931910458310656
1230409369596153857
1231707888424570881
1232736893768519682
1224465821377777666
1230478985622061056
1227170958387097601
1228329451999694849
1223545900338905088
1230215311598723072
1228695757445832704
1228227969342066688
1231808928427757570
1231733418104365057
1231833556437159936
1232776874335621122
1233038763393212416
1232912925083545600
1231961136641298434
1230330258508873728
1228065878681542671
1224686362273763329
1231724160214282240
1228294855614509058
1230233670142889990
1231914589975142401
1230212509820489728
1232327450690031616
1232748624846708736
1227995861034184705
1232787916050616323
1231743719705063424
1230157076569169923
1228061614001315855
1232755581498294275
1230185918243463173
1231928011051716608
1232740340634918919
1232798302984396800
1232760178644340736
1228226676644970497
1233839248903680000
1231697823332171776
1224421074093383681
1231882985827446785
1224458848846655488
1231707983375208448
1231884016288178177
1231835599289626624
1228071150250582018
1231711974318321669
1228068521260834838
1223879678940893184
1232367794366316544
1231742241724674049
1230322869856604160
1223949606087798790
1227586419184619520
1225799322035421184
1227378778915180544
1231692103928905729
1228065661513031680
1226526085174697990
1227146132201070593
1223790251619110912
1223858276615573504
1228035284144730112
1228074292128178178
1232454149926612992
1232630147204907008
1227362494382997504
1227211249458569218
1224400488256483331
1231839501523324929
1232215293059047426
1232577987918340097
1230755207178375169
1230447109851295744
1231723201434181633
1227324041117274112
1226554628206157824
1227461009297813504
1223871605618679814
1231697721188286469
1233524707271565313
1232081559018262528
1232736150663630848
1229781671932813317
1225000070015266817
1224144378987515904
1230241881466003458
1228369523016896513
1227143453554958337
1228045371596734464
1231697353154928642
1230297841815425024
1232760119051481089
1230325674822569984
1232764245412057089
1231706126120620036
1225716644795863040
1228793370736316418
1228095717018865664
1224980929199951872
1225587545506971648
1232918290667888640
1228808556297826305
1231718532301443073
1228450672787513344
1227391039876599813
1225884156036603906
1231975027362484225
1228388642932084736
1224446820585111553
1231702940114657280
1230487745317003270
1224403005824552964
1231704683829436416
1223858592593383424
1227174985216778240
1224442344046354432
1231724731679768577
1230548340129005568
1227283648552034305
1231724032040620032
1230513039272808448
1231877807124500480
1228768878639140867
1232971878307745793
1231727020129837056
1228039297334489088
1227169432256098305
1227162758665449472
1224452837645537280
1231808658566242304
1231860499261906944
1223807025949421569
1227245231017426945
1231725867602251777
1230498043994218497
1229809539945463808
1226682334369501184
1227454058845409281
1226525921944928256
1228710776262864896
1231873689991491585
1231700540691812352
1230481629631721474
1224402615565455363
1231896235256295424
1231989955083284481
1232064357795758080
1228340095260020736
1228287326561984513
1227288028978147329
1225298644527648774
1227217933325283329
1224083373473390595
1232737889307504640
1227255136147386369
1232738388442263557
1231953668007759873
1224022252963946496
1233794211771801600
1232989398393872384
1226554724511551491
1230167639521210369
1233616465158385665
1228102454723710976
1228372463110836225
1228074388026777601
1232913100715778048
1232796123208744963
1230152047430918144
1229541517834031105
1231909037597429767
1227924833314496512
1228053424685621248
1231815662609276928
1225154781594910725
1223905260420333570
1232588634609651713
1227296862849454081
1231965094340366337
1232761344526606349
1228123243141324800
1228061470891614209
1230172707905556481
1225183089451847680
1228716443065290752
1228061334555811842
1227336444429185025
1230236989905133568
1228078760131485697
1230396704475746309
1224641378891726848
1226526382362169344
1228343144112103424
1227159866323689473
1227182127583780864
1226912749726380032
1224777417551699969
1231692772224196615
1232572206745636865
1231722674256273410
1224628331615784960
1231708015444754433
1227519715246997504
1224782990196330497
1231735452593512448
1224619036954316800
1228044703851012096
1230449081694199808
1232388710945128448
1230155761201930240
1227245425628995585
1231702928899092482
1232409952771301377
1226525769029029889
1230464162796621828
1227471522207535104
1231703152199708672
1230217724334411778
1229858527361093632
1224387159941099522
1227200582760509441
1228773481929748480
1228287487942037504
1231695088818020354
1231696432865914882
1228723418486448129
1227498707559469057
1230230387542155264
1224694434681540610
1230269384293330946
1230233698550849536
1230305224151183360
1225842950489419777
1223837333797117953
1230480443088220161
1231914185472299010
1231838057692848129
1231838690437148673
1233080929532424192
1232744462809468930
1224470455245070343
1231936244575281152
1228036407605780481
1231700654240026627
1230335719098462213
1230437772332273665
1226833634793000961
1231696708649836545
1230235660319105025
1231744352055152640
1231852580663431169
1231815897976836097
1231724285686886400
1231717314011242497
1228103083072290816
1232738625311399936
1232797597829619712
1225591705157734401
1227158335264296961
1232822782255419394
1232571212506836992
1230199329845121024
1224397710444417024
1232735826905268224
1230501143278739458
1229830808124428294
1229365920956502021
1223872511840047105
1228724603507347466
1232837688514039809
1224088422333239297
1232772747413028864
1230306476809428995
1227144334384017408
1232181548482428928
1228189035220234240
1227175527976443904
1224434738179428353
1231748895392325636
1231700728839884805
1231700576376950784
1231940778206879744
1224577188730736641
1230217611138523136
1225579871545516032
1227158256335933440
1228464884293259264
1230470305132486657
1232921241100726272
1231719070929760256
1231708295439822849
1228072057814028288
1231851628103454720
1231752547129532417
1224473081504202752
1223910379534856193
1228262267462000640
1231744251492433920
1228035743047716864
1227508577264226305
1232779231089827841
1228076028050001923
1232849006583275520
1230450025706205186
1231698942687154177
1231693401294327809
1230271746898526209
1228092001285001216
1231822588076285953
1229366124933873664
1230296383812444162
1229876977924018179
1228087842057936896
1223516314012176385
1228098063056674816
1228035906067664897
1231706857322024966
1223909383240896512
1231849366706642946
1233095793134964743
1231953562390999040
1225199868395872258
1230317785085042689
1226252058837295109
1232569461351292928
1232946275747868672
1231948620712304641
1231729597517049857
1227380877526806528
1224456390699253760
1225753549243633665
1228071837768257539
1228065146586750976
1231701027398746113
1225090384843415552
1231729031877402625
1225061413879779328
1228055097592209408
1231700324383166467
1224991044951007232
1231740418804637697
1231702045666791429
1226052378853552128
1230408569234821120
1224764851609882624
1227196110718078976
1224796987272450048
1231913900477681664
1231825335383138310
1231827591973232641
1229564883693449216
1231704334234198016
1227617544766414848
1231695203481870336
1231708481201283073
1227282310892003334
1228407962324131840
1231706552513519617
1227202202873335809
1228038053249208321
1225000400874561536
1224528559194214400
1223785220522106880
1229156436904677376
1227223747033210882
1228077305550995456
1225598146107133955
1232754293427572736
1224680997914120192
1231769361888796672
1227162082098995200
1232595436399190016
1228084897077714947
1231932678892552192
1228040328936132608
1227361917775351809
1228035610419564549
1228132539845500928
1231900587551318016
1229814301810200581
1224458189661446147
1226999837675212802
1224045248676089858
1230191071268933633
1226101707656003584
1231723218639171585
1225705968333443072
1224783022802771973
1229161282273792002
1228275064887529472
1226063481373384705
1227223510038274049
1227956768803827716
1228052246920908800
1232763210476007430
1224641991495077892
1225379027025846272
1223924639937769472
1231836737430851584
1230228133862891522
1228037345687019520
1225574527943442432
1226085735272460288
1232547423551180801
1227169503878008832
1231814159244853249
1231883948277555201
1228038524844363776
1228503406526058501
1232236041958043649
1231862933275185152
1231823989401669633
1232395095628025859
1231802416162582529
1230615482958569473
1230268675485245442
1230177935136559115
1232915101629472769
1231850201620602882
1228039867717890050
1227294026325463042
1231712430650265608
1231696832507645952
1228226751832002562
1231893205341425666
1231692977011073024
1232425578894168065
1233008198321397760
1228035456329277442
1227212988769296384
1224424607492472833
1231724750734610432
1230240626488139776
1226917234104295424
1228081395324637184
1225061139828133888
1230242683622391809
1233828371622191107
1224439898599346179
1231846844399071232
1232737509500751872
1231723112279965696
1227601632927604738
1231840605489246213
1232597337370959872
1230184842597404672
1228036165531578371
1229755139399077888
1231697897672056838
1228053661953273862
1232760165935480832
1232556221376483333
1231711014200205319
1231724028286689282
1227215920168407046
1230158318850727937
1232766731300593664
1231728125396103168
1232415518356901888
1224646327608467458
1224398719048724482
1231780102654042112
1228497753229209601
1224593979032903680
1232044139958669314
1224424852150538240
1226554678097448961
1231864889725145088
1228080581365420043
1231873907495403521
1231804050548707328
1230366579948433408
1226845692548845568
1233390301789724672
1231729508526514176
1228082933690445826
1228376068744196099
1228371206564347906
1227156427913015296
1227316946825334788
1231742936666320898
1231632533269471232
1227928318026166272
1233060439132688384
1227177055768412160
1231764994792001536
1231706357176373249
1224440782959939590
1232384150893744129
1227997273025634304
1228072109240352769
1233499359590993921
1228038298096017409
1232548867029291010
1231723475787710464
1227484802443620352
1230461367339102208
1225005581251022848
1231711092314968064
1232567003434700801
1232311458320404483
1229844093632729094
1231909458583990272
1228695191004962822
1231701214246637568
1231609591462535171
1228698097867526144
1228071281578389509
1231695356754350083
1231730559484932102
1232740855120900096
1228059069593915393
1228735839586443264
1231703708322451456
1228373992207196160
1233790843535986691
1233043400179568641
1227176124595261441
1231558769437478913
1225722426459410433
1228802849062215680
1230536779943555072
1233756348778606592
1231696357842391041
1231693747932598279
1233298904281747456
1228207270145581056
1232915237474619392
1231723437774819328
1225032655105855488
1224478467397431296
1225977551111065600
1232571750786981888
1223912546693980160
1231840475604226048
1231698283296428032
1224389926428577796
1231713145368055809
1233525010926575619
1227353805362208769
1232392263134781445
1231834309641764864
1228064912758497287
1228054749095878658
1224568195815804929
1228102307159662592
1223861389166628864
1228815089702260737
1230429222579179520
1230273989425192960
1232068127913136129
1230188004578414597
1225589468524052480
1233127876398133251
1233830184794628102
1230199952489558021
1228040296220577794
1224221213624619008
1231714005263306752
1232360021419229185
1231842503780970497
1233034113222946816
1223745049365831680
1231743350878982145
1232300286103949312
1230235116766744578
1224824262952935424
1231692089127292928
1231997272008855553
1228020985657298944
1231290652828340228
1228379554781130752
1228094678488305664
1228521899132628994
1230321599913611265
1231726819688271872
1227199796353650688
1231985420738523136
1230273438801113096
1225010202254225410
1228228670189228032
1231693866677493762
1231708302133878784
1224076550984863744
1225759849310490624
1231692969431961601
1230234432868638721
1231799401603096577
1228438775979814912
1228039424837144577
1231618983243255808
1228044042757431296
1225889065234505733
1226525900709257221
1227361746756800513
1224399194007523330
1231711739307319297
1224448244853264384
1228070297565356034
1232578339610689536
1228780463394885633
1225571353685897217
1227710401334435840
1227342484969226245
1230129941943025665
1232776952093794304
1228446993242087425
1227407270956412929
1232802542398136322
1224734541455220736
1228046894821257218
1231715646695727110
1231894276277198848
1231836645286174721
1231718348104355841
1228290645594427393
1228076012501708800
1228066834282405904
1232806754720911360
1224590926212890625
1227266048166158336
1233687417229598720
1231692171012640769
1232953519201804288
1224682310928388097
1231702261652508677
1228157822879326209
1230248825442492417
1232939608943603713
1231707846930292736
1230423633677496325
1230323486574481408
1228076025940238342
1231829175159476224
1224398167669690371
1231699295440646144
1230186491101446144
1227140213123768320
1232078505116078087
1231882872342142976
1223901890548846593
1232587544346447872
1227375361295552512
1223875363148902400
1232756537665474561
1232953160676843520
1227155191004377088
1230209235809640451
1231827343485939712
1230158736410521600
1224777170104586242
1227351419046502400
1224691081461280768
1227422250435039232
1227316380803981313
1228065438887796745
1231722795073253376
1230438835307384833
1232775932911521794
1233833676535992320
1231701765046841344
1223961177765617666
1225148731546394625
1227952375467347969
1230163941579464707
1224835794864615424
1232434259232604161
1231894132752289793
1228088441147142145
1226527153396895744
1231705264421777411
1231698599257542659
1226098882972672000
1230157805040160770
1223525422836613120
1231710068481175557
1228039128979329026
1224400052203986944
1231827647673573376
1233708579166867459
1228364539709861888
1228262828278239232
1230311011951009792
1232071327936319488
1230219774954700800
1232053393004339206
1230224598861524992
1231712416913920000
1231716149546700800
1228197344270700545
1233050866837544960
1230227399628988417
1227308964494311429
1227227280713363457
1230179345639116802
1231703578986848256
1231779751825727490
1228131403398893568
1231713920865505281
1232736064793698307
1228035737272115200
1223908337202421760
1227312166581219334
1228321617249492993
1232002954586152961
1231714901313368064
1230389443422539776
1224780341703036930
1232561158713991169
1230504806990667776
1231954716134952961
1230158488812343301
1230169137093189632
1226525688792047617
1231143568095485953
1227365637862940673
1227198981601665024
1232794855568543746
1231825970203676672
1228094905295212544
1225047021498916865
1227488346819219457
1231713534767255557
1231747917175836672
1224581564643803136
1228045558809583617
1226507932902285312
1227213686923759624
1227218919330590721
1224426477162303489
1233393260539916289
1231899404484907008
1226289845116514304
1230205328752566272
1233498130643025921
1231835880643579904
1232588642654334981
1228405989864550402
1230324585423306753
1230176431918977030
1233705023806345216
1228686032306163713
1232748066161254402
1232985039807315973
1231704553575321601
1231722833853714434
1228056860525289473
1227284652072882179
1232901897914404864
1227203335092084736
1230957269803847681
1224371276350967808
1231722058444419072
1231641513970601985
1224788303217594369
1230218753796902914
1228087671790166016
1233374185822588928
1232020849210929152
1231850447087992840
1231874798839529474
1232742049872588800
1227518340551335937
1231830137253060608
1230621780714323968
1228647652767731712
1227142692108406784
1231716681090846721
1230167354602065921
1230197316298137600
1231858699641204736
1231700546916175880
1232786224848494593
1224981688738091009
1231835295076769793
1223873326063419397
1231693476041023490
1228373348465418241
1228059639515930632
1223778108068724736
1230220723077206017
1227143516389806081
1231908446171254784
1227303555607998465
1231560665615212544
1231645738502905856
1224966405101117440
1230964907065139202
1228444729450409985
1231700295476031493
1231821808057364480
1229307007603236864
1233093049846243328
1231853950426546177
1233821628125077506
1231857864605564928
1228374596736385025
1229499820659945473
1232388741941121027
1231813551918022656
1231889441876299776
1231744752544047104
1228062540120444931
1228368984552214528
1231897835131547648
1232750019704430592
1223784708154241024
1231736065389670400
1230186792999170048
1230277166362976256
1231984526450139137
1230230349143212033
1232739072910798849
1224404456533565443
1224854962682912768
1228089695109832705
1230193547120381952
1232426358732677120
1228037569566380032
1231900368528904194
1233079854616260609
1224776807246913547
1232654763260547073
1232410554452631553
1231820193674014720
1225740276213440512
1227158154296864769
1224444303906181121
1231724779209662465
1224414131538812931
1231743584610680832
1231830143234117632
1232968488710438913
1231703135535669248
1228661109114183680
1232594589200068609
1232742753513222144
1233727979991244800
1224935633271083008
1231906198275883008
1231833616428208128
1231723444942839810
1224625675123986432
1230196979805937665
1227373637218508800
1230174277351112704
1230653233577832448
1228060399410536448
1231851591856279558
1231862712579305477
1228283946552745985
1231708538583617539
1231862370781335552
1231963278777122822
1227222762168692737
1230213981060640769
1225578629368885249
1232300505050894338
1228170784691998720
1231747974293794821
1231702643598352384
1231734000684879872
1230184251573886976
1231840987208704001
1231812462971887616
1230352650941665282
1230150527167717376
1228036626816884737
1231868963862306816
1233158972368179200
1223895481971101697
1233619226361024513
1232937435656605696
1231743053628682249
1228053807092916226
1232777290351874048
1227359107524562944
1227242493340737536
1227196662571028480
1229161169266651137
1228084172109074438
1231602212570324992
1227529854817624066
1227381982675468288
1228048098372485120
1231849831854985216
1225587575156596737
1232084702363897857
1231721033910095875
1231695908062007297
1232751070239219715
1232754494305439745
1231839264889036800
1230164553301987328
1231823510349254656
1231709020202962944
1231801828217704448
1231724217953026055
1223990097051295746
1231884359701082117
1225587006157262848
1227162021931646976
1231853974099197953
1230167162813325312
1227184068615376896
1230203363985371141
1228753762665345024
1233490241069166592
1228066564160839682
1232955179093368832
1224438805739892739
1225749755566927873
1224056850829774848
1227350820603211777
1224458267792797698
1224857768810688519
1230236350647017473
1228999831064129538
1228618182124023808
1231839302117711872
1227989645536956418
1232077021217464321
1231952042043809793
1231820836463616000
1228688269971460096
1233491366627479553
1223877319120621571
1231834787507249152
1224004102629347329
1228038993905901568
1224354179008864256
1232443512387358720
1230203594193936385
1228447353591521281
1233352083945947136
1232798872218537984
1233074325764395008
1230321235982266368
1225709119543402496
1228067858095263745
1229820402496606210
1232775710638514177
1233018939359289344
1227261300843143169
1227255244532441088
1230216258425180161
1228047639712849920
1228078599665782785
1231842950633664512
1231700236466343937
1230169375040311297
1233824615094521856
1232320571368714240
1231765411953336320
1223757375682891776
1230160925661057025
1225544121571577856
1230306674583441410
1231918456024576000
1231713249474772998
1228070126274174988
1227277305560563713
1227158502604492804
1233035387548860416
1231886662269100033
1232746641117077505
1232779901205434372
1230167400005410816
1227603625960230912
1231911790721761281
1232746577984401415
1225748649000538112
1227225606972149760
1224716864900734976
1231607393479516161
1233691452481441792
1231695481933266946
1227358167547490304
1224578047988375552
1227326305567420417
1232045414892871680
1228035345364766720
1230421372347846656
1228779599397416960
1232587917215911936
1223819755125137408
1232737670574616582
1233043966758617088
1232737973730447362
1227200086637268993
1230334911493656577
1227194626664169472
1228044762554523648
1231866587449380867
1225468844787085312
1227197294283575298
1226555718561652737
1231917430580092928
1224454639564677123
1230485260032528386
1224481193481199616
1231721623067267072
1231969790346047489
1227210706006794240
1231915636156227586
1233790775881760768
1231902620425637888
1227161211214667777
1231819161220919297
1230294343774359558
1231837977673961474
1231801473542971392
1230913833033662464
1227237571278888961
1227188134657634304
1228065598837579776
1230212665148149760
1230154581360992256
1223763365325082625
1231970701801857025
1230474155218341889
1228083520666587136
1230214660563050498
1227176214617640960
1224407581944418306
1228095102393995267
1224037414160752640
1231734601237909504
1232046700656832519
1227297005011120128
1227218880327770114
1230206156225884161
1228355962286804994
1224854764015497218
1232738441307156482
1231705892216766464
1230214130101035008
1230181485644259328
1224862712540336129
1231694997017309189
1227157178194317312
1223904773298171908
1227526569435987968
1231902772611731458
1231732271696293889
1228379462644924416
1228380838389329921
1231793464855146497
1231937553697300481
1228333071335862272
1228292631261798401
1233103451363717123
1232742309134925824
1223977770956533760
1224418421326172160
1224468813288263680
1228092831690100736
1228069681430487057
1232917786193776640
1227215622284750848
1231692166256373762
1228287792662351873
1226932879030194177
1224588771238260737
1230824244780597250
1230510944972890113
1227238760376438785
1231953621107040257
1227142008650768384
1230502968631361537
1231696932688531457
1231610713778610176
1229180663066218496
1227341292641734657
1223973941712183296
1224410835637932034
1231705227541217281
1224400396912906240
1232785423052791811
1230164010194145280
1228827284188094466
1226526713762500609
1230173445624909824
1230176578585464832
1225573347687268352
1228360263533027351
1227753058089742336
1223766919792222215
1227768567791267840
1231830442619424769
1230212476572184578
1226599683063197696
1230763122178183168
1230213100441350145
1227180505407381504
1232786665330135041
1228673315256008709
1228035642124390405
1231980508298522625
1231819415928410112
1232735819405963265
1230161712411750400
1230263544618397696
1225911408774320128
1231741507134279681
1225057430888943616
1227312565212020742
1227164466539900930
1230528419768807424
1228058868472860672
1231692318845100037
1227521715980423168
1232790887727599618
1230162860761919491
1228142786601459712
1232979436754079746
1224471046398599169
1230402143405953024
1225825513123536896
1228382529654226944
1229527080649535488
1224415681338335232
1228063020028506114
1223769389444534273
1230501364205268994
1224402663929995266
1224419641809940481
1230224787122860035
1231807174860509184
1224447727984996353
1232765783698268160
1231875448071741440
1231965680536346624
1230643208700473344
1228054161587134470
1223869192824410113
1231736956931002368
1233391541919633413
1228732371509415939
1228040163818905600
1224505385165447168
1228421563663486976
1231709852294053889
1232074488231141377
1229366740695408641
1232780478140354561
1227966919849979904
1228323007086649344
1224085686107672577
1230230845463633920
1227603414227521536
1229345666431885313
1228375472045772801
1231692619211735046
1232627172600418304
1228083474818568196
1228035540898979840
1228057138955739136
1231969562255646720
1230197666921009152
1225588477422702592
1232331809809223682
1228020785945743360
1227243790295031808
1232300959621054466
1231867270479204353
1228826033551441927
1228075860894371841
1224840931788103685
1232398889426280448
1230168409293410306
1228060489583910930
1230236349892091904
1230765810647359489
1232968326525132800
1232390662257086467
1231703264200183809
1231864964274688006
1231755021903106048
1224629233416396801
1223909058601680901
1231963997148262402
1232840894644203520
1230208398609846273
1230248577387069454
1232768143703015424
1232781290564399104
1232753786071941120
1232735685024657411
1224422162657959936
1231777775859773440
1232279458435997697
1224610132698505216
1231708293887860736
1232931883161464834
1232029902959976453
1227999797384294400
1233550135445147652
1232738922163208192
1228306741403758593
1228287976549093381
1231872648168247296
1231817616290959366
1231699370304819204
1224822964362924032
1224441178013069315
1231724362589507584
1231698844011958273
1232576493974413312
1231728917704331271
1228755334740705291
1231855425336807426
1231704660215554051
1230549612466929669
1228112206828572674
1231915084487761921
1228079740952641539
1224971184753778689
1231847152705511425
1232600355294400512
1230233536998858753
1230319263820517376
1226301169489915904
1225056106650775553
1231964644056719361
1233001229069975552
1230249579620241409
1227929711189295104
1224444661999079424
1227175522934951941
1231691721395855360
1228372025619689475
1228035343737409536
1224334287920599040
1231744222845235200
1225062578730229760
1225929941629489152
1231944156366462976
1231613769954009094
1231893736529047569
1228501616673902592
1231895603480756224
1232926742316244992
1231699234950438912
1224295741608419328
1231696659538698240
1232950845026816002
1227025070654214144
1231900509935677440
1233037962440531971
1231693766706241537
1228360989554495489
1230289729016430592
1231921429920219136
1233003857036398596
1227517022382194688
1228288879813439488
1231941534817366017
1228203458311798784
1227005849513709568
1224779797701840896
1232084233142898688
1233336103429693442
1228040776376102912
1224764256471724033
1224511585529581568
1224635044456738816
1231704124246384642
1228100286209761280
1230170025794908160
1231844968299409408
1231741922869465089
1231724183010398208
1232783658928484352
1228063754023297042
1230906078709284865
1225728156168007686
1228038574546804736
1232397693634465798
1224800268971335681
1231751808294563847
1224398037042257920
1230414164851646465
1224381031572279296
1228045527541067777
1231712951117189120
1230823125241278464
1226526790061039616
1230450218979745792
1227187335240048647
1230528876201365505
1233075651718111238
1228779076284010497
1228075547416236032
1230360482571325440
1227970654659579907
1230489844884725760
1231724931395850243
1230229155083624449
1223834576696594432
1224969496777187329
1231701344815325184
1231698512716451841
1227513369332211712
1231144250408042496
1228429483293773825
1225693200813191168
1225052353365266439
1230288415796727814
1231625719870042112
1232064843756101634
1230200400298618881
1227173994916458497
1223947564594212864
1233246355675631623
1224397139603853313
1232437348492697600
1231909044497063936
1230174170912301056
1228205551709851649
1232604884459040769
1232785255926509570
1230207466127941634
1224608873409064960
1232326415464456192
1231925666037325825
1232299161837588480
1231701109451972614
1232737033950507008
1232852724531769345
1227171398508064769
1231851856080637952
1228049084671549443
1230232373289201665
1230175477509378048
1230196605527175169
1226590447918821379
1228040525548343296
1230529582262038529
1229419248583413760
1231809737739644928
1228724957041090560
1224980844953186305
1232980287409328129
1228433425234898944
1231880769221677058
1228647938722848768
1231994917943160833
1228327832947916803
1225089710042816515
1230301911938686977
1232576854042783745
1227179346508550144
1230482380772823040
1231703483302240259
1228115000709042181
1232933401386246145
1231873131301756930
1223760215830683653
1231833271924908032
1231611071783428099
1230325096423792641
1231710320701431808
1227319576851034113
1232553132095344640
1230236434482782208
1228352982351319042
1231857877213683713
1232581770400423938
1231700115477454848
1230455163061776391
1227587509510647808
1231705039800078336
1231697370683002880
1227517438583083008
1231815376029339648
1232766797570596873
1231963296502251521
1230333163630735361
1224612369537622017
1231864441295310848
1227155953805594624
1227143316233428992
1227173555948879880
1231699960598495232
1230219689374240768
1232739932424282113
1233587864446914560
1227624468215975942
1227242159339737093
1232407502677041155
1230276717509595138
1227179784284884996
1228491645852758016
1228108430721867782
1232570887771217921
1231839239530319878
1228458941463613440
1227935435218989056
1227149046437031936
1224617517940867073
1231824321326264320
1232428210543058946
1229604687260930048
1228684081833086976
1230207886061658113
1231882836501725187
1232639327575912449
1231817432890736640
1230224782290870272
1231691944625045508
1223745812850708480
1231696525421576193
1232761276151091200
1233637124571881472
1224400066552745986
1227349427305746436
1232377479849029632
1231759492800557056
1227282024123289603
1230538561902039041
1224989568853774336
1228037216783433728
1223756506073530369
1232818754423267328
1232560552356065280
1228336872939761671
1230422029687496704
1227379536628764673
1227190644386467845
1230156882947518467
1230168767512137730
1223929128912637952
1231861621078790144
1231607983987142658
1232433240431980544
1228080627318169607
1224405470745546752
1223847349367332866
1232737243564998659
1228206801520193537
1230243847168577539
1231807040215035905
1228863397103579136
1227351102271692800
1231823616595107842
1226061308472299520
1230213971183067137
1228035498570141698
1228036690096332800
1225089680070381569
1230241009440903169
1231875432099831808
1230188548827074561
1227253214577213445
1231692079962697728
1224619068793270272
1231701297700757504
1232464536801697792
1231695651802681344
1224421530467172355
1227207206220771328
1230434456210739200
1224402995938496513
1224778266243891200
1224066337871364097
1231938424619307008
1223912243336818689
1231828485661954049
1232931049040220161
1223754722357673985
1227349429666992128
1223870384736538626
1231771598463655936
1232755774616690689
1231699357080195072
1230472000335962113
1225981583284412418
1230428510201794561
1231758025930702849
1232311639409594368
1233768568258547713
1231742277300707328
1231841817336918016
1231897736766787585
1231609552484872193
1228203292921978880
1227184257170395141
1232563195837112322
1232603483750248454
1232805779671060480
1231920931070713858
1231969990158487554
1231700480495149058
1227461691094466563
1224466660737929218
1231699012568395777
1231693897497219072
1228042346211745793
1232547436645711874
1231915516790497285
1231725888045273088
1231935372038430721
1231863800426647552
1230193581920542720
1231914216489127936
1227182757635379200
1228779105472196608
1233791424837115904
1231992116336828417
1226598606037274631
1230170823429967873
1229321459870375936
1232762048284708865
1230776094757990400
1231705053108621314
1232592685929844739
1232317057732993024
1231829312191549441
1233068689794228224
1231765164342550530
1231721156555792389
1231904857549922304
1230211432286969856
1228040377027956737
1223947297861591041
1231858746529386496
1231707015715655680
1225584538232991744
1228450778504990721
1228134797966561280
1224056060731887616
1231823712556548096
1230401064073146370
1228062676003303424
1224795642800852993
1230474478414696449
1226094261164281858
1228254351183011841
1231723311773732864
1230530837512364034
1231028322999640064
1223909361250197505
1231822611958632450
1225857739315957761
1231702097525190657
1228041075396202496
1228082114161184771
1224444609926819841
1224430416968290306
1228048404829364224
1228291267790020609
1231938605687476225
1230211123628167168
1232309592618496000
1227302335455596544
1225171107730415616
1232735844865363968
1232179426697400322
1231716675105574914
1225587382658969603
1228039127158984704
1230164579587674112
1230463974375858176
1226880141281943553
1231862535650934785
1228166108621889536
1227314137119809536
1228308440407248897
1231615832188432391
1224509284999991301
1230416966122442752
1231810463681388546
1231692078209536006
1232373136475271168
1226485551714439168
1231708878393561091
1229072826478583812
1231693878962655232
1230294538700382208
1227344989098774529
1224398034156621824
1228097026216386560
1224781179511066624
1227465449186713601
1227227525518168070
1233494965478543360
1231741890099367936
1229364866525253632
1224946012139261952
1227160979852664832
1228648583664209920
1231700068333387782
1227511285937512448
1233499098382245888
1225554127436079104
1225528175666528256
1231694009183227904
1224030134342242304
1230167742147440651
1232558321850294273
1232001648148570112
1231781377684541440
1231711812032368646
1224742922240831488
1230520462729498625
1231692336029208579
1228035790124601345
1231917788270333955
1224449930644713479
1231699457349234689
1226611756530794498
1233718507998715904
1230220181521227777
1230413258047315969
1231990361725325314
1227177039133921280
1226527090650046464
1230548822226604033
1228063327726821395
1231892242077491201
1232797991028875266
1228056560796127233
1233070268450590721
1229365633659228160
1231611972057260033
1228035347814244360
1231913860443123712
1231738941939867648
1223870741478813697
1231609638640136198
1231814165200867328
1232553072485900288
1230270044497743872
1227215557050748933
1231703341576736768
1230556407482568704
1231749371739373573
1223921757175894021
1223744073032519683
1228053530344292353
1226999916041510914
1233506310852837379
1231293252676005889
1231863479495208962
1228076350562586626
1228299897436344320
1233149291323101186
1225028941292982273
1231696638743371777
1224663235246379008
1228499044860878848
1226525832295911429
1229063903696605186
1231875403154935810
1224565516926320640
1232586448332902400
1228672028451975168
1232789003457437696
1224447717960585216
1229428667148832774
1228078420564873216
1231748622859087879
1230413520333942784
1224772474207981570
1223767006958301184
1227212732191125505
1232059530558803968
1223771531081408512
1228086015937712129
1233644232654643200
1231881187767001088
1227174926878154753
1231874460417953798
1230227060901253126
1228036846380355584
1228728834796802048
1231879073783263232
1231705122784382976
1226494187824205824
1228592174863966208
1231884583857246209
1232738674623860741
1230173360870559745
1231692166076010498
1227517186060771329
1233126732204584967
1231822538294075392
1230465143856869383
1229366994320756737
1231724453119307777
1231883554122018816
1227370424700416007
1227149853324693505
1230386501223141378
1230190789285859331
1228731784638140417
1232735780159860736
1231710628575883264
1228036774947102720
1227321733142720512
1231709357198446592
1230535633711616000
1227490709961207816
1223902616956162050
1224930965069488128
1231902979839660037
1231691925046120449
1228059698240335872
1232770805240602626
1231739683459215360
1231768529029992450
1231828869159772160
1231699815257473028
1228820345781719040
1231801274309447681
1231694212552429575
1231794096450174981
1232089505940869122
1228037076173697024
1232026482182098955
1224991584808247296
1232445298737201155
1232304584518967297
1228074769058344963
1225581194940731395
1231715240884277248
1230175496635396096
1232969322093477889
1227521357921038336
1231640557602164739
1224409154238009344
1229902975918837766
1231988283971973121
1224685939286560768
1226165428763930627
1231830668788879360
1231704046953734144
1225584751173566465
1231716632407486464
1231706937097625601
1233496093469609992
1231870728720601093
1230233290499645442
1233150059811831817
1231800306670931968
1230229806895202305
1224999070336458752
1228068937008586753
1231983202744532997
1231705837929934850
1233033768547627009
1232046050732539904
1231840017238155264
1231720053168537600
1231861647536459777
1227179421771161605
1230183389728296960
1226526152203829250
1227160828073435136
1232609363304603648
1231692036123873281
1228360564772130816
1231691997842374656
1230625037633441798
1230157040821186560
1224826687487205376
1227227588235550720
1227173429167689731
1230449261801857024
1231815284031393793
1228036966496821248
1232987838641299457
1231373684679438341
1227585034250571779
1224776571225104388
1231739576517001216
1231707827741351937
1224360736182480898
1231511416001220609
1227223721838071808
1231719949980315656
1231836084750954497
1227344778309914626
1232420147505266688
1227604934566318085
1232921112079630337
1231693416460963843
1232780424461651969
1232776146623848450
1228064088242216961
1232785871771983873
1224398486055129088
1230216031089590276
1231707060309577728
1231701255891955714
1227311579374530561
1231734019710181378
1232740273744154628
1228735729200717824
1230232601744592899
1231980530171809793
1227341390398578688
1228294967417868295
1223923035469684736
1226183152672137216
1224626971121942530
1228118353430171649
1223941243622895617
1225378986659762177
1231859000448290816
1232764796430422016
1230192849670549504
1231709419609755653
1231613220982575105
1224014338102571008
1231843191852294145
1227311492011261953
1227159625478410241
1224680305400991749
1228287950351409154
1228078755765260288
1232609618674749445
1228097842293755905
1231947014797217794
1230348311229534208
1231715430454222848
1228036309173886976
1231875059410755585
1231706315749298176
1223791106107887616
1232607291851104256
1231754886267723776
1232421663045832704
1227147668050370561
1229747446210842624
1225028425049571336
1232228730195652608
1230506529591304193
1228813993340538880
1232797018420121600
1232810538553442305
1228064086908428294
1228156751830114304
1232739791667593226
1228047166402330624
1225665342787092481
1231844586223435776
1228238790935736322
1224397425181327360
1228063093202341888
1230522185737003017
1230543406348357633
1228353503460036609
1230239682535075845
1228437062711468032
1232558416503230464
1231712951884812289
1230338725177122817
1231608390796955649
1233269059623538694
1232640096282783744
1227566407371689988
1228284235133394944
1228051550003748874
1230038746889891842
1232051474936496134
1227377209427582982
1224708311800479745
1231700096405864448
1228373228416094209
1231719243609202689
1232195510565572609
1231744388474265600
1227249583077699584
1228374725312819200
1232765251118039041
1233655730500177922
1226163677860171777
1232769095461998592
1231844648513044481
1230622956482711553
1231811116768075786
1231829835061907456
1230449081857777664
1228041551865090048
1225061441188847616
1231703954494455810
1232313409770622982
1231720539061915656
1232765701284384768
1231879178842185734
1231707913049321472
1233358625533562882
1232755149782896643
1228236161052594176
1232761845846593537
1224620038650564609
1232747194874236928
1228039450766254085
1228079010049134597
1232745287757770757
1227153114379280395
1230298325414547456
1227314424387600384
1229827576979435521
1231718225270001664
1225172208567357442
1228254714342584321
1227259179464904704
1224401078692786179
1231730076179365888
1230173067676131328
1233694940347105280
1230348976832106496
1227191769634410498
1231722089280950272
1228038654498672640
1227568501583425539
1226335228374986753
1228036124880330758
1226078542590509056
1232595211194335232
1233725941580521473
1228140449363349504
1224602238414442496
1232070679689932800
1233444030832369664
1227142817673285632
1232787548684025863
1230245853492805632
1228492106924163072
1231946685477199873
1231952733009215489
1232971305579880448
1230185307905110017
1233189592599232512
1230263711950163969
1226507662776586241
1231174213358235648
1231850271816458240
1227775996310511617
1228057232945930255
1233723057396756481
1224083631364284416
1226526126530605056
1233493223403851778
1228031876968931334
1227142201735569408
1230423693211455489
1232910763985162240
1232762029548679169
1228056671597088768
1224625547113893888
1231707620404277248
1230437560306032640
1231725434422923266
1229159780394110976
1231832231561265152
1227594164667326464
1227259801433976832
1228036649965191168
1231692698035380224
1231945370898399232
1228040496863481861
1230663448700153856
1231608385583362049
1230491526968553473
1231826711312052224
1228120482865651713
1231929263277977607
1230261902019907586
1227362283791273985
1227191551446671362
1223781649860759552
1231826384554799105
1227281848335785989
1227175601062150149
1230169624106459138
1223792289790689280
1228007178994360321
1233865548649373697
1228063183878881282
1224665504884895744
1225437485418909702
1224397708670185475
1227234457100439554
1233155079412371458
1228043244417769472
1223920623199694848
1223897549653839872
1225581219435438080
1224476939794243584
1228080401299779584
1224413712607518725
1228770197223477249
1226418181595697153
1226155547004743683
1231823929431465985
1231705850311561216
1230160836309716992
1232752102318972930
1228323282937622528
1231862661626900480
1224069313075851265
1223760448257916928
1224398890394439683
1231843864174112769
1228076625646030851
1231926285728915457
1231706765215117316
1232737309650538496
1223791622833483776
1233072665495298049
1224402720100098049
1231836105261113353
1224407276376727552
1232739806364524544
1224766365434892288
1232298687851847691
1232506229148221442
1227982005339611136
1232406029096407040
1228259488739799041
1228036525344067585
1227605253744447488
1227755528513839105
1228064115027042306
1232573922517901312
1231670176153821192
1224776474269487106
1225024030253645824
1232060740917481473
1223519733171081216
1231698597701353473
1230332968666828801
1232586975678324737
1227696184002842626
1233788224629362688
1231866474878447616
1231729868192329730
1232772801356058624
1228300885794676737
1231938546161856512
1231723175811190784
1232687633819672578
1223874632505348096
1224475103355949062
1232517849027170304
1224629375846567937
1225466152933044226
1231910529444257794
1224491456527765505
1230219882450620420
1231695220892487687
1224444141163008000
1231840957408129026
1231785568201302016
1228036498257334272
1228333823332581377
1225242998658740226
1225182721712050176
1228889197186031617
1227167896612278272
1231692468795695106
1231675851697049601
1226623175393411074
1231740328945889280
1233703223418085379
1228205684291817473
1228044732099649536
1224550810278924288
1231719983094358016
1230218243727593474
1232979569248014336
1231844908945854464
1232744079500378112
1230497369785012224
1232957581146152961
1230171247318904833
1224443459429269505
1228437384863285255
1233829463244365824
1231709841254735876
1228327275797635073
1232817241089024002
1231746047162114048
1223901540731232256
1225575190760972288
1231768327753695232
1232567273900199936
1231702230337716225
1231914640617148423
1231700104614174733
1231691852308533249
1230487715277410304
1228038180462616576
1232404619470479362
1228097769501528065
1233036546707726347
1225360341963624448
1232571899085049856
1231987881301942275
1232040461646385155
1231746991320961024
1229172195298963456
1231730287492681734
1231744382610608128
1232019010071547914
1231699625775681538
1228778251000127489
1224443872291377152
1224475653082419200
1231821045084147713
1231875433471324160
1230213159635574787
1233799161725714432
1231845545347633153
1228561715836653569
1226238949569572867
1224856143924748288
1231695933424926720
1231957028739960833
1228035952695824384
1231703883489124353
1228231690075508743
1228745197544181760
1232318576109006849
1228146864375181314
1233405943645442053
1224442885476511744
1231828340790693888
1231966880577052672
1232580858579750913
1232736846947459072
1228313666149376000
1228089546530836483
1224622375305646082
1232851493826461696
1223889989697703938
1231763547425792001
1224491573976686594
1224553594269073409
1230823355785383937
1228030180322676741
1231747511120994306
1230170445963546629
1228380719912833025
1232737658499104769
1230154973259976706
1231777038371098625
1227191871409205248
1230320232868274179
1231799868605292545
1230308392205520896
1230200717769674752
1226067567120453632
1232955734108856321
1231944880345186305
1228084083869278212
1224738713978228737
1224621085842452480
1224791284398858247
1227381003997581317
1231702080315961344
1224840937643311104
1228714068233641984
1231693569007718402
1226374512364658690
1225488095786815491
1231713070990450688
1230211683328708609
1224682013808123904
1231868090863976448
1228085871452336128
1223779912672337922
1224742948073504774
1230508720670543875
1230162261022584832
1225586140201340929
1231698684636782592
1231758604740546560
1228055526296125440
1230830824116891648
1230186059314728960
1224373406172401666
1232752049722359809
1223844230357028864
1228085716015558657
1223758153994637313
1228043148863180800
1227312081994690560
1232357956504768512
1231695534861291521
1230179408104828929
1232567152974204932
1230619845730816000
