1268658292013883397
1268857857442807810
1269344473563246592
1268198849090392068
1269447720810557442
1268778492042399744
1272435128804007936
1270109957120299008
1268526945379192832
1274995908145528833
1268476764797513729
1268830578884972545
1268667635476168706
1269255729220849664
1268641576676462597
1268622494027575296
1268093041862225921
1268832659842703360
1268696987811151879
1273323870477484033
1268652796779380736
1268649627663978503
1268423006587584512
1272518043399307265
1268636285356343297
1272562825278488579
1267980530504675328
1272999052817379330
1268880201234157568
1269021320911769607
1268588296457904135
1268819552923762691
1272704290667274241
1272547793945722880
1272533345394724865
1270353489387020288
1268663432309547011
1268801019254919169
1268685484554891269
1272618451924922369
1268607764789673985
1268597301532078080
1268919427174719488
1268600161183379457
1274389492082884608
1268828975549251584
1267897287759585280
1272531757737410560
1268629111544700931
1267938673061965825
1268904134658404353
1268691038203531266
1268798644678987776
1268781360904146945
1268655739108761600
1268781920416075776
1268633256758558725
1268131307776888834
1268605421725638657
1272134441515782151
1268599812632596481
1267937800638418944
1268171846194794496
1268637475653771266
1268843650282332164
1268651996967579652
1272260799231406087
1268095528220401669
1267950225626464262
1268746043266662402
1273309650583257089
1267918282302119936
1268541487899389955
1268876554483961856
1272546734594576384
1268564573218648064
1269262373426270208
1268861189154619392
1268764131856994304
1268082698930847744
1268882251380592641
1268613496868147203
1274564403204173828
1269179185236410370
1268646947063291904
1268548534682497026
1272496810481913857
1268556047423344651
1268572671136206854
1267507832699715584
1268665338415263746
1268574596850212864
1275946913859280897
1268647928761122817
1274385140215668736
1268814782276272133
1268774455880421377
1268637515881369618
1268581878833045505
1268657333862830082
1268655279345991682
1268544185700880392
1270243858056708098
1267952721883168769
1267892680471822336
1268597975653236741
1272970955988623360
1268995989383327745
1268643073065725953
1268140774161625088
1275075999202304003
1267900210128306177
1269279649470660608
1268622472397512704
1268567123904823299
1270238358736945156
1268636156863959046
1269229596806963200
1268685899006652416
1267933027197386761
1269252020277522432
1268663069112258560
1268580026506719232
1268042798218964992
1272582376724615171
1272482160558125056
1268829993225814017
1273333628882354178
1268683280263634946
1267858305868804097
1272496700456919040
1271077754700804099
1270839189937020928
1268813710476402689
1268646815391526912
1268637665106300935
1272258560160915458
1267927268426420224
1268670619035590663
1274405906382557184
1268757421150912513
1272487426959773698
1268058361930690561
1268654025232322560
1268432699007606784
1272823704964206593
1268858449531670529
1268638902551826436
1272495117530738688
1273309009521643520
1268647443136221192
1268779882626142209
1268638732573388800
1273163583736733697
1268832854093463558
1270699071221764096
1272886325423767552
1268923387088449539
1268120206045569029
1272496829851148289
1268675302437400577
1272523064882888707
1268660431171829767
1268922279213350924
1268566456452755461
1268679227630587905
1268632811545808901
1272830606968328193
1267935908424187918
1274690562449453057
1268878941231755264
1268869367925805056
1268816290610806784
1268766944792109057
1268745086994731008
1268635915418812416
1268652990149414913
1268611674690539524
1268634422963851265
1268900732092272644
1267909877130821633
1268636870050820102
1275593589318451200
1273309754530705409
1268078266675597313
1267946219181158400
1272498547427024902
1268894024838119426
1272576937425338369
1268638551723446273
1272599918528602119
1267831237600739330
1267924248770854919
1269222710305067008
1270280420437958656
1272641905344512002
1272528703260680195
1268684670478290945
1268657625065013248
1268695886298832897
1272542430760443906
1276409746078261248
1272585513241903107
1268558505172242433
1268773288383262720
1269721863736963073
1268676106615472128
1268807281195565056
1272505301032411136
1272507805401055232
1268854358248230912
1268847624058265600
1268785663098466304
1268653581084884992
1268586087255101441
1268649340731523072
1268141909748396034
1267973121446944769
1268800786240331777
1268658784643186688
1267914111867813891
1267903025630322688
1269180055202250752
1268660735950888960
1268626937754378242
1268656193133838337
1268639516795056131
1268583744216141825
1268902649354649601
1274837385407275011
1268828166669426688
1272152671198339072
1268839311245443073
1268903064049778689
1268698081081647107
1268658097448521741
1268780880782340097
1267898571887644673
1268640284759461888
1267829421680898049
1268826951998939136
1268656000904691712
1268678457719996416
1272503408667365379
1268857243354750976
1268658749893423106
1269198660245622784
1268824034864697344
1272491004193411072
1269020548526485506
1268584873578704897
1268095489972613123
1268795293937565697
1268789376462606336
1268813974289747970
1272616331268030466
1268814689397608448
1268680130026713088
1277790332332257282
1267836489980956673
1272818268982652928
1269184398081101824
1268903918303694848
1268636005940310016
1268685460085374987
1268655451039838209
1268620335542226946
1268592982032355329
1273586357278048256
1268601378051690496
1269177931957403648
1268553389585108993
1268291560489320451
1268797907920191488
1268889646089584641
1268780284369162241
1271325630190153740
1270110817200025601
1268765297638608896
1272561828690878465
1272484015094800385
1268865094487887872
1268818038184386560
1268583083382575104
1268573149815345154
1268654164218974209
1268524474011451392
1268813468637036544
1268621085005627395
1268982967843663872
1268621666487132160
1268562497436557313
1272411046603563008
1268897484090343427
1268658619639357445
1268613269960355851
1267916417933991936
1268840011849490432
1267891983978291200
1268590729200271361
1269229054399582211
1267360478482903040
1268634221972795393
1267913733424242694
1268862580593963010
1268963172918190080
1272476748958048256
1268807382370586630
1268727698802819072
1268471412840333313
1273378860730667020
1272248122656395264
1272206233446092802
1268855567256293379
1272622556109996037
1268828709202677761
1269209004473016322
1268776587585085440
1268609204408979457
1268590936231206918
1268564003527241729
1268051600729411585
1268820250700677120
1268640604789051394
1268657308973830152
1268916822662877185
1268678759575625728
1272503980380299264
1267935190791401474
1276538652492025856
1269240191262351361
1272485688668274690
1268637019745538056
1268686941853290498
1268376734413590529
1268622741126688769
1269032568164417536
1268642546634416130
1267886794688913416
1269125355287298048
1267891398847746049
1268808956929024000
1268660535190528005
1268849829716901890
1268637995927773185
1268872166340210689
1269172469090463745
1268620079882616832
1269945748331941889
1273154335170605058
1268682573863170056
1268584460544610306
1267836073771782145
1269384194104479744
1272488661389541376
1268167493505474560
1272554748554678274
1268606300205862912
1268834093812387840
1268961807881953283
1268788547613593601
1268716436744286209
1268575422637375490
1268649502849880067
1273255742355714049
1268059680963690496
1267920632077062151
1268649464883011585
1268827299987808259
1273119997632688131
1268668228118753288
1268965855443980296
1275127307049603072
1273236946257616896
1267832971026989057
1268766947816214528
1268091842551336960
1268640316883681281
1267923057487814659
1267912555378376709
1268978135682465799
1270246660875190274
1269182597223022592
1268969581403688968
1274441880139444225
1267908579010523137
1268855149948272641
1267890725250830336
1268575991506636800
1272642352365146112
1269816216614510597
1267831988767113216
1268628761731309574
1268646910845497350
1269033311495688194
1268784696609198082
1268781666958553090
1268642644491722752
1268644895847219204
1268660859355770890
1268937393287159811
1268540874096607232
1272305448675356678
1272259579758497794
1270279175518158851
1272236836711272448
1268813396922826752
1272598552762613763
1268779662643212288
1269212754344378368
1268642261182660608
1268774329904500738
1277595721852690434
1276531606644293633
1267946754516885504
1267916951558504449
1268661677416906758
1272806135968542721
1268572366373822466
1268676925825974273
1272482444000796674
1276586755941171200
1268782278081220611
1269174647028940800
1268638110533013512
1272898657369632770
1271057748470517760
1267829445089300490
1269153765711646727
1268776250664980482
1268853022857342978
1273106640309563395
1268122009554345984
1268811243340664834
1268769098139340803
1274254162319020032
1276582935987138565
1268097350452510722
1268655848622100481
1268677855766085642
1268295228638846976
1272827044888526848
1272558434316177412
1268661655212380164
1267844591870500864
1268858986146783235
1272546254220865539
1268603261168295936
1268585529463001089
1268568619509841926
1267933089868775424
1267651206379339781
1270314303455997952
1268625113093754881
1268554715312373769
1272488372104310784
1268735496777281536
1269229953339535361
1268818221890748416
1272509888904810502
1268867087000354816
1268657598850621440
1272586878085185544
1268642213623484416
1272658933212200962
1272265195793104901
1272445708281446401
1268806200889614336
1268563164498726924
1269349404839985152
1269688592563044352
1268688321246638086
1268675168815263745
1268870254274502659
1268644170824122370
1272450281381347328
1272795476283346947
1277676490902175745
1269674988673646592
1268638125728899074
1272530027335356416
1268688497390518274
1269120025086083073
1268636631331934211
1268776625971363845
1269189842782564353
1268693375508557824
1272606686121951232
1268894896955576321
1275478409808957440
1268781275051110405
1268790860629639168
1268821808527978496
1276630321463771137
1272522694643396610
1270410019176144907
1268745869014204416
1268653486381641734
1268654104605265920
1268642404430569472
1274983712401305600
1277020879579480065
1268817110152732674
1268814337285767168
1274832782489985027
1273031666072727552
1272839736462319619
1268065559737962507
1267936620302532608
1268667961864265736
1268692115611099138
1268636585198866433
1268737042378260485
1268681355967311872
1268724201961259009
1268636633253007360
1268885642991239169
1268855826959216642
1268657685513277440
1268654469576884225
1268888783631659009
1269584147384881153
1268663568217636864
1268669360668803078
1268672832428441600
1275091026596765696
1268037566940549120
1268956538418454530
1268573349342580737
1268571091171184642
1272655087236677634
1268682312545456128
1272560155784347648
1272248127035191296
1268887643997298691
1268658921901785095
1268805933255319555
1268472399017672706
1268671938161004544
1268667908474929153
1268621705255116801
1268034459409973249
1269157471987412992
1267979482360668160
1272510295043432449
1268099555586867207
1269155811428892673
1268677024048087042
1268665194001174533
1269238064917942272
1269283901496799233
1268612802358304768
1268691047187714050
1268621661391077376
1268661744211238917
1272558093075914752
1268168451278987266
1268819272953888768
1268807199767363587
1268801753237028864
1268666210465570824
1268596923625279489
1267930482836156417
1267900212120563712
1268564071621824512
1272898540415660033
1272409022348627968
1268812470342299649
1268808718289973250
1272500596415893504
1272051300029644800
1269263293174157312
1268645108955729921
1272536997861744641
1268994885815799809
1267970790781325312
1268866889859596289
1277999741230514176
1268675070773399553
1268770215883608065
1268044972252639235
1269210667774607361
1268623966991798274
1277894173459386368
1268595196679409670
1268080575174324224
1268659157776969729
1268624653096026112
1268885847451021314
1267478340740558848
1272795440220684288
1268815343260258304
1268640268758245377
1268638330490621960
1268741750669168641
1268635277821607937
1272263665979449344
1267836954781065217
1268991125584523264
1268063885669605376
1268778123883163648
1268563548780847106
1273234065982881793
1272445057195479040
1272505879313756161
1268640748309745664
1268622889034661888
1268728677950533638
1268674588428447744
1268921060126273539
1268669784239017985
1268670489339232256
1268639350931312644
1272176710222524416
1274031632991891458
1267932001149075463
1268895494572515339
1268634533869555714
1267933981003206659
1273176115314675714
1268629199721553922
1268845435021676544
1267937132301221889
1268588296973795328
1267935884520939523
1272314599216472073
1268615802435047427
1268006331216265218
1268959623509422084
1268852472073924608
1268636058079703045
1268626988803280896
1268656234636496902
1268675169272414209
1272520428871913473
1268628818182508548
1269126057258553345
1267958511968948226
1268556561749868545
1268597727253889025
1272593502732537859
1268676741247180800
1268761852789559298
1268645026902552580
1268635294087155713
1268908438010187777
1268707961792352256
1268651356530884614
1268817265698447361
1268972107662266372
1272410805422653440
1268865376244371457
1267749754471100422
1268821993656377344
1268620051923341319
1273354316368183297
1268668915531612163
1267946702671134721
1268634704502304769
1270611571237171202
1268783643465572352
1268709353567195139
1268686618619232256
1268658868512530434
1268612164081684480
1272498831675047936
1272505378937483264
1269180111993081857
1268802188731695104
1268634918751526915
1268668240710041600
1268947949234593792
1268832685159522305
1267944345442947074
1268878510808072194
1268987437751115777
1267479429032423424
1268665600123047939
1268554790201679878
1268720664778887168
1276740454235717632
1270100447328681986
1271174719493099531
1267838968655200256
1276105194242220037
1268657412476669953
1271036129257586688
1268583904237281291
1268641170550374407
1268059063641935872
1272310752188170240
1267932699790127107
1272795058144755712
1267917538920448002
1268660321000075269
1268588047865610242
1267892020871397376
1268575425816670210
1268637385207828487
1268570677604474883
1268558252230479873
1269717113259900928
1273937146500579334
1268634255862706176
1268651659758051328
1268649577571377157
1272545046051594242
1268646133116665858
1268641474285129753
1269040075964157952
1270651351349985280
1272254707743051776
1268920880320610304
1272316236433686528
1268784212750016512
1268903523011506177
1268809143030288385
1272333556447088646
1274832034255515648
1268113887481790465
1271885022459506690
1267932694635327493
1274996390268108804
1268645573533609994
1267945475480715264
1268646329095467017
1272471173289435136
1272460219507978240
1268555281870598145
1268858554133491716
1268836396669812738
1268803546658603008
1268642275384532993
1272511432148561920
1267948130290589696
1267832682601500675
1272236648953253889
1268773196993630209
1276537603374931968
1268659076378038272
1268572531134541824
1268676694904385537
1268784979691147264
1268619515975237632
1269174001143812097
1268787257936355329
1268658838296842245
1268621742051749888
1267918524229484545
1269751484952035329
1268613070299041794
1272548714931007489
1268668925904125953
1268664479522394113
1273239192353542144
1267834281021313024
1268854668773507073
1269008949937831936
1268902415698403328
1268899313503141888
1268645646225022976
1268818412916084736
1269055833784156160
1268668671414677504
1272872280037699586
1267831139126972416
1268809432248565764
1275121144157405184
1268647275951271936
1275131578830721024
1270095751318831105
1268653047359647748
1272615445498081280
1268963447431221250
1268099653968543744
1268660591557738498
1272525624817655808
1267917534646472705
1270850049585577990
1268778252983840769
1272423231505469440
1270237534761730049
1268632268131708931
1267942913629175808
1268072458118213633
1268013005230551040
1268078807140962305
1272073666352812032
1273326175813804034
1268938477233754112
1272542944856363008
1269001882791542788
1268635697826746374
1268793824060551168
1272398083498835968
1272489421695266817
1268809695369797632
1268797352007081984
1268714064735322114
1268849361854889984
1268643279517728769
1268618074816577536
1272277223362437121
1268795855747919872
1268784838171152392
1268676105415856129
1268591330101510148
1273377135214952453
1272547320610066436
1274039998841532430
1269648080275681281
1268663225861709826
1274534930740019201
1268605952430952450
1268903388399505410
1268814165558341632
1268892664608575492
1272129111830548481
1268808814897348608
1272600582445023235
1268678795059441664
1268582824891895811
1273311647516499968
1272530959842320384
1267960307546230787
1268792365818564609
1268766526578008064
1268783919832449025
1268639983826583556
1274310094688333825
1276627808521981952
1272529748653203456
1267974145524084739
1267900272413720578
1268635576653283328
1270483661700333570
1268547378698731534
1268698090959245313
1269296424698687489
1269165424693915649
1270070478846275584
1269374192828526592
1268687582264807426
1268594461422075904
1267909083228770306
1268591454303195140
1268869522649419777
1268730193218351107
1268794695003582464
1272826101711110145
1268629227760488448
1268600580282486785
1268968793319124992
1268639502635020288
1272800516427390976
1268632242718412803
1268667827566841856
1268660478672240641
1272156352023052288
1268975380452577280
1272176973868085248
1268567764681330690
1268790306226548736
1272487764802633729
1267946663676608515
1267917347970592769
1268905583329107974
1268905926075047937
1268812952569856001
1268657652193779715
1268607744459902976
1268684689692332032
1273233786805915649
1268965478833291264
1273331185989582849
1268717426323197953
1267940309884981251
1268602596874469377
1270117647808696322
1276398212170080258
1268614080756985856
1268804318209232896
1267400671755743232
1268745048449003520
1268579127227006977
1268889755187654656
1268596151265243143
1275312024705171467
1272515780446433280
1269998635695116288
1268078488860450816
1272512816801603585
1268585839614930947
1273903269283274752
1268704674749833217
1276656276282519552
1268647494197678092
1268860131179220993
1268615960610529285
1272530250694606848
1268063308269211649
1268677858895036416
1268806426954260481
1268637788401958917
1274939514046353414
1272497831849463808
1268829943254966274
1268080118041399298
1268634181229256705
1268796446138077184
1268912877202800641
1268822497102909440
1268619243462864896
1268791534427701252
1272529792512991239
1268646792654192648
1269012244026851335
1268802090744381441
1277963256531783680
1269143766440574977
1268214243033309185
1268686442215211009
1267909614093455361
1268821092682039296
1268651561972105217
1267892723366924291
1269699651416076289
1277916238291898368
1268793770709000192
1272633470993522688
1268940989324025858
1268781224920862720
1275666881589006340
1267829191443009536
1270106205688664064
1268720982036041728
1268784886418202630
1267857661418242055
1272774892254093313
1268697968552620034
1268625994426060802
1277171788255039488
1272509818553749506
1268781881606184960
1268584586893766657
1268658231435558913
1270713090020184064
1272549688827314177
1268935804753252352
1268693142271860736
1275301037738516480
1275176967181078528
1272527276639498242
1268046481614929921
1268682670537674753
1268068556266246144
1273221552595664898
1268873321866833921
1268991582893719558
1272678911369973762
1268508796147707907
1268859645495476225
1272616061070966785
1271313888663883776
1268647374282424321
1268658728905170949
1268554517307629574
1272819918329786368
1271469591965859840
1267829082663694337
1268940623966547970
1268861094233362432
1268043930781855744
1267921271188271110
1273429333755998209
1273178586871205889
1268768516301348864
1268608525133103109
1267890299927437315
1268639401967603712
1267975908108972033
1268799001618497536
1268666171915714563
1267960519908089856
1272601574607552513
1272491157528940544
1273308573171359745
1269271576110927872
1268833527346475009
1269142394395656192
1268778079473844224
1268720611083390978
1268850805991452673
1267909256638074880
1267890972416970759
1272806970765070337
1268117349535633408
1268665032855949313
1268800377455026176
1267917279611813889
1268668353528373250
1269611104822493184
1268716433816653824
1272515164777189376
1272638360457273345
1268941363191648256
1270804086615683072
1268652724373118976
1268792996738338816
1268642974361178127
1268636729512202241
1268634278331645953
1268562031596179456
1276201893518344192
1268069640531587072
1267981507404193804
1268072694848905221
1268638494211166217
1268765966315540481
1272489043805208579
1268644304416882688
1268557858112757761
1268547618482860032
1273153123582914566
1274810659725860864
1272490999193972737
1268634794939895808
1268812988569595906
1268633213733388288
1272526290835386376
1269167290450354177
1272517337959272452
1268093399095263232
1268685925267255300
1267471502359687168
1269374131088306177
1268660338700029955
1268746910334099462
1268777276604325889
1274387096736858113
1272259244532936704
1271184861697650691
1268569249406234625
1268634999772917768
1268676006015049735
1268644243419082753
1268693771937406976
1268627764111958017
1269150166939992065
1268625667777638400
1267935030157983744
1272535677981392902
1268685578524073985
1268570133192224777
1267911840383799296
1267899351747178497
1269460910059511808
1268788882583289857
1267819846256881669
1268658481176944640
1268588323792130056
1272492281090752512
1270680876318363650
1268641252964274176
1276621365743886336
1274484217355931649
1275222181551751170
1269182629066260482
1268653789722091522
1268610406739828736
1272519090264047618
1268895717671780352
1268756861186183169
1268684189618053125
1268561075085217792
1268644462126907392
1273323042463252481
1273228690588160002
1268651904218927104
1268877450647408642
1269170407514521606
1267879950138454018
1268957520208506882
1268052894810505216
1267903059046400001
1272247101120888832
1268570235952680964
1268071671887470592
1268664500342972417
1272576212234371076
1273367794177003522
1268621577043705857
1272473543771656193
1268640111941599237
1273270103572975617
1269041142626164736
1268637035826470912
1268611126469648384
1269243891749924872
1268811483003211779
1268857688982781953
1272533058730721281
1268789395668250626
1268890679758987265
1268614862466191361
1272245201956978699
1268984679153238017
1268818963988971520
1268789302802120704
1273367411262205953
1267902911360708613
1272647626635251715
1272544232520200192
1268679105760956419
1268854286072545280
1276547072343277568
1277579205421785089
1268672704300941313
1272552289409159169
1268634874392559617
1272512646106025986
1272957447406342144
1268622759497695232
1268128678120210433
1268685274894282752
1268845197007486977
1268852361377783810
1268643419271958531
1272509888288210948
1268612663208226817
1268897254913593344
1268603790787149824
1268652627820261376
1272611129815109634
1268670095175360512
1269078738601476096
1273354807928119297
1268858309500702720
1268639330140139524
1268698228159139841
1268578625403658241
1268674161699950594
1268675876574633984
1268925813459685378
1268936758412152840
1268625512701874176
1268778392817549313
1272236106168311809
1268855200657399809
1276786996325879808
1268574084717318149
1275465890927083525
1273934817147617281
1267963671914909696
1267897584510627840
1268670050531192838
1268752087959195649
1268637386558357509
1273149356338806784
1272277348755398664
1268649947248951296
1268811343236300802
1268853520444375041
1268582218567430144
1269155649922859013
1268852280524185601
1268960810501619712
1270855845027471360
1268649296997613568
1273217724223815680
1269923874420011011
1268805629839376385
1267910416455348224
1268765444938268672
1268642280610697218
1268608484377067520
1267926701067157505
1272584203943792640
1267986206480117761
1271721875987673088
1272898675249995779
1268667771539390464
1268630671519555584
1273221424900079618
1272516914443681798
1273347108540743686
1268657389399674881
1268648473043312641
1267896281978015745
1268704033784684546
1268652917223043072
1277064334259224576
1268798413006680068
1272877444366729216
1272526371571499009
1268635257340940288
1269071425090060291
1268623976999399424
1268604621305655297
1268995262564925440
1268658149642420227
1268682086686363651
1268558556401410049
1268547570437103620
1270454712127627270
1267926506296299520
1272577926060441612
1268614894737223685
1267903883755622402
1268649628263727106
1272137334398619648
1272219474721202177
1269349369192611846
1268977731439648768
1268803529994645505
1272531541965574146
1268644964612874247
1268648211641745408
1268662245288017922
1268625754893570051
1268654540842242049
1268620103945314305
1272505008009986049
1267892381946466304
1277974709364068355
1267939221706285063
1268777427196620800
1268612991936856066
1268782351972274178
1268941107905343495
1268905599980449796
1268658071800332288
1270117333571420163
1268612167684636673
1268868273573113857
1268589160841052161
1268630366891520001
1267914812463493122
1269034288470806528
1268814404625346560
1268813582927638528
1267853791937859589
1267876875927502849
1268069676208226306
1269164336985096193
1268089984021680129
1272637193383825413
1272487892477247488
1268687189266882560
1268638676722110479
1268635490774929416
1272500296346992643
1270088591201492993
1268670541822595080
1268662877919105028
1268792131432349697
1268595288492703746
1268749903880216577
1268696891849572352
1269028230121521152
1268685146171092993
1268799327159402497
1269004266418601986
1268063514721222656
1268444761490415620
1268577415875477504
1267940869140877314
1273356250252742656
1272579304027717632
1268962582855024642
1272276875100909568
1272486367017218050
1273103368702038016
1268666666331918341
1268587238843129857
1272413460362596352
1268660963705860098
1274964300675850253
1272496866941456387
1268913320347697155
1268850522687225856
1268718839384211456
1269056403412521056
1268636197951287298
1268625305608097793
1268898746768769031
1268590015417856002
1272348407710060544
1268775881557884928
1268672043249274888
1270981527405543424
1272533870668386304
1267990767001391104
1267918324467404801
1268841550592774144
1272774753514917888
1268542804403335172
1273322993507282944
1272277786431049729
1272490713817767936
1270109102941900802
1268678688851329025
1272542690790555648
1268693054350929920
1268666543455469569
1268664873262764033
1268567633676435458
1268334946642427914
1268779283104829441
1272654236829057025
1275082577993510912
1268492483228585993
1268624037514637315
1269281004306477057
1276256133422944256
1268097748768821248
1272178103528427520
1274846064424747008
1268134391903117312
1268093302483693568
1267974395642949632
1269029124544368640
1268812452864679936
1272800936063361024
1267847139817918466
1268594832517234688
1269973332008542208
1267828733110415361
1268809064412217344
1273133508450570242
1268962779773521920
1267919886753370113
1268859493854720001
1272458119470252032
1268910261521518592
1268644593773445121
1268870977481510915
1268046933169442817
1267972643615055872
1270089614322253824
1267972936155136000
1268780758866497536
1268768166253117440
1276624289429704708
1268630911295373312
1273256797332295681
1267831381788372995
1267946006785732610
1268571342309412864
1268770448046796800
1270089917570433024
1268607883857584139
1268663976784789506
1268614991327956992
1268665501577854986
1268805949025853440
1268786917392502785
1272599346974986240
1268670508599513094
1272694001376858112
1268575154336137219
1268652645696385027
1267962304919986178
1268609776914751490
1272468782091567104
1268859784138313736
1268670656406847499
1268589671665319937
1273379148799623176
1270750324966424581
1268977178223546368
1268638352439414784
1269973244792225795
1267831955460165633
1272488845154623489
1268593647622160385
1272876039048396802
1268661921743544322
1276704579527364610
1268770323132022784
1273157772583059458
1273339576283729921
1268795364557160449
1268043304077312000
1268681071073296384
1268812901852352512
1268780501277474817
1268669236433563648
1272501597910831108
1268643779030011904
1268674710306541583
1268060813459324929
1268839101496770566
1268682126930698241
1268564910168059907
1268051680551227392
1267949848353026048
1268827718403178496
1268656133729902592
1268674823569526784
1272490132000686083
1270833451932008448
1268647941687959559
1268809306444632064
1273339657963679749
1268813885286559744
1268701398562209792
1268714637815615489
1268895148492107785
1268658330265948161
1268756440853987336
1272252141458075648
1272698561541689344
1268815207549169665
1267900932437704712
1272641789908959236
1268687443332562944
1268653004191936512
1268605038525648896
1272525323096260608
1268704059562885125
1269120190022909957
1268674377450733568
1267902111909634048
1267897848219209729
1267911430398976001
1268782861634715649
1269039964228067328
1268063609437016064
1268920262097088512
1269233988624924677
1268613923260915715
1270617982096617472
1268628613127114754
1268948892382617600
1272541202940911619
1268658080599982081
1268574210466762754
1273307080217239552
1272563912983171072
1268692045197119489
1268631154434990080
1268676432273838083
1268675446117478407
1268138980790415360
1267831816548945923
1268425770080317441
1268849161975353345
1268694737848020999
1268939982435233793
1267916992557862916
1268669161053528065
1269239582786293763
1268669571545866243
1268710042754265090
1268861802848358400
1272217361014312968
1269391324312207361
1268857450893135872
1272582619864186880
1267976001948188674
1268694856865636353
1272516347482824704
1268776347461136386
1268540404733030402
1276262428926521350
1268766764256690176
1268626149095223298
1272302912249757705
1268694034446528517
1268550964711174144
1270907107735490560
1268939402790780928
1268836792272379909
1268659402103492608
1268689428068909057
1268674999356919809
1268652811094495232
1268693603330723840
1268802546640064512
1268586266628677632
1273359806582206465
1272662035470397443
1272180002394648576
1270158463172296705
1268789338202136576
1269163776894554113
1267922635217948672
1268632326449266688
1268698525149335552
1268204826116096002
1268813283106213892
1268652307971018757
1268636989592649728
1268603629700886535
1268600234826924032
1268811195764674561
1268933674831155205
1268830992753659904
1268640648481116165
1268672913932247042
1272498433480437762
1268656281314877444
1269364570583425025
1268890269732175872
1268641173079576578
1268691535148670976
1269189261653348352
1268841766180065284
1268671278015295498
1277603412822163466
1272244294733135873
1268137832343842817
1267959693550522376
1267902092573884419
1268934926868643841
1269874653734023168
1268648334698348546
1268985757592694785
1268585259232264201
1268878433511256064
1273010596464791553
1269152624265363456
1268551375044182016
1270099011450658819
1268993184597716997
1272506610066350080
1268596322992619520
1272575499378790402
1268669358257160193
1273631925274640391
1267930311284994055
1269750713036529666
1267952591973093387
1268861360827518982
1268815256681398273
1268663307554226176
1276017404229844993
1276655144399073284
1272538430178832384
1268623631602593792
1268644278106013698
1268640746187436044
1269097809858441217
1268629603603578885
1272525510803849216
1267829169498451976
1268869799251259392
1272933233534140416
1271027936804712448
1267902719832064000
1267901027329736704
1268676360345726976
1268851295999471624
1268881366302801920
1272550882203308032
1268675899156770816
1268670442954465283
1268060664385409024
1268650908801478664
1268674946349387777
1268066589229887488
1268660700030930955
1268660620129374213
1268626349704478720
1267931685804560390
1268636706728787969
1268641868964864000
1268630202810327040
1276352435393646593
1268803515918487552
1268500493581651969
1270088004992983046
1268658461811843072
1267893123390324737
1267844721344479240
1267934585826000903
1268835775405338626
1268804969379094528
1268608967984496646
1268606304010076160
1268676190430097410
1268886889337163776
1270261041490989058
1269940474128859136
1268658725159604227
1268634150216622088
1267898313648603137
1268673160221786113
1270501745135845376
1272529688334917633
1268020500778889216
1277712849138311169
1269035504403722247
1268855425895731200
1273237036368048131
1272395893959020545
1272661266734219264
1268928554177363972
1268939585448542214
1268895561601646592
1268641957032714242
1268612999842918401
1268572037557243904
1268961501920051211
1272525134293880834
1268599133184692224
1273191516048105474
1268568674253844480
1268681016002187266
1268682360624726016
1268828363487141888
1268058062230863877
1268639606276317187
1272519629534093314
1268646086580867072
1272302798445719552
1267910854181355521
1267913386676891648
1268575437086695424
1268557324295311360
1268642938126557188
1268568222212685825
1272270320926367746
1268623693942386688
1268900156222644230
1269199904662044677
1268859237624659968
1268148965817618432
1268804496475541504
1269084222318415873
1268664873346629644
1267828698889064449
1267895331955642369
1267828703884488709
1269193337011142656
1268637009469476864
1272483161050677248
1272219454760464384
1268636790472216579
1267919067073126400
1268901573956173824
1267832935325093888
1272510905792761859
1268676072738086913
1272569952168546305
1268643417371873280
1272147146733740032
1268635059373912064
1272314717931962368
1268091091376455680
1268589834257551360
1268636207971545090
1268819183703339010
1267893121490341891
1268608453024591873
1268890430713798656
1268894639777558529
1268882627135770632
1268804835404648449
1268012087395135488
1268957609014542337
1268786821544230912
1268810516434124802
1267828980238827523
1268625180533895168
1272806840125009920
1272244963229794304
1268879804578828289
1268833371226025986
1268773234826186752
1268685376161550338
1268648527741308931
1267919072404045831
1269532195321978881
1268640136222380038
1272239314315902978
1268769657324015616
1268612869844873217
1268704252672782336
1268921540948758529
1268643163100635136
1268636990662160387
1268658461237280768
1268090626928762882
1267846196296630273
1267907154490667009
1269167543287271424
1268867410200793091
1268649954442194947
1267829247638298624
1268583485045964801
1272511815369531392
1268637924670701571
1268626606299455491
1268914840661299200
1272631453029928966
1268786095472476161
1269185801952337920
1268849136180375552
1268666442569977857
1272401781205749760
1268900372904652800
1268643928007340032
1272814397539463168
1272237227314216962
1268626039217049604
1268559699034681350
1268798729907326976
1273307987583655936
1268763490593968128
1268633485448826883
1268053372810207242
1268637172997001216
1268771364703555584
1268670831992987649
1268667062077075457
1272573158202257408
1272524737139408897
1274831058308128768
1272483490580267008
1272823785029238784
1268420068771332097
1268675800783556614
1272598875602329600
1268562977357266947
1272494256729600005
1267880099367583749
1268807647022559232
1268784532540489728
1269260902961827840
1267932233190473729
1268908755607052289
1275106506434924544
1268640434630414336
1269231463565873152
1278015669104238595
1268619560938176514
1272523518849232902
1268890412837724161
1268833079629623298
1269254486674923520
1268566840772636672
1273372751236141060
1268672957754245121
1272587379489079298
1268773811987656704
1267899169517101056
1268665535098761226
1271550942610108416
1269214746282254336
1273328997053710338
1268708836950577152
1268865241036853250
1272516977668624384
1277294935558041600
1268904369719848961
1268749085617655808
1271864849971261451
1274830320219688965
1268685690746920960
1268622418148376578
1272302002677190656
1272484543812046848
1268663595086295042
1268773414157901824
1269720743803305987
1267915599470043139
1270638617908535296
1268031607904100352
1272595532582498305
1268632510940012555
1268653297407340545
1267942801045676034
1267801147148046337
1272535947045941248
1268641798399971340
1268810379792199680
1268564758589997060
1268117773588271104
1268688482718879745
1268797520244850688
1268643920390561793
1270096505593085963
1272833140013350912
1268132436493418497
1268666354565087237
1268762404650979329
1268623225057091584
1268700599975116801
1268624870113521669
1272512527629463552
1272249293542428673
1268667453829263363
1274830952561336320
1268675835361460229
1268840615485243393
1272236450747158529
1268672568652857346
1268969016779030530
1272154645926903810
1268089021437218816
1272490179878674432
1267829208186630145
1267920854429708293
1268819442257051649
1269231895725912068
1268697220150439938
1272630209993416704
1268085482409385984
1272524694592372736
1268656889845485570
1268600227390525440
1268483626557153280
1268553602127351809
1268792490712272896
1268680049223503872
1268638467308900361
1268638950064902145
1268634236891922433
1268590683948023808
1273319200665280512
1272160895188316161
1268651872094760961
1272244622832656388
1267951818950283264
1269030846528446464
1270659030168621056
1270020127086587907
1272524763945148418
1267920534676914183
1268588510765875207
1272817208285106176
1273225643048738816
1272457830797369349
1268637824884133888
1269014187314905088
1267847813662150658
1268792513428627456
1268565939584458752
1268746860161835009
1272143900124250115
1268606978785521667
1270460805872582659
1269242642342318080
1268879794101460992
1268671988463173632
1268648515691036677
1268651506225512448
1272492158872846343
1268638602474541058
1270738768845299712
1268634272455364609
1268668763223842819
1267954113590984704
1272883213740933122
1272325956338843649
1267849580089147405
1268839338332360704
1268792406343929856
1267985680564736000
1267934901858435074
1268854746368147457
1267873224043515906
1267912326017101826
1275374831119339520
1268080791285911552
1268790404197027840
1268624486749921286
1267902838480474114
1272525171321077761
1268540859974377477
1268904978975989761
1267898983466307587
1268775130794262532
1268101172990218248
1268827808509411329
1268805115626078209
1268669561131450380
1268640341990805506
1268678041766592512
1268684726451273728
1268647688129712128
1268637485376114688
1272307324607217665
1267971539770716162
1268743198924554240
1267991981323681792
1268814315680866304
1272530944705077252
1268651751533674497
1268662600486830085
1276606493538889729
1272272205066522624
1268747141591285762
1270618603658924033
1268789159302488064
1268764677217140736
1268827597775015938
1272401749282828288
1268652381857894401
1268672855874719746
1268662980813692928
1268648266041905152
1268392437136982016
1272237725106700291
1268605309750312962
1268771611726970881
1268298846028926977
1269684124756987904
1268658103375069185
1268607244280696837
1268798181598547968
1272510457170059266
1272487780325765127
1268749255075905539
1276630274449846273
1273108910141046784
1272306241491161090
1268829964457127941
1268843874430189568
1268643813091946504
1274340566810218496
1272494395195973635
1268818835743870976
1270062010588434441
1272477808367931393
1267916342512009218
1267843491142471680
1268571975531802624
1268806354451472384
1268637309794242560
1272905055600082946
1272899097222164485
1268865423107338244
1273349381484396545
1272358807113551872
1267906715174961161
1268713031288176645
1267904917299232769
1268673307039186949
1267985004237381632
1268874031006208001
1268741664941780993
1267832740319318017
1271125468373278721
1267273215145062403
1272501259099082753
1268887922415206401
1272610741544247296
1272872864987918336
1267921613716180995
1268075834331541504
1268626868468690946
1273308456439734272
1268824938988933120
1268792980699217921
1268652645117505537
1269023761635958784
1273307975537561602
1269164850095304705
1272315525100683264
1267889388798783489
1268655191768928258
1267938952880807936
1267893045212712963
1268975064961159169
1268833297590779905
1268790860617056256
1272271085493460995
1272498098263207936
1272555002389770240
1268592192655892483
1268787621809004544
1270172173081157638
1268636995133280257
1268645658434646018
1272473013892591617
1268672405431619585
1268684961516859393
1274829600758128640
1268948951060840455
1268798748638969856
1268665495907155978
1268667810684628992
1268800977278287874
1268659153523933186
1272252046033502209
1267936436059283456
1268556739403751424
1269155923714588678
1269299159623925761
1268841778226003968
1272520680391794691
1272605630734446595
1270429619041247233
1272532703569723394
1268830177326497793
1272665449428377600
1268770071041671168
1273158047297404934
1269005153102893059
1275101387903434758
1268795923141984259
1268909046905671680
1269173597358247940
1268588739468636161
1272664022270259201
1268657780308787206
1268575990650994689
1268639117925105665
1272805677942136832
1267931725373607936
1272539757688623108
1269201993618411520
1268605120717225986
1268666492222128130
1268727266944733185
1272882264284844032
1272650316647972865
1269113366385233921
1268816802253021184
1268795740882698241
1268612225645727749
1273309854904594432
1268954387415736323
1268679805249216514
1268987294704377856
1275501069364277248
1272581007695319043
1268568086615031812
1269234204405108743
1268895024999211008
1268639091966558208
1268671522908110848
1268654983517556736
1272248545886842881
1267934227716284420
1268621135396122624
1275075744406794241
1272446032585031680
1268673709864353794
1268673214001164288
1273226338573389824
1268838236505374722
1273418401256521728
1271281835939487745
1268637250088296458
1272297772809584641
1269366094709641226
1268064822131908608
1268677916331855874
1268658302084317184
1268641900107571200
1268582928273027072
1267890602550722560
1267899723249340418
1268618083905593345
1268872026682544128
1268669266116698112
1269642406481334272
1274383309389410304
1268871357045014538
1276117970696245251
1270100911554277376
1268835359300911104
1269018077364203528
1268815791581003776
1268713512702038016
1268602657788346368
1268569168141586432
1269893358077579264
1267911841239441408
1268905914955976705
1273368270578552833
1268564758317404165
1268839966357979136
1268799555132424192
1268656507605979141
1268641720348151810
1267918190203502593
1272556104732553216
1270454344945676290
1268681947716427777
1268634819233284096
1270102546774925313
1268892674096074754
1268646988289126403
1268807166925901825
1268627249529606145
1270917195552436229
1268800667126202368
1268577202981011456
1270113976064585730
1268843557709926400
1268711570722390017
1268655162048106501
1272494022221803521
1269212188029390850
1268100531018510342
1272473131693871105
1273333091831107586
1277675233684660225
1268698198115319810
1268673358427758593
1268669893668409345
1267749246851309568
1269008783180730371
1268644902969147392
1268830697059422215
1268840914195230721
1268600936634757122
1273369896945098752
1268867585061380096
1269193869796741120
1268082609059516417
1274152682358530050
1274358711612518401
1272824681612091392
1268824339249614848
1267917691928612866
1268883216703860738
1268650564956585995
1272227411086770178
1268811203364696065
1268630446625247234
1268642348227010560
1267831645354307585
1268626638675247104
1268672541436129281
1272579426644103168
1269020058656878592
1268659846964011009
1267917495811420160
1268809438103777280
1268677428198682627
1268656470821941250
1270304328075616256
1267903972716707841
1272527386937118723
1268072999091142656
1268662084256088066
1272493905494376450
1268575210980212739
1272541788918726656
1268774728040353792
1268654585662578688
1268628506222759939
1272594520216080390
1272269692623900673
1268638034179866625
1269714243802316801
1268051609554161664
1269177950005592066
1272571694499102723
1267994293064663042
1272205236904615936
1268692548555624449
1267939097634574343
1268838565527642115
1268741628568756224
1268635860406358029
1276624193048772613
1268634497618259971
1272516283200868352
1273091493381758976
1268049852967124997
1274989299268796416
1268854467153313792
1272585751914524674
1268789110547853312
1272482386752790534
1268829895762771968
1268103992623738882
1268716527609696257
1268645999825879041
1268692417164840960
1275010277558439937
1268632654175494146
1269683973229350915
1268056622405910531
1268582795250728960
1269289456030400518
1268089788541829120
1267919098463367173
1272836401307017218
1272489401034170369
1269194994147045377
1272527927943585793
1269363776601677826
1275107684908445699
1272500247793713154
1268647757054644225
1268638386035855363
1268573594612912129
1267831741626101761
1273427117796139012
1268638287465451522
1268080253211152384
1267851819587436549
1268953646236139529
1268635748217114633
1268818982863339521
1269259071091326978
1267964991837175814
1268802278225514496
1268897995325652995
1272556666865815553
1268785586804047872
1268663766872403970
1268661963023941632
1268633991172800517
1268625554355470337
1268635533061824513
1272287851946954753
1272487470815420416
1272542954939469827
1272504305183010817
1272467830890520577
1270401024940007424
1269175963948068866
1268192020939640834
1272484254505742338
1272312223512367104
1272627872692342787
1268637476790382597
1272329329586900992
1268646243670122496
1267844901473042432
1268653083644637184
1268783227231182848
1267921396317007873
1268968594098061314
1268857381913612290
1267830092362772493
1268654380489814017
1272517841607163904
1268645165159383041
1271184737558827008
1268788023849820160
1268807486938722304
1268654189036666881
1268647643183566850
1268643932264636416
1268585251095355394
1268568074921349121
1268827359861506048
1268775667518377985
1273088010540613634
1268876841470824450
1268630945164337152
1268579035342417926
1268652210847703053
1268634615557865474
1268651476655771658
1270131242244005888
1274820158947840000
1272503180715319296
1272437392394379266
1272488050300530688
1272421647820169221
1268069538693816320
1273047457518231553
1273411781025767424
1268606746311954433
1272488405604143107
1272541701438144513
1267909455536173058
1272493728494739457
1268545566486810626
1269175643855622145
1268452759474495489
1268926775356207107
1268798755551219712
1267950362721427464
1272298578577362944
1268546355179532295
1272496223015120896
1268851505215528960
1268658521291227136
1270084242366697472
1268828897434636288
1270006664230572034
1269614886537039872
1274748379285934083
1272306368171687938
1272868721212694529
1268023300875313152
1268634078452072448
1268812563841716230
1268576590004453377
1270261465891647488
1268587507853283328
1268771405518327810
1268723330976296960
1269144748377464833
1268864395582603266
1268641622264332288
1268577850938011648
1268574338862718983
1268821371632717824
1269045907951140867
1268556544645480450
1268842901217443840
1268783033546690560
1268796677508513792
1268595519850524672
1267841275220369409
1268714753809158146
1268604986239279105
1272597641017405440
1268815182236717056
1272474074233671681
1268666934964486151
1267935538222424065
1268873882087424000
1272478477372055552
1268814637212078081
1272498735382224896
1267828836088999937
1268574831743766531
1268139169764773889
1268153684409700352
1268811064076046337
1268653993510735878
1269262021670899712
1269031889555410944
1268772829480267777
1268851741807849473
1269169074061393921
1268816542751436800
1268644034840539140
1273184855757590534
1268089467216318464
1268782112896925696
1272237811991707648
1268610491099811842
1273234550122876928
1268052308715282432
1268769476331388934
1268671869668012032
1267946193499361281
1268624843898941441
1269723434684239874
1267976268764663808
1268634258765230080
1267828896394690565
1272419572260495361
1268757398581362690
1268670222208139264
1268817024765083648
1268607836197658625
1272521488328011776
1268645075489300481
1268720988621078528
1268667239701626884
1268948026518835200
1268669890337976320
1268653344840712192
1268731246454214657
1268575105522810881
1275690511408541697
1268556234065575937
1273354629879865344
1268873026042503170
1272503843209842690
1272277165602680834
1268730457816006656
1268622081475801088
1268650394764431360
1272542931849797632
1268904395158294533
1267314654080008197
1268649576405381120
1268653533831876609
1268906184087658496
1268637892433281027
1267851529622601729
1268639035536429067
1267918249175506951
1268650356990509057
1267897010587385856
1276671667071266817
1268811862205968386
1268830133349167104
1268795677099859969
1268778352086786049
1270276973248610304
1268816714776616961
1275417639146455042
1270128112886480896
1268638481435308033
1272899879468138502
1268810812409491456
1268836252683505665
1276590688105349120
1269179281147658241
1268842327331811328
1268801726322262016
1268778740177403904
1268625399640186880
1268903166202056710
1269033832499556354
1268799621188517888
1268604230094462976
1268673327800946688
1272587625543671810
1275001490957090817
1273307609278357514
1267976583584808965
1267902199444705281
1272532749774139395
1268733473512194048
1268945362032693248
1268790191109672961
1268691448775553030
1268818358780207106
1268596087037845506
1268507141301829633
1267916176455282688
1268819574616723456
1268549582579007491
1268787854911700992
1274028343978004481
1268634361865408512
1268061496438927363
1269735313490022400
1272490705840209922
1269173903315918855
1267893522860068864
1269883101620121602
1268802189616701440
1268671311280246793
1268714055075803136
1268674662101389312
1268802125028605953
1268664734435377153
1268083780717359111
1268642457220272144
1267894551211114497
1268227726621712390
1268646753936519168
1276553864498614274
1269069677340381186
1268662924349976576
1268610739142565890
1272797585712058369
1268092482513965058
1268072127485358080
1268672879547363328
1268637291947479050
1268772930772746243
1268857907954749440
1267836245008408576
1268667987327954944
1268653001511755781
1272338769555984384
1267871869811769345
1268692028579291137
1268566951997181953
1268576900647182341
1268802421712736257
1268036386432655360
1270209084806004736
1269142591666360321
1267900006805188608
1272488945671077889
1268644646063874048
1273338582195937280
1267829047041482754
1267998138452885504
1268659167423856641
1268605691482251266
1268799571813072898
1269751388273364992
1274694317869801473
1269467307509760001
1268805683459342337
1272308279897718784
1268559957651316738
1268817664115388416
1268676246277361666
1268674895392788480
1273319068863549449
1268909508186836993
1267947062752161794
1274829633050087426
1268862177257181185
1268803749469921280
1268071184677167104
1267901296373387265
1272674265565933568
1272567358863872001
1268635418414768128
1267830193994915853
1272608650264227840
1268057838125043713
1267898947328258048
1268664402275971081
1268562476230115328
1268708848757547009
1268790855646707715
1272576688950398976
1268581202405064705
1268709054614028291
1268655852942221313
1272543381860880384
1267909894981726208
1268263882176565249
1273991947917680641
1268766231458447360
1268637133276950528
1268859327642849280
1272473503539879937
1267945204654510089
1267896853485490177
1272531143284477952
1272795191129276417
1273309220285358080
1268053596861595648
1268914100102365189
1268551393637552130
1268632520737927170
1268635394498793477
1268722836144893959
1268646247621185537
1272248388684300289
1272236008852070400
1273107297305333764
1268813371136245760
1268822374356574208
1272521791366410247
1268665467843076097
1268585267667120130
1273383562700632071
1273110166523842561
1268754611780947969
1276739534265487361
1278097420518395904
1268693864614899712
1268660783757561862
1268658121574096897
1268637878931861504
1268638207912148993
1268623158862581765
1268647468276895752
1268596713729687553
1269188207826132997
1268640909392052226
1268632622374281218
1268185194990915585
1268554375317860353
1268768831113236486
1272400438709620736
1272251190202568704
1268822130369728513
1268585179913883648
1270274827685900289
1268901110351306752
1268661164982128641
1268632090825949185
1269710091470745603
1268794380208541697
1272523473626300420
1268622191479775238
1268281139720081411
1267842103897440258
1268656127119634433
1272492291635240961
1274840282429820928
1268662627003248642
1268572724227604480
1269005016678924291
1269241152512933888
1268671809936863235
1268624660758958084
1272372790449123328
1267925899397206017
1268555042224844800
1268833734104698881
1267894484920139781
1268829817610346497
1268719521696813064
1268868981391269888
1268677395172790273
1268800378243596288
1272486237547438082
1268666445145276416
1268155879960051713
1272248103547088896
1267960712455950346
1268819850815668226
1268860984208306178
1267948415381647360
1269712265785282563
1272495368572370945
1269163356038017024
1268591505763115009
1272500198519029760
1269197286200000512
1268663382548393984
1268653064225001476
1269042361558011911
1272418210328055815
1268641850686165000
1268655420198891520
1267924498491355142
1267833409684017152
1268688231568158722
1272556453103120384
1269169481206677504
1269212230874251266
1268933840262893568
1268809082351300608
1268687811068092416
1272472144669052928
1269063123379650563
1269075527484297217
1268664665036505098
1268857801872412674
1267910265808605184
1276534701067587586
1272559912518930432
1269165941394493441
1268789560714158080
1268801132790497281
1268646880575135756
1268567297557495808
1272560859114586114
1268807216016101381
1268669453060972547
1268651557249265665
1272879737535451139
1272484006509117441
1268696310321946626
1272527584291676168
1268596549145288705
1270380059266822144
1270365648674324485
1268832005946474498
1268670957826248705
1271211358466473985
1268635646350053378
1268573018227388416
1268677131468496897
1268618860606844929
1268170666559320064
1268089523235442688
1270391672887824384
1272498300319604736
1269181381197905920
1268997868444139522
1268161848785977346
1269175544735764480
1267938035548684288
1267899489676939268
1272540802674241537
1268630200885088256
1268861666655117312
1268803855963348994
1268781560997859328
1268623532126339074
1268094031978016769
1268069575586955268
1274614186384011264
1272934001871859712
1268873683810029571
1272243822253223936
1267913421711908864
1274830368785477633
1268651743098871813
1268656620688609280
1268050785616769031
1267972739522088960
1272167569533911040
1267841241024266240
1268584156084285442
1275825164320677893
1272544619176374273
1268690058539925505
1268637314613415936
1272640953594122246
1272534284474159104
1268803891048722435
1268871431728893953
1268838666467790848
1273383312711651331
1267934806798667778
1272832482623336449
1267909703176278016
1268865962603937792
1268637735864147969
1268669105915265024
1273350685275435009
1267926809854828545
1270970396960067589
1268676348928831495
1268657750755729408
1268636255476240387
1272933830459088898
1267908352748728322
1268640337280536577
1272995066106261510
1268596454588911616
1268662997007958017
1268787062720913410
1268941768034324480
1268828461348642819
1268808670969843712
1267939624191692805
1268809556680998912
1272538629810905088
1270022706977792001
1269152621966905345
1268600387130572802
1273206707339112448
1268616010866683905
1275885373554438144
1268590788969193475
1268665486293819396
1272300133317738498
1268778946868449281
1268644089358102530
1275896729859239937
1268893420615065600
1268772047511080967
1275035191501881345
1269710610952007680
1272269343271903234
1268794668168417281
1268657344382001152
1273387742089666563
1272533541826551809
1268673781721169920
1267903583317565440
1272525279467012103
1268065305810612225
1272520689870831616
1268965830076792832
1272268443979591680
1268814741604052992
1268568880286511106
1268650330901950473
1272492404197728261
1268642687332372483
1268663039613599751
1272635626496671744
1269167353746644992
1268840324379676672
1268607744715689988
1268602481526935553
1274979089900863488
1268658728821231616
1268648720104636417
1268616359371436032
1268787932942479360
1272697773624823808
1268994764772425728
1268901493119295489
1268811947337711617
1269053362001063938
1268799497171337217
1268656195641970689
1268808699868590080
1268578550417887233
1267949050810302464
1269160016243765248
1272563904632274946
1273537396110483457
1268657098109399042
1268612856297205760
1269153713735819264
1272425207723102209
1273275688926294018
1268659340002627585
1268552524568711169
1272524684572188673
1274031271916834816
1272570740261478400
1268868780366708737
1272485450893180928
1267912100925583367
1267920785563430912
1268770462592630785
1272473454319722497
1272916656130609153
1272983821227642880
1268565822202617865
1268651421181915138
1268639964562182150
1270395463607431169
1268857633441792004
1268684985852145665
1269205197827555328
1268924482598711299
1268667579339550721
1268647669758648321
1268950270186262533
1273314581226668033
1268046817452834816
1267910853858377728
1268789785881124865
1268801081187983360
1272277437662072839
1267892268494737408
1269192780141789188
1268645982654345230
1269259021544030210
1267896141775069187
1272514514223878145
1269453024570851334
1267936230123212801
1268662855034953728
1268775415184842754
1268634474469875714
1268615261701025793
1268096587173109760
1267841467420217347
1268671388547678209
1268667367544021002
1268107828671193088
1267903738108416002
1268652452947075072
1268893820986576896
1268626595113246724
1268609232410214400
1272251997589250048
1267918034922070023
1269204145619251201
1268647124285231106
1268584379141545990
1268846175693783040
1274829989293285377
1269163440851075072
1268590325171474434
1267918033235980301
1268823314715283457
1268689072446410752
1267831173943824384
1272306401910697985
1273376062664253443
1267892262912081920
1269014187562467328
1268962591143010304
1268642953041530882
1273255604736450562
1269203705141907456
1268655903034814464
1269958760677748736
1268653299445751809
1268670397345562625
1272662411128995846
1268850539309215744
1272538832538304513
1268662379098890241
1267892452347781120
1268653405544820745
1269167239464452097
1269458971057889280
1268843214326435841
1268669031197937666
1268651593769136129
1269011378272075781
1268867355448352768
1268641143941709826
1268637789454848008
1275940726912823297
1269694779450953731
1272472665140408321
1268661543132172289
1268593019692953604
1268569718446862338
1272495456665374721
1269200091698606082
1267944629758025728
1268641407318872087
1275385555136778245
1268648342130655232
1268635983735554050
1273409401743908864
1272488032868995073
1272525125229989891
1270451154800033792
1272666979191701504
1267870596181917699
1268997088949534723
1268647201632370688
1272806945737641990
1268662833073524736
1268708735888822278
1267828589820444672
1272489984830902272
1267889596957933569
1273349269030912002
1270238895217786881
1268652190161424385
1268616632399654912
1268637777257730048
1268608288007938048
1272498598350110721
1268697032023314433
1268821792178741249
1268656273408634880
1268662293367267329
1268906228236849155
1268979438357811203
1268877914591956997
1267888802061864960
1268853408427061248
1269233741802635265
1272483302063198213
1268900208638922752
1267260691196653569
1268635249786982400
1268628366065840128
1268603238863028224
1267892238052397062
1268687210381000705
1269013788520591360
1274255889529176065
1269173487031197696
1268713607283556352
1272310895138549760
1268609999976255489
1275939296818728961
1268607090626568192
1275061024303927296
1268144159896068096
1268947175825866754
1267952413782282245
1268636882201706498
1268623974084329479
1272035905029758976
1268652871836413952
1268648822667915265
1268896155611664387
1268680134518870016
1268596704410042371
1268826345427124224
1270365591258398720
1268805323470647297
1268680749525467142
1272847241666068481
1272459499782184967
1268169018176942082
1268093520381906949
1267946979944017921
1267830012851310602
1272546541920825346
1270321982110937088
1274829904182468609
1272852569862406146
1268666800180473863
1277963126588141575
1272233604194631683
1268669541200035846
1275931424709922821
1270791643835305985
1268592250654580742
1268658521375113220
1272484146812727297
1267893990755573763
1268855235063222273
1273290180250787840
1267924816079851520
1268607867294232576
1268686463346016259
1268687330388381696
1268192755081150464
1267882713857560576
1268628201850503168
1268761944300937216
1267831666455851009
1272530435692802049
1267932696635998214
1268640029141807105
1268578370708701187
1268679913294479362
1268641089491292160
1268675529441521664
1272529441705598978
1269244233468260353
1268637124552798212
1268118932973596678
1268055904743718912
1268657391580729346
1272819691644432384
1267953186276544512
1268672570649391106
1268113218213482496
1268667863197528066
1268648174136299520
1268647476539478017
1268944109873627137
1268808197478981632
1275417545206575104
1268659471032766464
1269673420708511744
1268789535242059776
1268793617574965249
1268578403365552130
1267857999458164737
1268541861507092483
1268638010008055808
1268791493554319360
1268680873085407235
1272217899328057344
1268815804046376960
1272591640084066304
1269152092494663680
1268651876423254017
1272917720649080834
1273952813941473280
1270329170443337734
1268810810198982657
1268621873362825222
1268859514578755584
1272515315939921920
1272151346955902976
1268758431546122243
1268553698629881863
1272662794173890567
1268645227180560390
1272815259703824385
1272541367017836544
1269350623893479424
1274282836820983808
1267943249165025286
1268788179961872385
1268634268395352064
1267761990539317253
1268852663858454528
1272949589474258946
1272733809394450434
1270410639371100161
1268614761995894785
1268607523675873280
1268640296960774159
1272547968923635712
1267877505756803072
1268696341913493506
1272343315443339265
1267927660988170242
1267917778595516416
1268690868464123907
1268656118080983046
1272247789074907136
1272561459357245440
1272930499925815297
1268646888565362689
1267898182144528389
1268801483245588480
1269003606839234560
1268630607510351874
1268626021630324739
1267980965579821056
1268887507636310020
1268823171018493953
1268707803893555203
1268683709110239234
1268770665299087360
1270647793737138176
1268958178458337281
1270450323417632769
1268026251144503302
1272874089645060097
1268637081083039752
1272522192639623168
1268573605018980353
1268570206605127680
1268844446092791811
1267929519450722305
1275167929160663040
1268583729490022400
1272492979090046977
1268167502934290432
1272239636035887106
1268918890324652032
1268632824120315914
1268685486866010112
1272528658859769857
1268854969626697728
1268639623217123328
1268662348186820609
1273308702402056192
1268566105200738304
1274280591609954304
1272769744517677061
1268817485240950789
1269168121841139713
1268614098633109505
1268588091574452224
1269067282925453319
1268799173375201284
1268634091387265024
1268972876109144066
1268898183037497346
1272574679467921408
1268596587091066881
1268811009587896321
1268664293685366784
1268676954942824455
1268646349043650565
1268635405559234562
1269321953913049094
1275188720400990211
1267953201715822592
1267313195921936385
1268634319423262720
1268608243519102976
1268070691561246720
1267809600721391617
1270785394427285504
1272539133622263809
1269034238025912321
1268838533483171842
1274258588341428225
1268972004276871173
1268651440903520256
1268650393413787650
1272595533853536256
1270366519659311104
1272273872205864961
1272511659484033026
1268871380226973696
1268846960351608833
1268646975534247936
1267933961692557314
1268318932835823616
1268813591853043712
1268540449532317699
1268676513647538177
1268604174595510272
1267833872672268289
1272847044848373760
1268907263928008705
1269146630097457153
1272514808672333824
1277214440660893697
1268808820748423170
1268642058295746562
1268601507584397313
1272494327818792960
1267888858823380995
1267848621518700553
1268641466760531968
1268642344770908160
1268857630702911489
1268667333003919360
1272529112519802880
1272498278769270785
1268637902445182976
1268835244507115520
1268646399467495425
1268624458824077312
1268567781961871360
1275088784569315328
1269034703203467265
1272494045189767168
1273225242463387653
1268651391444234244
1268679496179351559
1268774890917724162
1268642659565998080
1268619288883032064
1268824792020508675
1268594506259202048
1272580530647846919
1272565728194019328
1268727619341766656
1268644346422853638
1268828618660229124
1268932274059464721
1269009573005926404
1268599082899079168
1267931127903371264
1268596184693772289
1268838167286812675
1267917882295554056
1268637561288867842
1268649311929282560
1272074155651891200
1272299345690398724
1268629567415214080
1272518001754083330
1272499761774505985
1268797588536471553
1268788784688181253
1268685829825867776
1268633558022840320
1270980029334290432
1270072162913787905
1268784735582588928
1268667827784949762
1268786412901543937
1270022646206533642
1274830754418130945
1268808419806457857
1268738276229287936
1268815534075887616
1268627704200527873
1272525641196490753
1272569493802360832
1268835939398422528
1272647460641476609
1268944964215623681
1268867350822076416
1268849959039877125
1272446130815549440
1267986090071293955
1269682080545492999
1268723005670199296
1268660631877693442
1268711233152258049
1268011503107612672
1273307961511854080
1272648964836294656
1272300736290926594
1271045816820682752
1268722731933188096
1268559839506182144
1268661123605311489
1272214176459563011
1267975058867322880
1268639970706837504
1272571727567093760
1268697513894305793
1274031337725399047
1268549606373294081
1269208286030692352
1272539503538962434
1274330884070612999
1268593936072916995
1272508925628362755
1268953599972986880
1267906231785730050
1269198153061892098
1268743602966069248
1273440204859355137
1273339991125561352
1268924554472194048
1268671659248168960
1268659113078198272
1268645418721820673
1268573464132227075
1272882576638738432
1276568513214373889
1268115207173410816
1268484531104989185
1268641019043733504
1268666033092677633
1269190979409645569
1268659107847954432
1267919300821647362
1267902901298462720
1272263459493810177
1272525411084361735
1268596779567718401
1268971232755662852
1268643405988577280
1276447577593065472
1268665603105193984
1268825134787371008
1268612115142545410
1268640458118496257
1270105429465538567
1268889241880330240
1268649433765421061
1271359154775625729
1268804105532837890
1267903083683684352
1272285013556580352
1267912400579289090
1268639571904024580
1267937358005092352
1272602317020442629
1268780147383173120
1269999549659185152
1272526806843895808
1269201980624449537
1272879686981423105
1268643858499489797
1274030144173289474
1268827870014603267
1268785246012653568
1268647731846881281
1268775465365450757
1267957732302360576
1267898215468335105
1268798319825911810
1277612996173467649
1269242038870048768
1272247177990021120
1268835198264901632
1268834730776186880
1267990105333149696
1268615127609167872
1268756847412097026
1272175233097703426
1268672588471033856
1268776499215314946
1268651613989863430
1268769523995496448
1267975554587820035
1268854594412728320
1268771478096564226
1268905322514722816
1268808421660393473
1268794800897241088
1268644849856675843
1268613569110630402
1268680182363193356
1267894492365033472
1267891214818390016
1268839480133378048
1269200140906135552
1269142831362424833
1268589862548054021
1268630202185404416
1269134878836228096
1268845571735015424
1268786533022253058
1268795627040841728
1268660952762892289
1268881095342374913
1272539544404004865
1271661602425749507
1268803119187742722
1268915560395550722
1268715827311894535
1272249142262276106
1268623019074662400
1270658143597584385
1274996087040901120
1268825023151816705
1269359140150919170
1268545453571833859
1267837905575325696
1271933535549558790
1268644786187182090
1268850632921923588
1268816924776988675
1268579333444165638
1268858310217924609
1268646321512218624
1269168425492008960
1268799368175419392
1268805070239469568
1268083766569902080
1268687974398656512
1273184938268000256
1270132125522702336
1268830430784098306
1268625779572854786
1268993006050455555
1268642041292115986
1269004743688556544
1273349287863336960
1267360169878532096
1272779489425178624
1268852042380034049
1268567796541280256
1268758058869624832
1268841198527098880
1267940686076264455
1268641232772874247
1268640396491608066
1268620068834832384
1270139057092415490
1268737845465960449
1275005692852817923
1268675097872736261
1274830436548706306
1268901599113547776
1268901146992824322
1278024994484879363
1268574193806966784
1268080774999412740
1268676039951163397
1272682842019987458
1272559228201373697
1268244975164231688
1268661081200824320
1268820323845263361
1267831061246959624
1268599728704552960
1268632106378432513
1268620605688971266
1272631311811952640
1269287834948636674
1268621925724508166
1268582618246889476
1268546743001665536
1269018544462802945
1268672414780702725
1272481781623730176
1268875164940414976
1268657676529160192
1268977044345573376
1268643955543019522
1268638061832867841
1267829002724466693
1268684819380264961
1268791859112968193
1268598096432431104
1268822780872712192
1269201387751198720
1268653848509513730
1276638338171252736
1268787810879840257
1268829895825788928
1268657221665161216
1268641765315284995
1268614364916924416
1272276943711469573
1268634905052880897
1274997960909225984
1268649747163811843
1268621252719046656
1268634612181467137
1267891383068696576
1268628687068545024
1267831828985110528
1268673108690468866
1272602150380675072
1268636566982930433
1268603643772784640
1268685690096754692
1272602506313576451
1268675028209541121
1268794118941159427
1268623410424352774
1268655121988235265
1270139151594160128
1269870779178631168
1268794367155855360
1268779873016971264
1268666640054587394
1268392588563886088
1269162991817240576
1273387228216115203
1268589585417875458
1268669854812442624
1268583805180354565
1269613968152289280
1268587720097574914
1275683533017821186
1272550996963733506
1272799077680414721
1269026168994500609
1268161155207442436
1269034257986568194
1272532864819703809
1268591078225129472
1268654834422603781
1277230203375411202
1273242154018766849
1272271132821987329
1269217692558544896
1268639479499231235
1267917418946576384
1272676191196139523
1268864840694726656
1268576268901060608
1268659942501777413
1268635800952078341
1268821853021356032
1268560795023167488
1268694111290351616
1268679822701723650
1272542505368723458
1269749137077145601
1268680066755694592
1268672095568920576
1275969605500952576
1267961541841870849
1268576478511407104
1268637604775428097
1267963960550178817
1268053196045299714
1268946516808433665
1267914078741303299
1268762937138851841
1268824086903500801
1268639234958610432
1268836733346553856
1268894626221522944
1268855318961938432
1268807507645956096
1269006375948111872
1268747507640799233
1269159823146455040
1272058520997855237
1269990631516102662
1269113925527896064
1268656837362155522
1268644159969275904
1268622601611608065
1268695595889426433
1268647436362436611
1268610101251682304
1268478114012770304
1268850692384571393
1272811570255536128
1268616217939468288
1272496770883469313
1272494651526823936
1268805195540107265
1272487037006995456
1272626000191504390
1272546523105107968
1268849911262560259
1268757929114689537
1268832754042572800
1268846764888653824
1270267467122839552
1268661778088689668
1272363398504812546
1268803193196216320
1267407749983461376
1268634148132065280
1269231261844942859
1268653182307250179
1273377542200852480
1272802570638176264
1272949644931235842
1272472911929114624
1268659061895110656
1273368448593248256
1267900667496148992
1269919380927807489
1268773240572346369
1268649718034432002
1268841734907273216
1268830167608197120
1272508660363689984
1269190579172368386
1272892404681584641
1272170055493718016
1268607850512707589
1268696782051184641
1267833224996229121
1268785905365659648
1269211802178592774
1268866172499439616
1267890012558962689
1269207617693536258
1267895254432317441
1267829719237451777
1272497459848151043
1268592047134576643
1268072635272966144
1268662262723743744
1267862361500721153
1272605547607531526
1268673832354754561
1275940798446608384
1269368004959244290
1268704953838776322
1268663615147687938
1268642531211915264
1268642341809803265
1268656081707941897
1268637484424073222
1268637223596982273
1275027691071328256
1272516340142792707
1268650236676911104
1273331079068475393
1272796303068725249
1268901632810586112
1268640723005591565
1267830083886014467
1268906400358510592
1268669899586654214
1268783253332393984
1267935900329299968
1274837147418112000
1268640314522324992
1268645349062778885
1267834874033057795
1270656837466144770
1268757582530990080
1268585872858980353
1268766742769262592
1268851984888737792
1268572935813509120
1272795738372743168
1267833300816723968
1268924984895905796
1268863281751642112
1268722573950488579
1268870164923256835
1268651242382938112
1268807037137412097
1268688501131956225
1268660077071925249
1268641080859406337
1277962609875054592
1270672479888031744
1268944583859277826
1268600906955841543
1268792486811570177
1268694854974025728
1268893544485355527
1276615130265137152
1268618467252396032
1274704842548797440
1268981457160200192
1273399563886395392
1267554029212774401
1274835452818788352
1268970106895454209
1268670831669977090
1269196962609364992
1268931027747078144
1268598920676028417
1268659234864054273
1272974592777359362
1268626273586249728
1268843738790604800
1276810825932644352
1268643736734531585
1268785946633416704
1273318119520509959
1268299653302403076
1268688667150888963
1268040975290642434
1269919372824412161
1268770261110833154
1268661231243669506
1268642456905580544
1268635526590017541
1267918006757330945
1272898648146411524
1268647201586249728
1268591219808092160
1268164272095481856
1267991505320509440
1268631260345352193
1275803679661215744
1272874498409353216
1268675098753540096
1268595196301676544
1267912753353760773
1268583202744139776
1268676477853319168
1267894313549086720
1269589557982494729
1268671671248080896
1274041850836500482
1277573840932134915
1272884369930227713
1268640679284137984
1268675856123211779
1268620232861442053
1268596438633787395
1275058826954387457
1272245006217154564
1270977508624805889
1268649432867835905
1269657793671376896
1268587328240529409
1267925911078346753
1272937354882416649
1268899043071201280
1273206938151649280
1268841810807439360
1268556007053066240
1268568963144966147
1277999837515067392
1270112944802725888
1272453877657415686
1268686401077379072
1269194990657449984
1272473231388270593
1272536831251415040
1269184341705461761
1268878278753955853
1277700409256300549
1268685812188745735
1268605799452065798
1273434390521995264
1272870762555346944
1268689395021996033
1270394218624823299
1273982464260800515
1268635947840802816
1268112462936780800
1267894435838406659
1277932476170752000
1268101269027201026
1268671532211023879
1268669084847259649
1268884145998004224
1268055071528488960
1268606006411563010
1268783266645061633
1272551026898370563
1269053385833095170
1267832673223008256
1268658192936026113
1277909993753370625
1268593786541785094
1272138827008749568
1268636379325632514
1272970604594020354
1268776775523409920
1268642200335855616
1275060115616522240
1267917528912838656
1267856291264954370
1267897304452825088
1268695333028192256
1268556559753379841
1268905632792481795
1272555419404296194
1268660569374175242
1272531649490812931
1268668207201767424
1268767387618357249
1275892746503389184
1268622252867817475
1273314134264856578
1268704874901929984
1276648419419979783
1268904433624256514
1275828692275671041
1268930920733650945
1268826201751269377
1268644177069461507
1268971879240474626
1268591817282510848
1272274827911577600
1268848617638461440
1268662724365606912
1269924508959297536
1269715907019972608
1268682473518628871
1268864327223836673
1268648126866472961
1269627776920948737
1268630317532880896
1272987266814816259
1268668404015214593
1268640496060112896
1268804065435230210
1268612762638315525
1268908993902194688
1268831677696167938
1268551342915715075
1268774184576049152
1268823718932946944
1268652963536474112
1268576814923943937
1268544499917209608
1269268019022385155
1268634454173646854
1267923188727644161
1267891918098305025
1272832353170309120
1268800571940667394
1268942537500372993
1272557518443732993
1268099586285080577
1268700717272961024
1267832494298193920
1268126139232522242
1273370399879892992
1268671597524725761
1267897140090671115
1268647942673649667
1268089982134214661
1268637989489565696
1268577194994995200
1269152670776012806
1272437612901523456
1268113380495241216
1267923195425886214
1267915651844366340
1268773302430023683
1268911863267557377
1268647245106360321
1268602203671068673
1272446126054993921
1268991393860632576
1269142414473789440
1267892954309496834
1268864014106460161
1268668184799916032
1267888723028594688
1268604497510707201
1276190766256316416
1269067291200819201
1272314057605951488
1269016459281403904
1268612033517367297
1273982147238518784
1272260342211645447
1272532310487896069
1267917912054083584
1268114003307515907
1268659751275106304
1268648952158511105
1273077549044764673
1272349238463213569
1267850387496865792
1268868725140344833
1275404564250988545
1275531631839846400
1268212559078928387
1268658113361690630
1268807711187230721
1270278717873500160
1268607833173569538
1268600411528867844
1268659153914003464
1269217398177107968
1268680948251611138
1268661918954291202
1268671089602891778
1268672993934430208
1268656604788019205
1271884041336360968
1268815124229488641
1268658443931484162
1270978882347380738
1267459528972546061
1272572931118452739
1268789061180952576
1268699702276624386
1272527899275538439
1274064527173267457
1272498330824773632
1268169652502487040
1267936672303497217
1270000473957949442
1269236449339154433
1268811986080600064
1268736785032544263
1268661383224266753
1267914695815593990
1268574627355385856
1267550214417719300
1272923535053373440
1272453481538912257
1276597720648683521
1268625822790934534
1268822640581640197
1268646766041235457
1268669883790888960
1268672513225175040
1268576214526185472
1273232277020069891
1268572681361936387
1267808575314964480
1268064174770356224
1268825849425530883
1268666229482565632
1268562472434311176
1274332114692046851
1268633125497851907
1268800813826297856
1268591248090243072
1268636896583995407
1272536618289827842
1268773042420887552
1267962558583050244
1268665819396964354
1268940299348447233
1272360746748346368
1270607115569242114
1268781230524375040
1268676853105078275
1273158039789539330
1267918394440986624
1268785899762077696
1268832176466001920
1272664822790971396
1268639849613086723
1275880804317421568
1272308234989207554
1270326207750471680
1268792653094834176
1268650420118962181
1269194422576730113
1272487552453410816
1267890961654452224
1270837256144801796
1268441997842448390
1277500130476900352
1272498513298030593
1268043761914908672
1268578081830207494
1267974425586151424
1272497200933875712
1272795622970515457
1272570950479994887
1273225364630835203
1268813269915127813
1268594821003960322
1268640708795211776
1272624939523325954
1272305971105353729
1268636072025735168
1267924754993942531
1268639606385319937
1268116095950520322
1268838281309048832
1268058847652036609
1268058535952297984
1268647387804962818
1268810723716710400
1269127261803995136
1268066451740639232
1268674271062241282
1268664662293385217
1267249222442782723
1275853015073918985
1268607000138694656
1272655218661036035
1268621980875599875
1268588385356169216
1268663638769967104
1268662517095714819
1269146466498621440
1272526672852660224
1270826771429105669
1270731175334641669
1268575351636197377
1272974882905755659
1267932940517998593
1272529174880825345
1268593861359697921
1272603007801348097
1268794763483938816
1272506427999911936
1273321214929494018
1274829696409223168
1268653298812420096
1268914911062654976
1268604413129572353
1272483471039094785
1268084547683581952
1268724699753787393
1274308866071814145
1269176634164285441
1269227862952947712
1268870995689029636
1268806539105701888
1273308477901824003
1272417668088377349
1272306526171078657
1274288998987505666
1268663677017903115
1268600399558250497
1268658419537457152
1268651683032301569
1268849094979698688
1268682158236893184
1268653736181800960
1272600464647950339
1272227893536489473
1268587177241448449
1268798874778566656
1268641945145966592
1268585337460338689
1267888964804976640
1267833105861218304
1268794245453942784
1268882219642376194
1267913171878195206
1275465972019793921
1268671112130580480
1272458962324029440
1268676621822812162
1269373183968317440
1268829127290822656
1272433660927586304
1272484746463977473
1268637438840320001
1268840507721072642
1269185327102660609
1272546523423932417
1268467657336111105
1268940395930664966
1268821286794473473
1268655873993388032
1268637605530349568
1269042647102095361
1268789068621635592
1272881284591861761
1274832148697092097
1272623594015797252
1272526853845258241
1268794397296033797
1268683577471971329
1268617092569247745
1268884724401012737
1272491302555435009
1268618740163211265
1268571636342697984
1268947487500505088
1267262590381678592
1273428231899746304
1268597128198328320
1268683778958020609
1272550203258597382
1268624500054265856
1267846381483499521
1268785760636821504
1268626343182446592
1268657922428583936
1269201491274936320
1272663391027572738
1268226967507263488
1268816742723334144
1268629441971925004
1268807583122456579
1268294329203818497
1267994336983162882
1267928588453642241
1268628042282401802
1268825618721968128
1267904491912904707
1268644101311942663
1268598448376500230
1270088459517116418
1268743129756307456
1269193055275491330
1267487945893851136
1274136542555049984
1269017770395566082
1275014704629518337
1268103825614831616
1268872122929209345
1268658544926220288
1268688340796219392
1267828873330176003
1268818458936033281
1273324440177332224
1268769961637543938
1268673396453380097
1275809928821780484
1275565272045412353
1274712124619730946
1269057922342019072
1277390741136904195
1267832203762962432
1268643898991271937
1268574921443160064
1275403911898320902
1268639479755165696
1268668235534209031
1275042918361939970
1268773117389934593
1272302697107030018
1272299102445998082
1268598772650708999
1268050532947591168
1268881639360409605
1268895878082945024
1268861713706876935
1268612567238402049
1267938239249133568
1268542937421529088
1268820629630959616
1268794415528636421
1268783686419447808
1268691236296286208
1268882942459293697
1273312266281246722
1268559976286564353
1268621808409939970
1268628057964896257
1272492742762024960
1268680236851486720
1272495330630737920
1268638780149432320
1272268909526372352
1268810170794233858
1276583568286851074
1269685403193393152
1272408013509443584
1268817416861220865
1272335153872994306
1268304972422184960
1268814753553670149
1267976588563529734
1268887859110580230
1268771475101814784
1268668409232928774
1267933607806500864
1267920042269777927
1267914858797858817
1271090362141085697
1269209777873326080
1267966180855349248
1268596360544235520
1268890857811427331
1268642904043552770
1268646464105963520
1268867826611302400
1268710133460320257
1268631503325614081
1268780510567903235
1268857405909225472
1268992481552740352
1268812585610215424
1268802899066458113
1268247765202751490
1268092776643735552
1269176448188850176
1272978092387176448
1268838165302870016
1267896820786696195
1267920723680600064
1268793293464272898
1268613053962244096
1268618948364234753
1268643592425406466
1277263511496863745
1268638075518943235
1273320455315902469
1268090104712658950
1268818146502348800
1272499892196380680
1271317372398231554
1267929073923260421
1267923103214178306
1268984516049358850
1269161655000272896
1269181000187367425
1268643746582839296
1268097755676803072
1267900055631118336
1269094764219154432
1268788708339331073
1268670393663053826
1273226786810232834
1268095303057637377
1268798353598545920
1268686988493946885
1273361480625332226
1268812739700539393
1268688394487463938
1268678454251225088
1268830131239424000
1269399673921568768
1268908055183360013
1272498949757296641
1272503350181998592
1272471188246167553
1268829916977651712
1276537934611611650
1270872234261909505
1268665059540164610
1268156665431568385
1272488635221389312
1268578399922110467
1268108802802450432
1267923229546610689
1268803531047346176
1268686333347803143
1268652256653643779
1268641068628824072
1268623205696024576
1277996572962426880
1268654945915592705
1272513170133966848
1272255145158610946
1268635127850074118
1268913560714989569
1268597132933685248
1272576174770790400
1268820519580811266
1272881537290289154
1267895095606546435
1267891795104616450
1268747614100619265
1269713987563851776
1273313449548886019
1270280761975939073
1267934218115522562
1272413173925240835
1268606628171046918
1269787395395854342
1268792238961721348
1272497635866353665
1268620037612421125
1273328130573377537
1268653217195442176
1267901151485267975
1267891151652245504
1269025542134812678
1267845597614219270
1268825330724343813
1268569341508927490
1268889684404469760
1268644540879175681
1268656397555728388
1272530771329327106
1272930589205770247
1268592488282910720
1268642283064381463
1268776703494623234
1268601247227088898
1275404023634563073
1273047336780996608
1268793710868905987
1272169704338178054
1268588428054147072
1268653713834610697
1268581565954654209
1268685243495612422
1268894228001763328
1272237054714413058
1268066024978554880
1268793420371329025
1268670600891031553
1268655545965215747
1268625603542093824
1268793399001395202
1268634103391358979
1267958124339658752
1268697246280953856
1268637352697700352
1276089408094187523
1267839067296878592
1268925604969287682
1276623018781966341
1268627849633828865
1267971874400673799
1272256629615009797
1272240061837344773
1268567660289236992
1268112291544924161
1268567387844104203
1268611549314179075
1275337379360968711
1268662131395887104
1272965722453540864
1268595936672067592
1268600863372783617
1268567311889453058
1272486124448092160
1268877252579799044
1268760545194377216
1268554663395307523
1267929884892028928
1269098844366700545
1269223654371590147
1268666360088969218
1272871998616752128
1269992575504723968
1268841093333991426
1267931332010795016
1268599453197484032
1268041639601287169
1267454785449492480
1272486908933931008
1268953942723100673
1268631085061111812
1269172727312781312
1268810813877477376
1272472043435458562
1268703401044475904
1272423346999832579
1268644084446625794
1268801669661368320
1269250730692657154
1272880479843254279
1268881875306758144
1272564260233777154
1268013109777780739
1268868674347315201
1272450156978290688
1272502585983995904
1268583780643753984
1268679586193293312
1272622119487246336
1268849750280994816
1268667512490725376
1272438307096592384
1268781994021998593
1268906572090085376
1268638271380377614
1268140693207289858
1272493575024984064
1268636364649779200
1272650035315052550
1272520169806606338
1268779903769550854
1272252653905555456
1272575189390430209
1273121744895848450
1274829497418858496
1274833056747184128
1272588041673158662
1268806974101172226
1268647469958733824
1268651817308749826
1268636239206416389
1268804795978199040
1268628791217344512
1270137016408293376
1272812300345409537
1268782575725752322
1268647711085076481
1272524872028209157
1267897565271298049
1272164734800928771
1268635571926249479
1268857395691884544
1269406906919026689
1267992291295330304
1272493708106235906
1268775535515140096
1268885326963015681
1268807770733764609
1268683050013122561
1267895710579675136
1267930694879195138
1275939193726869505
1268798754951442432
1269987285841457154
1268128610025644034
1268090308329377793
1268668959089360897
1268698611686268934
1267918071295082497
1268743378734395392
1268683942355492870
1268673090101424132
1268656893687484422
1267917057028390913
1268816599861125120
1268729401858043906
1268571308146769921
1267868668135976960
1268574922076495872
1268956278870679560
1268611383983091714
1272511599320989696
1267828962807279621
1268864381867241476
1268723917302177792
1268849450568552449
1272497659924885505
1268788952531697665
1272500640523202560
1269176618054037504
1268654177514917891
1273356566536880128
1272265134656958466
1272530921871282176
1268985914996465665
1268656565428641794
1270152686890090496
1270610282377883649
1268643678693797888
1268070063552241665
1272258063978938375
1268793687556919296
1268775447900360705
1269824485307416577
1267808366774022147
1268594786354827272
1268863551306903552
1268672018402234368
1267931918525509632
1268672372590198785
1277996532189536256
1268812695635197952
1268793751553691648
1268673193826553857
1268669665498333184
1268611320175308801
1268618005732188170
1268624010037932032
1269342782138781699
1268716768412958720
1268783014785531904
1272491095293902851
1268653947608334345
1269525248598257664
1268702014361481220
1268637201572728832
1275778849180090376
1268635021843353601
1268665950708084736
1272797503440801792
1268015793914208256
1268569428960129025
1272238826975567872
1268643629276581888
1268689588261920781
1268641013180006407
1269301628718526470
1268079098351562754
1268913881939939328
1272977357800984578
1272813519432495104
1269163998961963008
1267889392586293249
1272815208709447680
1268897680803213313
1268869936824438784
1268645521201209349
1268589918462320640
1268768314559512576
1273356760938622976
1268003228295274498
1272245684926889984
1268641451304464385
1268900757211951104
1268801433895387138
1268666446910980097
1271326497253453824
1268659285858439169
1268832176394719235
1268601621317136387
1268576291780833280
1268567159317422081
1268799777753501696
1269147300556943360
1267899072926679040
1268045362750783495
1269247292990795777
1267913504020926466
1268859468894343181
1268848302201737216
1268633464598859776
1268611424865136642
1268072645733552129
1272469278227419136
1268800730871345152
1268872946279428098
1268801590032502786
1267900188028538885
1270462558152142866
1276721084948242432
1269168826983292934
1268645393815887872
1268612129797533696
1275818392415543300
1268675150070898689
1268642814012862464
1268796715718660097
1272985399086985223
1268661613977931777
1268750976346927105
1268666022032220160
1268667563720015872
1268641874107158541
1268842310973960192
1268810315451555840
1268880169122529281
1268070820016009217
1268888643814465536
1268800905954185216
1267959631516700672
1269035829034397696
1268774843039744001
1268633514133671938
1268702219756613637
1268652448027213827
1267941692746993664
1272504898291224577
1268776418311274497
1273321113070731266
1267912649041461256
1268680703832723456
1268821727305510913
1275133303398502400
1268343789682335745
1268717835590569984
1272954572923981826
1268642779107909634
1268544097796620289
1268092917173886977
1267830357904117768
1268646832344838149
1272472874306146304
1272916139362988033
1269229993613299712
1272491222716878851
1268779003994832896
1269176996149501954
1268666460542504961
1268642008635191299
1268610893115318274
1268606187320365060
1268595752177106945
1275939297015861249
1269189262165016576
1273227357441142784
1272344038805561346
1267945496921944064
1268571972008660992
1268641505654329370
1272483997659082752
1268110597046091776
1268778569678848000
1272477080622714887
1267932891151060992
1268797636364193793
1268665023641071616
1268698711410032641
1268657875498434562
1268596185457180672
1268600680408846341
1270131716741619713
1267829413560774663
1276532508226715648
1270244832540327937
1272472804743696387
1268611452362989568
1267459395757182984
1267921814791036928
1268919812744515585
1267915303465484288
1267834352685252610
1272451205495734272
1268625266307469312
1268608670750912513
1268676683357454338
1268655316918505478
1268650292813484032
1268642218459516952
1276983802812866565
1268630045016444934
1272673110706307077
1268786518178529280
1270401455904690182
1276217248353447936
1268862285902155776
1269166103512653825
1268698371419713536
1267912706306211840
1268299179094413312
1268600060218150914
1273168261430075392
1268639864871944194
1268131283588329473
1268668319588122624
1268636315026948097
1268078592954634241
1273331590438039553
1269744208941928449
1268663145658277890
1268618141216604160
1268561960314064898
1268973829667409920
1268070947212480517
1272527760532144133
1268843099582857216
1272535075800977410
1267896224981626883
1270832753462960135
1268687756223537152
1268634400595628041
1268652302300299266
1268646946371178498
1276688452063543297
1268681845455142912
1267886733221339138
1267895703516385280
1272132863035654144
1269109490600869888
1268609354355421185
1270777686689034242
1267912544414507009
1272924266216988672
1268850322769948674
1270317045066891266
1268601774207893505
1272149900395008005
1267480937333501952
1268702906842218501
1270085227034132483
1272440973881151489
1268606080508211201
1268555500708335621
1268593235544473601
1267900563351646210
1268958953595158529
1270833527328845824
1273109386211270660
1268502045574733824
1269090619764457474
1268667044834283520
1268584361278025730
1267889479123120134
1269172538845904896
1268712530433761280
1268585036560969728
1268812894713585664
1268657913997987840
1268673092836110338
1268824961772326912
1272529434084610051
1268724684754993153
1268817935369416704
1268678608127692803
1272236597677821952
1267907271813664770
1268777251828576256
1268618932862087169
1268608564748222465
1268633098918469632
1269208376602476544
1268841480350818304
1268708924708007937
1272641078269579264
1268657178820456448
1267906725673414656
1268807359176081409
1268577967481008135
1276554807583653888
1273677402237997058
1268614374744133632
1268591331858960384
1272301550241812481
1267831390302863360
1268598162622726147
1272262326251663360
1270112970513821697
1268679557940420610
1267925883760844801
1272216954682703873
1267925046842077190
1268267903561928704
1267909718439231488
1273318438501519362
1268583365235675139
1268568362738683904
1273323913238495234
1274945817942638592
1268100811051151362
1268088811629826049
1267833347251802113
1267754961905037312
1268792357299904513
1267534952150765573
1272529251204583427
1268791596457365504
1268066963898732544
1267953716310802438
1275836967402512384
1268111261105098752
1268660305124564993
1272458807726268417
1268568865937805317
1268580434750955528
1267830197014806532
1268776846625308678
1268062822279327744
1268813330279432193
1268815560743235586
1268597714784305161
1268563293343567872
1268835324425371648
1268767353287987205
1268883814379671552
1268641807912464384
1269203514905018376
1272509502319988736
1268615197222043650
1268777039785594881
1267939112281137153
1268650742132465670
1268586056867368962
1272245332974415873
1272568825934905344
1268650380323368963
1268924943099625473
1267888831493218304
1269009662894133251
1268965100335108099
1269315568491991046
1268662398396829702
1269178405037248513
1272255088527097856
1273981488942514176
1269175314091069446
1268596215903633408
1268767275131207681
1268677390026358785
1270987311749181441
1269093792579293185
1269038947939860480
1268793627192557568
1268641980827009025
1269009558355300352
1272173941579284480
1268040651171680256
1268684747204702221
1268060795033829376
1268800550021353472
1268599647179702273
1268680162935267329
1272555598748540934
1268767601028665346
1268640761945509898
1272587080439390208
1268644572873273344
1272980125844471811
1272591662666190851
1268748062534533121
1268655000877662216
1268999615354986503
1268649951309037570
1268449716775399425
1268652576591011840
1268582407873142786
1268643602344873985
1268826433796915200
1272301467140075522
1273332004952641537
1268678851560955904
1273213526073651200
1268608086488477696
1268882883332243457
1272237891469676544
1267831940675186688
1268591103730683907
1272241497501577216
1268639156982484994
1272492794024792065
1268923409792196610
1273311944389332992
