1534153509452537860
1542196458346217472
1542092254914961408
1532491296845312000
1539477000091578369
1535128540470984704
1542208050001592320
1541934431077793793
1532677503734652931
1532422866435645440
1540934781466181636
1536413111711850499
1540960427047358466
1538770851604185088
1536094317693083649
1534605877709242368
1533925216447041539
1532656917465776128
1532754854359322624
1532631803747500032
1533514917021720577
1541803374718377986
1538174684868526080
1533921949134508036
1533936733259194369
1532819257691619332
1534228089106055170
1541206409752240130
1535853247633707008
1533025295585918979
1536067705899569152
1533061633114767366
1534925058224836608
1540669120093466626
1532449634693660695
1539650889190760448
1537858248665178118
1534047190494027776
1532682674053255168
1536024107309047809
1534057823046344704
1532810926746902530
1533897352062312451
1533189502222606338
1540359105612750849
1538116395640229889
1532987941559144450
1535340248120672258
1541392914651168770
1539575722523693060
1536417673994723328
1534501352633663488
1541057669733179398
1539880234140434432
1533526791549329409
1535326185273573378
1533388229008842752
1541185846518468614
1531919275639943168
1540447590680068097
1535882930299580417
1531832879604457473
1532650712919842816
1535303350048243712
1532046556433723393
1532039246625792001
1538600490270961664
1532613327918092289
1540976062091386881
1533978146432770048
1536386145831030785
1535998877765185539
1535942376635740160
1532356034399985666
1531956876728061952
1536498438317146114
1538602535321325569
1538540325551194114
1533977611180953601
1539669441184763906
1538111994150236160
1540488370798723073
1532734688892157952
1533939742185820163
1536239787245436928
1533924734127288320
1536136515369193472
1537100696692133889
1541715344988962816
1536938840488804357
1534137272051937280
1533089866715643904
1532243990480920582
1533427223360937984
1540814686446305286
1541839257765138433
1533188928878043136
1539944322992324608
1541208247692034049
1535573164973076485
1532759496845627394
1533918705771479045
1533869154658312194
1533482490987438081
1534384066564435968
1542450395703812098
1539422405587869696
1541200829947977729
1534159018565959683
1533923734049914881
1541880823212802048
1532705010726932480
1534067579114889217
1538419861692502016
1533831617508155392
1533910318736367617
1535213146721361921
1533917300784496646
1540785750064734208
1532036505321017352
1533325173016895491
1542173881313681409
1541483415064674309
1532084105411796992
1534095567621607426
1533191262395932678
1533187632993390593
1532760511175184384
1531989633613107204
1541398617361104898
1541361647503245313
1532646628770947072
1538636501034090496
1534423992752381954
1532802067957530626
1541390738956734466
1532259296997691392
1542125747321671681
1542043400848949248
1533930981199077383
1533953479030579207
1532244951471427586
1533929156274229248
1533885310857256961
1532631786831978496
1534325626089484288
1531953642206527500
1531862487557099521
1532822607229222913
1532954752857800705
1537061297682108419
1534141019889057794
1534147115504570368
1536026704027828226
1532722139673071618
1538139357957193728
1537719022917238785
1533857527644971009
1532767728116826113
1532745842536419333
1533231080370757632
1535299912581120002
1532386696775467008
1539682585546313728
1535052141332660225
1536061533859598339
1541102611000168448
1532084056434917376
1532615680373276672
1541590291982991362
1534171910543757314
1536807259203944454
1534228391594975233
1533527517545603075
1532357475562934273
1534042345771094017
1535546002349989889
1540258848270868480
1533235370648817666
1535315103691718658
1542187302516129792
1538999153962926082
1535505754626596864
1536830167645052928
1536112197058940933
1535405273690607617
1534273478001664000
1533915683238576129
1532646261072986116
1538443037956784129
1536666704041979905
1534151234403373057
1540905277494550529
1533055257642680320
1531907386830643201
1541853387121201153
1536071619461976064
1534444951836270592
1536613742447828993
1533393988350361601
1532622204567003137
1533920901875613702
1539309927000252416
1542063821254180865
1534999782200074247
1535781296110198785
1533248748058443776
1536793980075184131
1535372409922002946
1532693413342154753
1532727686266691584
1532465710932414464
1538172174812516361
1533917762891960323
1536377385456570373
1536100264192749568
1541815768626728961
1536805774386778112
1539938500665040898
1540355645513277441
1533916056221532160
1536062047397494785
1533625151522226178
1533920713744203776
1533394861302464513
1533907839181377537
1532482443424550912
1532660722697703424
1540700828700393473
1540334019329622016
1533517810646802432
1532608586366566401
1533706710682062848
1540759591880757251
1533443884176506880
1531902576509296640
1541475651319889921
1531827735164858368
1536022502874529793
1540832797492973568
1534107596826849280
1533115016630751232
1538467114809495552
1539314724898099201
1533548928079216640
1533000214294024193
1534067165258735618
1541815756240846850
1533241081059594241
1532964898325528576
1534030339470934017
1536364166390419458
1533828786936061953
1535491574989262848
1541499560274558976
1534976086739763213
1533400609528872961
1541125995675037697
1538208946917367812
1535268998597722114
1535511017140232193
1533507914001948672
1532395433619820546
1532630195911393280
1536030342410297345
1535009972022566932
1533371058513973248
1542078422951890944
1536453694065192963
1535246595532414977
1539488516748582913
1534016187306283011
1536648377710043137
1532648912762220544
1532106172794568704
1533915817024315394
1534460340393902080
1533390331592458244
1534610689750446084
1533414996750868480
1532463092986261504
1532449274562330631
1532071119301517312
1532669187923099651
1538564484452712448
1540048202635923459
1537096525951770625
1534604113912254467
1532000839488897026
1537134557614510080
1534087774218899456
1538562428597837828
1535539156872531968
1532836516267020289
1532057226609049602
1531885277567909888
1541886132216029184
1538070586232020992
1532757032016789505
1534080781953400832
1532615960632360961
1534050053379305472
1533800608309944323
1533915708089946115
1542213637837832194
1532066308925272064
1541917159273758723
1535914285318213633
1532774045023870980
1538601036067352576
1536229348059004930
1532296224908378112
1542235124221239306
1532429070209896451
1542445639069466625
1541889310068187137
1531912360931237888
1533934518998122496
1535295171956559878
1533228633136955393
1531909095871197186
1533922123495968769
1533429708024598528
1533068816619646978
1538075676846309376
1532636836077752323
1542068969045204992
1531884912999297024
1532752222236381184
1533922837421076481
1534104061687083009
1537125419887079424
1534098309169786883
1531897751688167424
1539956809846374403
1533195755841896448
1534059230713503744
1536065788272050179
1539656171098742784
1532002219490521090
1538931666248515584
1536102432006094850
1534034927531999233
1533214126662684674
1539523754925105153
1535566339401818114
1533525711813763072
1533132892892811264
1534628357379444738
1533003713928994816
1532770650892427264
1541911023682293761
1531868011103232000
1533871155425189889
1532773310223761409
1538158651361337345
1535731488100057094
1535281580285083653
1533915848011833352
1534159570297409536
1533925021869133832
1532070743345086464
1533871707001430016
1532693891018792960
1532633800869654531
1532842854338404353
1535693272869478407
1536632066783182848
1533509114025889792
1533321897680723969
1537782616891465729
1531887718028001281
1532663880559775746
1532027600197062656
1540842475149049859
1535014374372433929
1532628698540777479
1540669965585584129
1533939564829720576
1533231510144286720
1542052558746918912
1534136753648549888
1536372635625328640
1534161068985135104
1533635261321687040
1533189254511304704
1534953908262551554
1534056898550538240
1535276806550573058
1539345824643268618
1532835611979173888
1532810358959792130
1532673926953844737
1533932690109603843
1533917869494439938
1532736740150108160
1531941543413788672
1535906463654223874
1532365952062464002
1533788648470155266
1533827128977924096
1532711457430945793
1542096209124511744
1533915749273706500
1532694423926095872
1534621277394284546
1538164257564545025
1534622112920510470
1532399939577339904
1536691795068960768
1538598898524200960
1532092170051674113
1535327260491886595
1539787792967942145
1533915578615926787
1533792385301364738
1540324786471149568
1539363967893753857
1536023873778376704
1533901064914800641
1540746844975665159
1534172614691889152
1534228371726651395
1535028830326476816
1534227532224073728
1539274753638289410
1532813267806068740
1535954986173186050
1533981772794429442
1534276389456715776
1540289921767952386
1533880300891164682
1541003608044486657
1542151420518010888
1541958494827552773
1535024045741178880
1536148629408428034
1533016910585122818
1535315812424241152
1532365591868080129
1532126836179755010
1533573299829080064
1535299476860149761
1534757128061210624
1533048327696265217
1541849267739959296
1533877141045137416
1533847118468853761
1532616813137338368
1533937962169380866
1532432384729174036
1542136036746317824
1540605065198800898
1533748163345014785
1531911541766881280
1541516553266630658
1536474756865826823
1533915523800518656
1532093697428447233
1533941417252425730
1535492126489944070
1533873893605253121
1532102898259316737
1535681613182509056
1538170040276729857
1533916299394416641
1541801430968942594
1541390132414119939
1535302573443493889
1541298369037049857
1536044870808350720
1540944251437158400
1533191631905738752
1541080739688714241
1541479963022573569
1533732993495453696
1540715204018933760
1535227179461746689
1534223677268557825
1541883996694630404
1533086096619454466
1537787652329680896
1541526046956216325
1533381968318107648
1539321165621108737
1534118944621182976
1533723306662236165
1535302060236849152
1535919127147302914
1540192288239980544
1533944888286380032
1541690940292734976
1535298713840664576
1537502014493581312
1532822480540377088
1533077656786415619
1541756247468392451
1532239739755155461
1532027885510397959
1533367341454589952
1532745425584807938
1535335705324535808
1533951157671960579
1534140084739612672
1534550551224107008
1531886942949867521
1541890119162073090
1536809266534809600
1532658689974407169
1536293677391388673
1541903632509050886
1532083840486977539
1534056040752238592
1539522622962417664
1538158757783429126
1533524849012113408
1540192719213133824
1541407440352182272
1539966777400197121
1533928801385717763
1532588656854286337
1533930044099280897
1536063226999455752
1533943064343068674
1533351977740034050
1537509113105637376
1541852650332979200
1535909604193869824
1532631085636538368
1531904438679519232
1533860264130510850
1531971641215000576
1535773377633189888
1534245653219618817
1532661815272001536
1531941812981612549
1542007377418928128
1532680011584512000
1539277102624788482
1539644880426762240
1532063155563601920
1541829569942003714
1538906550823182337
1531929507187277824
1533543607822651392
1532229382038757377
1533372687468351488
1532081316337950720
1533925460010315781
1541897950099644416
1532846226734989312
1532619189273477122
1538158844550991872
1541877121831895045
1536483129237594113
1541507480403984384
1536777221238579202
1533847382525370368
1533173890842865666
1532091368390242304
1542007373274939392
1532741826880450562
1534444590958354436
1540040092500254723
1535017952591990798
1533942153965084677
1539141695283027968
1540832645373755392
1535304442664390656
1533582256974995458
1532972920997302274
1531869705325228032
1542298285251215361
1537838830652469252
1532623329512800256
1534453213943971842
1532875596677713922
1541064574849486850
1532718911115993089
1532699453219647489
1534172068551458816
1532812878964826115
1535295061004623874
1533525602472427522
1532637748535910400
1532116428874211332
1536033276338503685
1542457778446516226
1532706146242396161
1532615072333299713
1534252264273203201
1535329057092554759
1534974409663971328
1535307027362226177
1532777427851780097
1541796695377330176
1539727896826322949
1536584167202336768
1540069645574709248
1534482340851896323
1532752029080248320
1541475757259739140
1538215667937292288
1541166668235284480
1536461825188978691
1532763000649687042
1533880248529522688
1536024684176855046
1541918786852458498
1533940483726229504
1538330125971898368
1533932263251099648
1532072412086697984
1540075759838134274
1533777062313459717
1532044932038463490
1541650087381803008
1533360791910481921
1533807365740445696
1541944219228688384
1533343486887530496
1541920684124807169
1535249156595490816
1532808241406787584
1541827849144918017
1538532899603075073
1534954068556361728
1541264233039536130
1534111365518004231
1532860675403530241
1532847757303726083
1531967581095137286
1534583996520316930
1533309002595061762
1532115599962390529
1538537728647774213
1532235352597045248
1534053191914074114
1533340449175441409
1538466931287724033
1535363740811632642
1534300510240514050
1534002467704389633
1541660976990355456
1541439692578734085
1540361371891679233
1532773800437227521
1533882345664696320
1532696724321488899
1532612048701509632
1532768126995152898
1534590474551726080
1536666763248779267
1541489125022486531
1531916856143106050
1540661894024945664
1537084067350446081
1535902601887219712
1535870876415053825
1535340677172809728
1535064139760283648
1533606033310027778
1531861069207162880
1539517861617704961
1534047073762516993
1532090770781573124
1533146472203571202
1541803422122446850
1534470895577747459
1532656693552848899
1540997645551804416
1533924160912740359
1538601421540675584
1533915532386353152
1532040454816112644
1539612526421368832
1538106624757334017
1540852746525589504
1541896093088243716
1536638404636692480
1532988174426902529
1534135419738234887
1532874282711252993
1539258999459262466
1532817000568868864
1534114854075760640
1532791103094767616
1533947180779810818
1532402402279804928
1534008419190984704
1534151195912282116
1535297067349946371
1532443500079464448
1542139280293855233
1541152638045229056
1535916419392618496
1532730582471430148
1535284224311320576
1533928179517333504
1533876154683334657
1533247129497415680
1535244958868938752
1533681079881711616
1534058883651600384
1536045909485793280
1532747523076546561
1535155586576302082
1531903413604306944
1542041095189794816
1532057950910828545
1540259058191663104
1536300497828708354
1536237445112643585
1535307365645418498
1533003698745524224
1532741996036734976
1534058233320689665
1533938796387086336
1532724413858209793
1536065856056197121
1531947469822623744
1532636760085250048
1535208844850339841
1531811883946213378
1532681375660244996
1534153750776012800
1532347716956725248
1533522712408346626
1532475845993979922
1536709870858149890
1536522700318859264
1532635935623589888
1532747536615759872
1541591762447351808
1534080447088676865
1538137437267951616
1533481693251874816
1533971837150969856
1533439572788527105
1534129351658287105
1532642761249259522
1533306218386755584
1533487001101602816
1541426031822774273
1532425473392791555
1537506954804969473
1536818741782388737
1539612062724329479
1540472898833481731
1532634238712958982
1532608483606011904
1532760567345205249
1538550517714108421
1537009717284847617
1536441330028658695
1532002387828826115
1533959929698172929
1534255444109180929
1533917370502234112
1533891537905586176
1535401158390554624
1532550634309681152
1533523570588098560
1534278199521206273
1536635962939297793
1538600541688930304
1539890994136719361
1533916676193910787
1535315899393134592
1538613449948909568
1532677594277195776
1536114850627309568
1538543522332254208
1532352707243147266
1532727696618291202
1541460570695688192
1534170570438463492
1533907126107705344
1537866887371030531
1532622789152280579
1542146248043646976
1536941299286278144
1536842039182118912
1535933211167051778
1534060962663251974
1533844898117459971
1535931932453789698
1540691360847499266
1533450036620689410
1536114637401382913
1532670641618444288
1533121863831920641
1541946646187081728
1535204272542982145
1536079951937605632
1533916621227671552
1532092243099648005
1541361915317952512
1534515605985959939
1533936287425650689
1532833753034366976
1532485940203110400
1540673830062100480
1533363158076776448
1532092751432540160
1531815890550931457
1532625355651047425
1535171919301025792
1535312005959131138
1532802708968710146
1532465472389668865
1533822493898727425
1542441838950449154
1532392568192999424
1533004309721399297
1534148095470190592
1540652964737687552
1539650857549328384
1538600666515615744
1541830063716552708
1532839517425651715
1532680422693425153
1533915642843258880
1542154859687940097
1538580324590006272
1533920765120225289
1533748892726067200
1532360566173487104
1532971307779903489
1536578949584650240
1535976726894870528
1533916588545658880
1533946445484773377
1532689746689925122
1532040215891693568
1532034533406691335
1541816485227773956
1539601887791616000
1535334075396915201
1542517174740209666
1537068312357654528
1533176817338748931
1533944006362669057
1538953359964753922
1534157503977725954
1535165315650297857
1534075609927888896
1533740802463105025
1539548538430017538
1540322062660784128
1533444151655661569
1533380274972725249
1533173447827722241
1532620900583059457
1533942100869500929
1539929163154563073
1533919328143347712
1531920485524586502
1535158735819182081
1535223133350903808
1532726520975958017
1540974552137834496
1539264288933789696
1533543228032565249
1541991177188249600
1538767618097684482
1535324311556431872
1534444190817452034
1533228688401113088
1538600341469597696
1536063187224776704
1540917717661786116
1534089208402522112
1533945456681701376
1535277371116466176
1533716289864273920
1540696648292106241
1536223125246967808
1532744116332806144
1538256826726219776
1541458457366257665
1536810924987891713
1541780745995161600
1533949730434306050
1533525334964031488
1535145799369244672
1542078781837512706
1534058119780831233
1542116534943993856
1539643331818377216
1536334320645951488
1533883476902088705
1533841817128652802
1533402371153350656
1536598141436321793
1540830389345959936
1534898208375296001
1533773139611729920
1533489734688841729
1533394469101395970
1531953493485015042
1533865640527904768
1542013246974181376
1541313775608938497
1541916119119839232
1541850789983191040
1542460827432796161
1534435366463324162
1533920100675461123
1534155342409519105
1532993382452236288
1533926836740177922
1535890823048462337
1533920500946284546
1533921138862006272
1539729551533785095
1533864808973578240
1532622719019360257
1535744491235295236
1532610426663489536
1532475046194823168
1533825262298841090
1539509380886024192
1541676871389175809
1535570159171252224
1541483605465128962
1535287561765232643
1532011686311481344
1532809141269549060
1532752879429337094
1532075830280564736
1541496852889100290
1541019358369124353
1535915120190267393
1532625069591121923
1532070820461543425
1533456489901326336
1532674713767624704
1534086412714352640
1533402924503670784
1538767581460500480
1532038521573322759
1536249967463079942
1531962441105653760
1534047264888479744
1534058570454556673
1542182744536514562
1534080256231063553
1542019829309362176
1534009203190292480
1535559142705971200
1539730440889798659
1538565785072828417
1533923020187869189
1538446654638112770
1536026885896953859
1534528339255382017
1540797881698979845
1537127060132577280
1533362046909272069
1535751904843681792
1533904134222626820
1533342482238423041
1532086953872609288
1541902365502148613
1532595594153402374
1532512053436481555
1531900395148173313
1533240482251284480
1535749510634274816
1532549323078213632
1537917474963791880
1532729005446676485
1542051909158273024
1534408636885262338
1533844769415348225
1535745908490608641
1537738080433672192
1534014657345818624
1532268289950371840
1541380004273086464
1536076772852244480
1533892590378033153
1533727612123619328
1533160593456234496
1540988089769885696
1532969836774625281
1531995457374806022
1534621686762455040
1536278250598563840
1534090516370964480
1533915050720866305
1535347763214536712
1532882514020388867
1532757663779635200
1533024354178584576
1536334868249989120
1533934371673149446
1532712092775567361
1533947488541057024
1532750036722917384
1541492069084061701
1541921690955005952
1533923448161968129
1532066166717329408
1532611087882932224
1534477997218140165
1531905383303892992
1532988196845494272
1541910490846224385
1539887176019857408
1534528430204674049
1532682242996289536
1532473312529752066
1532113230952562688
1531974809927688199
1531883005349961729
1533916300724027399
1533525396465098758
1538635985365438469
1532484862556483590
1533523877216788480
1539878743522566144
1532843044243898368
1541834984922775554
1536275395829538816
1533917814351863808
1533916923842506754
1532769795057364995
1540815839603183616
1533820256380133376
1532702299587485697
1532094707073011712
1532732733285335040
1535018875364036614
1532814750433910784
1534071659275210754
1540644772745994240
1533934653807239170
1534208861996998662
1534160333220241409
1533918008673968131
1532820314358484993
1533036833138941954
1535017307717750786
1535870345365884928
1541898581338193928
1540994812807155714
1532675940173631490
1541379247075463169
1534083063134699521
1532721816023846913
1541818786306818053
1537090041104715778
1533823444487389191
1535381301779480578
1540822055326625792
1536386492934782976
1533891495916457987
1533195093154443265
1536022044000890880
1541915097311985666
1533854667632951303
1539720224047505415
1533392683489808384
1541891442947284992
1541113591524368384
1533915648568528899
1537575984177766400
1536410660585840644
1535522673769463808
1541899059606192128
1533933600424460289
1534241835253747712
1533194492324495360
1532759652789796864
1532360068175470592
1532479290767466502
1531886428342431747
1533692352195444736
1540489412265385985
1538578219535945730
1535319142559109121
1538607888528289793
1542597904237461506
1539259131319689216
1536882662207639552
1532111727579496449
1538600792973778946
1541438827302195200
1533528059126726657
1539244873219465219
1534346419556974592
1532750609035698176
1534084008883236869
1533919007132246017
1541849869345767424
1531903991583584256
1534130890435006465
1532729723989680128
1539593393948467204
1532730482235953152
1541515502970966018
1533834006659227649
1533354204881903617
1532630229130305537
1532087419465515010
1537141783007842305
1532587647364915201
1539632099107508224
1534443277264601088
1533209102381420545
1539259042698346496
1532634301912817665
1536599472377057281
1532667310888128512
1532637170271412225
1533836872123830274
1533436558698852352
1540134163017236484
1534112478443057152
1534165641220988930
1534128847188332544
1534064566988152832
1533767888196227072
1534130836383092738
1534127794363457536
1538544998328713217
1534099976896229377
1532241220726140929
1534097360535568384
1532685643511484417
1533888501573378052
1535314359274115073
1535297732079931394
1541932889776001026
1533358824916123648
1540636645728428033
1538174089189281794
1536008158182883328
1535908007460188162
1535016057244639246
1532608732726689796
1531905074292744192
1534522012391055362
1532996481203961857
1532854799296872448
1541886465554219008
1533554680365735938
1531879255138869248
1536759208762286083
1533923025174904834
1540616323054567426
1533890800236503044
1532731976331010050
1534017411493642241
1533920316287754241
1533454185395539969
1533822972271656962
1534146996818386950
1532741312469925891
1535477844154929153
1542161689541578752
1541429217136676865
1536642679332868096
1541759755428978689
1533477244479455232
1533446673820798979
1534939653022826497
1535793507800993792
1534943209373179905
1534044653657460736
1542135593257390082
1532588851721408512
1542083405826985984
1535270904602804225
1532957289216454657
1534455378569834497
1532118023930363905
1533709137590333441
1541800958291808258
1537790079896375296
1534184892107526147
1542102958921453568
1533765605215576065
1536024383822733314
1534590934289199104
1535322042949677056
1535335857628098566
1535325980620906496
1534351156230619140
1536134346297466880
1542399885877575681
1533858953934823425
1533829708047056901
1534620252050493441
1536742967913873409
1536190618183127040
1533908183554695168
1532815676292874240
1532988272930181121
1541713917604503552
1531938687533056001
1535309177882558465
1533923172826980352
1532386868297404421
1535088231791751168
1540846464884162562
1534192543516213251
1534087066337828864
1532244505931485184
1542198283258437633
1537901080943570945
1536022780927479813
1536053957830778886
1539646925133074434
1532644832786763776
1532998260176076800
1541335651584548865
1532627940634132480
1533361013902524416
1536022327590277121
1536029860723929090
1534192507046838272
1535721521141915650
1542248751531806721
1540647206935576576
1533940262375923712
1534280455087968256
1536207074853527552
1533235660835938305
1540854193375911941
1532772415394222086
1538996571206975489
1533914903077076992
1541888899756265473
1539666809976025088
1535538252895207424
1532785823678140418
1537680039298359297
1541488487400087554
1534031148266954752
1532127585240760320
1531962814092480515
1532657955342016512
1532474253794238477
1540619141362683905
1541774461761978368
1532675340321148929
1536071929249116166
1540818848152158209
1540607104607821824
1535527267547418627
1536001118404235264
1533963634761687041
1535659594911043586
1541063350741860352
1541887157769576452
1540620045591740418
1533746427129626624
1532971477364051968
1534093966689304578
1540990371890663424
1535805345221775360
1533946087010185218
1533412741217673216
1540978010945425408
1535573608348667906
1541977460522516480
1533935554986790912
1533909928687067136
1533524655197126656
1532658632025858048
1532702317828624387
1533790832964390914
1533523529135804418
1531942954021302273
1532822143951638529
1534068967429513218
1532817492820869121
1533214199853240323
1538677314459942915
1540852865509609472
1534155841615667204
1534041876751319040
1533211228281126914
1533835001690824704
1534445111811231744
1532636388981710849
1539609879673028612
1533941834967404544
1535302822283071488
1536856903841628164
1534408123124961281
1539247743331450883
1533882110469185544
1541723422383800324
1532681818385809411
1536095292235427845
1534937032451055621
1533049134583844864
1534462741897007105
1538161968502169601
1541652924455075840
1541709049082822656
1534116569944576000
1533873007751577610
1538247250027192320
1535027285279092739
1539326311725948928
1534137274727813122
1532719139583934465
1535016671861170203
1535721719457005573
1537529368712556545
1541852131862388737
1541817690494586882
1533936937815392258
1533951727128518660
1541299729925128192
1532089222500319233
1540364020267499523
1536328017240375297
1534073175738286080
1537315593774317568
1536737256530235392
1534979328026497025
1534049878757756928
1535857001917566976
1532430370070745104
1534044927117733891
1541120582842028032
1535279571544702977
1541642246986113025
1540868870227083264
1532478752873144320
1536094311053393921
1532413728909578245
1531973377090543623
1537503922608275457
1535959598972260352
1533372088815390721
1532754540818272257
1539904642733248513
1540765554176192514
1541760521132806144
1541787507834200064
1535038174094819341
1533917967666360321
1533879424617222146
1533827416887545857
1532663502757937153
1532072608602419200
1539289237169766405
1535028067160281096
1534053537189183488
1532087837381763074
1540859258211811333
1533945898950066178
1533165632128262144
1532759408308064256
1541737466251677696
1535569942547931136
1533849405043900416
1541785940208779264
1531957054692282369
1541505471210815488
1533811423083696129
1533934956694626306
1532730641778974720
1532679327430504448
1541070744582557696
1532648800514449408
1536668431570935808
1541773424061718530
1533372545239490560
1542212678202040322
1542455958206652421
1542086286130954242
1532061073557585920
1532640675124101120
1541898195747438593
1539237581287718916
1534011960836206593
1532976396254978051
1541849976040574978
1533823432474902528
1537989719073517568
1536027219474120706
1535127619917725696
1536598711253475330
1532981508067180544
1533913100381995009
1532680894946877442
1533452998831218693
1537699205149507586
1542098682861985792
1540356000384942081
1532382475992834050
1532835778400768001
1538997566175694849
1533838898228609024
1532632158757605377
1539637549240565761
1531917799005765632
1542051190233600001
1536417749878063104
1533754389999099906
1536087446403829760
1533923142884020224
1533186925972029440
1533941592628789248
1537683872422539283
1532087493608316929
1541737727225483265
1533916084172103680
1533884028675403777
1533039177088081921
1538780167400828931
1534307478913130496
1532668874600206336
1541897921590951937
1534853882022612992
1532490046594600978
1536605037077663744
1534121656452624385
1541687025564262400
1533938424226381825
1531913669004644352
1531878333402824705
1540461615870533636
1536931593016774656
1533130622717382656
1541395313096810499
1532424133426003970
1534211832684195841
1531962920703504384
1535960788703354881
1540748917263831040
1533524406437392386
1532980018749521921
1534059465296777216
1535551041168723970
1532113172768882693
1531920334286381056
1532413182500913152
1538612584794013698
1533916004530671620
1533938240184623104
1536212321214861312
1541908757562753024
1533201592794628096
1532616917575417856
1541816932676026369
1534089510069346306
1533921553360080897
1533225204549402626
1533012004696383489
1534086663147728897
1541008936081543175
1538666928083984385
1540658517660549120
1536643956456534016
1540530346227159040
1538593709763305474
1534137227340660741
1533956760872132612
1534076839160840193
1533727045049536515
1533941873588551683
1538626137420611585
1532827549151240195
1540968884085395457
1535295737449390080
1531892501874876416
1533871605314732032
1532784498328457216
1539614926846808064
1534403997813055489
1532662946261831680
1532718075614838784
1539561140606435331
1533976036907569152
1539277562454675461
1540811930423775232
1535111319552200709
1535677344169459713
1541063009057079297
1539868168801460224
1533843677180829701
1532965320876507138
1536956187815645185
1532040174418395138
1531899601967620096
1542475291095728128
1532736060266012674
1536660523411984385
1532690188400574466
1537597222308696066
1533729949965762565
1532609691125223426
1539024182830321664
1535167702817554433
1532813621767593989
1534400988500611073
1533769503032725505
1538049067896512512
1534046092635033600
1533505446186737666
1532995171851325441
1531875059714953216
1533828933384343558
1532313810601758720
1534826346991566849
1533795507700699136
1535020427843670017
1533916548997566472
1534089659042648064
1533339505801019392
1534040299672059905
1532063897154244609
1535947518936219648
1541373849098489857
1534107380698472448
1535268903219347456
1532723400266899457
1533733399495512064
1533555471839383552
1538860041192751105
1533443607461605381
1542255704928575489
1536298614863044609
1534031568683122689
1535523735796588545
1535887679010873344
1533932682404560897
1534121437363052546
1533922989514932225
1536659606935592961
1532082925524635649
1533915736149729282
1536119565440229376
1535907363311341568
1534081571300442113
1533966043537874944
1534117115929698305
1533924985701531648
1533918868585992193
1533558176146067456
1532839832564686849
1534018882373144576
1533611741543792643
1531959932530171910
1536074660584075265
1532750044159528960
1532662317460115456
1538536397799411715
1532674947302162432
1540832730111524874
1541382860858335232
1533884197613584386
1532618538430652416
1534105233101570054
1533922983651291137
1533263318961557504
1540962774448324609
1536776940790628354
1534089381727846403
1532628413047001094
1533915789883019264
1541859438730027008
1538106767149768707
1536106664809619456
1532018176329916421
1537035894103805952
1539500908542828545
1535306271817089034
1533237300670386179
1534798919124799488
1537890379197927428
1533954518739730433
1533840756481441792
1532812412264583169
1532480842953547777
1540999253832646662
1536449568287645696
1532092799885139969
1538148439791394817
1531879528460603392
1534153299175301122
1533808592855392258
1537832561237536770
1532082815856148481
1541903683675426816
1533925477378842624
1541498586252419072
1533928584645156864
1536025186880966664
1533923287625084931
1536318808780070918
1533528736208928769
1532836972460376070
1534124693732708353
1533965548534603778
1538786913062211587
1540802317754109953
1541458209432551426
1540673582614736896
1534441348924944384
1542534286343081990
1534645504050614274
1535372819206266880
1541390342569746432
1535294317119655938
1533594466614919169
1532949241798197250
1541890575670067205
1537447957611438083
1533866536481525763
1532682996414918656
1532751639823757314
1532450121232924699
1534049595097255936
1536063031955935232
1533130151214698496
1534091187610591232
1535301022272430080
1534138321974206467
1532768809114796033
1539025512064065536
1539346441109487617
1531806520316514305
1533706187421716481
1540992221826236416
1533910253846372354
1533238216517734401
1534075312560013312
1533524204859031555
1535019968420630546
1534288151807680516
1533380582901678081
1533225836173737984
1533436284638842882
1533360751464828929
1534471680529244160
1534131700040613889
1534136354145284096
1532266683515252736
1532484225957613576
1534082570886971393
1532763228681474048
1532671862723031041
1539322744390750208
1541476058611912704
1536685409190682624
1535745713157595137
1541942936358772736
1534108233593507841
1532613903636627457
1532380185064095744
1536062560075763715
1534116917329506310
1534059519487234048
1532792797014675456
1532729948540178435
1536664839208181761
1536023272386711552
1532835845371199491
1541609407162753024
1541087533987205121
1536261087280173057
1533188183172825088
1532749250144124928
1533916182620823554
1541130186007126017
1535336633784061952
1533455015217594369
1542504974839468032
1535329045289873409
1541726142184542208
1534287430005706753
1533918067348193280
1533896165372088320
1533886439460675584
1540981792697638913
1540769634474872832
1538098258643406848
1532633224740052992
1536024598063505410
1533144884265246722
1540372950620176387
1536190942734172161
1532639313523007489
1533939513403265026
1532705738572849158
1540351130596696065
1533449439083479041
1533100778650488838
1534150335312367620
1532399971571585026
1541899091340365825
1536805817734664193
1532959728334249984
1540952500269993985
1540263164692004864
1541019798167064578
1531872070732337153
1540953474480984064
1536093174283882498
1542461259500732417
1540252811350401026
1536854693242146820
1534619882842738689
1537585820017868800
1535055912599453696
1541318821352558592
1532704470026571776
1532132118188392449
1533939437599612933
1532770366547968000
1541941742169165825
1532666845916012544
1532679472369086465
1533942351130918913
1533011539095130113
1532092507122814977
1541485032925265925
1541711022989402112
1540125073985732612
1532634812669911042
1537076576466219232
1535302208387948546
1533196804069679109
1536034767233339395
1535295374717501440
1532062322684231680
1535224547821199360
1532466643170992129
1536049071776997377
1541380727731884034
1532676996920225794
1532623489965883392
1533935540692828160
1538993599198728195
1535379605015740417
1541172467938611203
1534075738932002819
1542197613956587520
1536225809769320448
1540830708536672257
1535018243085291534
1534588804186644481
1541290447313805314
1536685690024517632
1536026455594962946
1534133486709264384
1534493559608553472
1534033839978422559
1541324803767926785
1533852542211440641
1532678153617002496
1538610846896635905
1541009035167686656
1533529455058112514
1533525866273292291
1532479032016658448
1533443292867833856
1532374744863059969
1533943971814289410
1539389621380980736
1533916693839355904
1533906465710276608
1541643042758823936
1541363756676038657
1538631280794943490
1541197819134070785
1533892747635064833
1533486092485378049
1534080897615646721
1533191117398851584
1542051583088906242
1541506676020346882
1533916033257439232
1535585256350306307
1532735994004480000
1533356080188866561
1538594740928663553
1534052530723897345
1533790670246268932
1532668385137512448
1534130355648733184
1537611903601623040
1532034919190372352
1531890044650377216
1535299323881201666
1533791963518058496
1534338850616745987
1534100041534779397
1538534727350636545
1533946958783578114
1540505072660058113
1532379530102554633
1531927562544365568
1541296334791131138
1541035379679191041
1538160035045441536
1534645178207813633
1534590774276304897
1532400429593550849
1534282947653734402
1541006827911057410
1533932650515378178
1533576052802568192
1535031469789401107
1534060061638672385
1540267655126450176
1539483149356367874
1534400253708877826
1533166329162698752
1531896958725521408
1536951213639467008
1532635117222518787
1535713571413401603
1532634061193334784
1533469855571226625
1538534341176971264
1541891112104857600
1532774989904084992
1541915404213358592
1541410825772175361
1533927111177682944
1541958828090134528
1541904089793155073
1533977813304459264
1533943298838212608
1533069369860935680
1533742904442855427
1542248843387060224
1532609186940452864
1533582438026592257
1541882018300035074
1532833912665276416
1533946056471355393
1541059309248856064
1536594802871083009
1541883158722912256
1534276607959093251
1532676245967732740
1532612118293491712
1533357697529159683
1532381587932958724
1540368193671368706
1534126706960785408
1535244376733061125
1534335075806060546
1541918570162143234
1534118594191282176
1534975767318507520
1536807177180028934
1540738841870422016
1534450096401747969
1532414422995677188
1533850421508423681
1534477708364759041
1540622859697102849
1536639787326746624
1532079340560580609
1534243752600080386
1541907137512833025
1532634712929447938
1535714152647475206
1532611956326252544
1532033545375567873
1531931959064158208
1542045977946853377
1536216405569417218
1541391886115643392
1536023148528820226
1537682513287602176
1534111982353358850
1540646409778626561
1535326479067783170
1534274109391220736
1532710630989385728
1539232155884191744
1534093744571555845
1538795279834554368
1533918793403092993
1533424298609848320
1535493752197881856
1535301037115981826
1533916382131281920
1531951037367689218
1535332151713046530
1532862732667883520
1536025036242489344
1532645273171804160
1541490870482092035
1537745977271939072
1535298062297534467
1534136681569431557
1536025781708652545
1534046654042722305
1538160573694853122
1533917421043605508
1535036322284556308
1535879989064785920
1533486171233427456
1532724270266212353
1540867572018679809
1541588708259946496
1534192505025187842
1541849780174864385
1536099686582571008
1534169753413160962
1541592715913306120
1532800500034330624
1539633948397113348
1536271624261050368
1535042022389719041
1533467079021559808
1532037830016483330
1534197225089290240
1531875523588235265
1541816910236590085
1535312720484089857
1540966240243572736
1535311776778272769
1539900046145200128
1541006693433282560
1541501474299150347
1539228782439059457
1535130893500698624
1533144882746990593
1532092918877536257
1532679544678883328
1542045064699985920
1532467145778552844
1535491850412470273
1536030689363206144
1533925057680101376
1531926736400748545
1541835604048093184
1541742872902385664
1534190198329946115
1533927683742212096
1532990207783485441
1532402173425995778
1534937747982536706
1533624247146500097
1533314982364037120
1535015441898299415
1532129386320875520
1531891094664912897
1533798610709757953
1536693382923399168
1532630915167428610
1533163814962741252
1532730191738552323
1535150900406362112
1534090342730964997
1532990588446023683
1540376621345116168
1542047407201992704
1538758470748577792
1539586894534672384
1541396766406344704
1540603769393758209
1532678021337034752
1542065271971643392
1531969031711883264
1533494721343012865
1532972024599289856
1541434079186411525
1533534295490445317
1536656404186120192
1533951579845541888
1533925862625656834
1532989675736125442
1539473705910280192
1536553937347743745
1532186324609941505
1532010130736402432
1540971768407629828
1533004787255590912
1536669747495968776
1534461316932456448
1533824849302507521
1541055754618159104
1539607795821166594
1535212602711846912
1535305022677950465
1534479116971479040
1534290965346799618
1542519901880852480
1533884669703475201
1532531513182527500
1541924748254494720
1541888758164951041
1532294508267855872
1534258670091096065
1533311648697569282
1532653165283246080
1533953301624107009
1532669570007408641
1536853490877726721
1533801174570356739
1531884403378606080
1534601892864610307
1534108590541361157
1533921365606256646
1533882082770006017
1538151373119885314
1537060415594692608
1537818597472587776
1533489130830807040
1540638603147202560
1540277322800156672
1532637374374719488
1534151073161793536
1533840292742299648
1534178434313756676
1536775428374990850
1533903387460358146
1541827955860570118
1532728309230055429
1542218265816170497
1539865093483032577
1533472705269444609
1532387589436719111
1534039310021931008
1533238003270918150
1536875565361385472
1535308503946080257
1533925453446119424
1541898192433848326
1531960862814117888
1535201212928229377
1541135556561838081
1533851377482584067
1536028617901318146
1532449449708077078
1532737949984608256
1532616902438166528
1536726939670552577
1534100292517695489
1533489228465807363
1536637533215399937
1532797227810316288
1536038662605049864
1532728415111061505
1532675404229648384
1533430249307918336
1532558157112909827
1533357163275485184
1537504785049452544
1542030586822463490
1541742727964000256
1532717538815131648
1540972948286279682
1542519687052898304
1533942542311510016
1532704268922372097
1538532927377756164
1532058454390898688
1537707176302624771
1536723864104804352
1533383091850452992
1533917894341451787
1532811124017709062
1532278932833288202
1531908479501406208
1535294143617974277
1533122495427010561
1532860615261306880
1532662427875168257
1532683285675053057
1532657765327462400
1539720692840677376
1534177769826881536
1533182692283633667
1532063455812849664
1535276840369152001
1532819276876460032
1532766877197471747
1534178297906704387
1532379715637477377
1538160060702007297
1533079179964588032
1541084850718998528
1538161368393818113
1540997141048557570
1531790887029592064
1533915537968881667
1535294399177011201
1535163402603175936
1536060392547373056
1542083169205342209
1542016727202119680
1535281971433287680
1533871092556783618
1534344270295011328
1533564825871142912
1537692032675852296
1532681608603500545
1536349315341373440
1532066416962113538
1533922696978898949
1533378267486597121
1532755923835531265
1540944541179691013
1534351578156638208
1532341461190057986
1532226547083534337
1533933152028311553
1541197699592118274
1534135990775951361
1533952793769299968
1536265392221478917
1542543995452137472
1535694306220118021
1532728939088646146
1541913014043033601
1531992753445404672
1541448684361187330
1532799121802858503
1531935273495543808
1536284878198685697
1532112648053063682
1542028291061829634
1542518025550589958
1535501590177660929
1534128912011350017
1534080982365642752
1533797641620004866
1539588697577881601
1533960756869349376
1532042535014744064
1533925552226279426
1532217563341639681
1532739182967328769
1536026277286649857
1535593693289361408
1535147036999401472
1534274226210979840
1533741696919523329
1532644858053148672
1536963571543855104
1535771434378743809
1532057998897696769
1531832254380625920
1533324948344799235
1535305158770544640
1532731780331196416
1534272717343666177
1531938098011070465
1535355827409887233
1536645903456649217
1532668352014983168
1541869770018004993
1534173017756033025
1534976838484869123
1536703811544301568
1533176704595812352
1539404034586595328
1535890448572682240
1533359511477575680
1540840930189742082
1533858710015066112
1536022671934296066
1533926171183878146
1540989197217140736
1542650216205148167
1542137403267289088
1542237995956404224
1536632461194567680
1540414583789297666
1541416268405903360
1535309722320093185
1535306096889454593
1535275902883573762
1534065666839433216
1536428411815698432
1533916900903755776
1542133363473014785
1532979511507173376
1536319821297721344
1536992249120169984
1532365434732920832
1533854305198952448
1534257816562712576
1538176296865480705
1533922295529582592
1533876113000353797
1531965891264581632
1531844846436114432
1537004937867051008
1535315784595132417
1536488668726284288
1532422359935864832
1533962141983809536
1531889072695873536
1536663966826606592
1541088207458254849
1534065289645662208
1532057129145835520
1533950939119374336
1537513591955390464
1537865339916124166
1532651809457770501
1533822341674897409
1541658748934045696
1531920089037127685
1540948728617598979
1537400622441537540
1533908276613730305
1533937596962902018
1534051848847597570
1533420891060678656
1534621860419313666
1533526338123988992
1542658117778821121
1535166135494385665
1533580234427191297
1531884152081072129
1541590902166228993
1536305269096972289
1532240113824047105
1534238173311664130
1533192266600353794
1534193973404786688
1533713587432210432
1535278844768309257
1534978508304400389
1535010190390616077
1538564062837096448
1533915592452972544
1533423337929572358
1541818801905442816
1536024885088112644
1535622491808333825
1531979563206598656
1538424121347956737
1536685195461545992
1532078268718800896
1536419093682716672
1533850731454771200
1532713520579629056
1534906568868864002
1533864173175820288
1532510015805870080
1538620610540191745
1534591433616896005
1533411372624666625
1534103181470453760
1538093918289534976
1533575996867235842
1538093596213235712
1531957338189533185
1538051364651208704
1542111206114222083
1532931042897809410
1540338187754782721
1532800391368302594
1535214829887229952
1541031797554909184
1532084370135207939
1541854525690109956
1534462418948173825
1536305391675576321
1539953135292129282
1533865328626761728
1535907434988019713
1533850524105297920
1532822643279376389
1541873729768247297
1533457597961064448
1537504439908573184
1535660069630709760
1533214552925646848
1537849258573012994
1532760915996811264
1535292995758608384
1532510670759002117
1536034496574783489
1533855716049670146
1534413200065802240
1539602189844447232
1540800652749598720
1534156534917353483
1537020677936513024
1532044668300582914
1540076073496580096
1535310420499746817
1534099487790092288
1533794023781109767
1532903097013608450
1533959821304930304
1542047599800229888
1537139709964599298
1535271605173112832
1533416383672991744
1542109777190346752
1534804143654715392
1533844796934082561
1533524585735499776
1539194013177233408
1536033051913879554
1535309338205728769
1541850507265859585
1532677253850619911
1532635236533690376
1539575089791995905
1533885462082895875
1532372253840654336
1539395067177275392
1535010285320216576
1532639728511721472
1533889266337595399
1532113672067289089
1534116668154294272
1538616135591022592
1534008083575357440
1531964062640357378
1532798049998848003
1533926566820032514
1539134730167361537
1539269016400822272
1537121814475857922
1531954166431612928
1533915616456937474
1541904130943377410
1534114403662045186
1532713360009138177
1540009211790336003
1532855042507694080
1534108511029927937
1538635557302988800
1535210893977473024
1533980834147049472
1534890130082779136
1532077644099031044
1532660899776954368
1533882631326208000
1540627811601469441
1532838163080675328
1536807026663333889
1539611265743683584
1541848898322456577
1533524856460943361
1533524465585377280
1532380214268940290
1533960740876460033
1532314578452893696
1532406899425034245
1534044368843296768
1536072881620553728
1532359653434306563
1534698690652295168
1532644011458154496
1541076453483089920
1534216432749268992
1540948307668832256
1536119430618533906
1539299153427193857
1534154692233764865
1533923736272920583
1540807208094531584
1533027048301658112
1532252294330388481
1532002883595640834
1539692758310559745
1539556596325441541
1537696189415575552
1535239763246174209
1532655979044675587
1538105062316204034
1532056548113272833
1533209064615854082
1531907193972441089
1542235099298660354
1533827370678984706
1533541964557299715
1537696799267377152
1532714133241708545
1542169874725740544
1533942408844656642
1532962104495509504
1534064201907458048
1533232344198483968
1541294164578631680
1540914347471511552
1533875300349665281
1533104172039553028
1532854753226592257
1532678234634076160
1533924248196087808
1536369644105236481
1534015579111272448
1533543437097746432
1538993917571616768
1533914756561702914
1542082515304857606
1534651622072139779
1538111724548722688
1532637908221542401
1534533060896641024
1541411054445625344
1539577808837611528
1536100912837558276
1533915674862657538
1533869552840450048
1535162541214683136
1541117657080012801
1533916727335059459
1533161305749786624
1541705721682792449
1535377120955883521
1537886583356936192
1535851706898071552
1532091731713437698
1535025108317773824
1533691508896976897
1534125751334842369
1535298733281247232
1537805184566435840
1532872119578775554
1532679148258447361
1538398297148338179
1535354626983206913
1533542359039979521
1532652671471169537
1539808927088623617
1535927102654005248
1533233985387737088
1533345358973177863
1533918463076577281
1541857129958612993
1533001486799626242
1534159014522769409
1535186986318934017
1532757716590018560
1535055253690785813
1533835960940924929
1532423796841500672
1533903654826164227
1534085383465598976
1540262018300743680
1532631532346691584
1533951954447212545
1533917758227873795
1533861721630199808
1541734191460655105
1534465645684858880
1533916020142112768
1532751573448785922
1539590293275770885
1533924517034303490
1532629997739032578
1533403876078100480
1541000431668707328
1534465014760972289
1533248013610766338
1535330787591077888
1534946401293160448
1534926231266893825
1533951614536536065
1532651320183869440
1539581529801854977
1534111136114786305
1536926866640183296
1534598387210887168
1531887595294183424
1539670883719172096
1541816086743629827
1533956288664768512
1531888229217181698
1536845449273004038
1535299834671931394
1533528835291074562
1532830867290312704
1532672300167872514
1538797157771268096
1540825287004397569
1535340361652269057
1533792602927030272
1533167486723579904
1532657901587861508
1532704537940791299
1533526237758509056
1538649744138018818
1533987205361852416
1539596876982505472
1540692921971646466
1534323888888418304
1533960364890673167
1541892718464483328
1537357550512918529
1536078518664282112
1539635767739285510
1534195369072111616
1533527476105781249
1531952418581258244
1531865231441502208
1532424713510785024
1533917570671206400
1542181224852094976
1541048867826929667
1533927976517214209
1535422724922695680
1532588656468410370
1533328407085387777
1535595884452405248
1541186180938702849
1533885141948432387
1539744997238513666
1540693139811454976
1535734542534856704
1535076822589001728
1535494703205990407
1532491478253162509
1534222511004688384
1532716818212724738
1536121593138659328
1536105596780437504
1533927560022827011
1541201172614287360
1536870241497714688
1535338828252209152
1533963147547222017
1532727834384470018
1536752657167163393
1535406997704740866
1533777179330416641
1542195374521303046
1532211451280211969
1533353991001751552
1532720064570478592
1540983796199313408
1539682153910394883
1534150013646938112
1538582076018069505
1533340978639261696
1536991291166314497
1535306105626181634
1538628612588457986
1534102917678088193
1533870925145317377
1532307193801977856
1534080102694281217
1532709050865139715
1531790550684381185
1534087641142108160
1536805241336872964
1542008551832682496
1534069389900890112
1534589222216253441
1533880340422483971
1532843202985721857
1533920957794074626
1539866696269324289
1540381365723693061
1535534891655385088
1535325993086464003
1534272214643757061
1532501283885678608
1532674787226570753
1533952592958595073
1533521764906582021
1532702339030712320
1531929440640454657
1541358933327093760
1534450050411155456
1541785399818944512
1541870723920285703
1540966244811145217
1534843570573697024
1533521326694072322
1531947300460892162
1534178957771284482
1533342494255087616
1536708464063524865
1534060606583709697
1532823438951428098
1536657573990084609
1540960962697625601
1533915673801416704
1533936933860257792
1532608270178852864
1534122309270765568
1540322773242896385
1534487992362053634
1533860933998714880
1533448860286300160
1533925863615614977
1532009990659129344
1540677256489476104
1532092291577532416
1539509057786085378
1533916359968563202
1532953152726749184
1533091809651527681
1536706279015579649
1531899870621143040
1532952432027787266
1534676423616745474
1532728178082553859
1539236484246605827
1534586294243774464
1536063569028173825
1541839856329957379
1542240227502301185
1542546002694942720
1540839847086247938
1535265726029873153
1536073565384081409
1533922191791775745
1532100008530661380
1538151241632595968
1532057923974725633
1531863648938995713
1532975537785917440
1532717055304208384
1534854788642443264
1533904092837322752
1534278292131483648
1532632195759742976
1535144207131738113
1536251080908193792
1533934191968194565
1533841118940504064
1534161708645859328
1541866860970491905
1533953935987429378
1533931535363186690
1532844195228049408
1538808773887901696
1536657432973393921
1531983491923156996
1541338198718222337
1534005721183969280
1538610560027222021
1534053905310564352
1541075598591885312
1532506242173763584
1541322554002079744
1535692384389955591
1536066166699225088
1534086656621527041
1533360768925720576
1538471980734767105
1541680152601583617
1534070797127794688
1533761732883136512
1532611520626057217
1532511399590649858
1535317014000050177
1542031172125040642
1532716227872833536
1539588946518327296
1537671561582460928
1533632305864007682
1535295398377664515
1540345643549458432
1533817289480470530
1533147717622550528
1533525626501619718
1538475261938778113
1534161875780395010
1533943908480294919
1535872454266068992
1542041605506473984
1533381194217402368
1541863542944579584
1532603918370361346
1535873452623769600
1534095703881957380
1534851392938156033
1534615623061450752
1539951232177127426
1540945531987542017
1534034484013805569
1535592747532537857
1536319651759759361
1533539034206699522
1541568027791171584
1533020425072037888
1532751139690651649
1533024156140322816
1533747589295792129
1534083276217917441
1532696612635561988
1540986930426515456
1539604804137373696
1536639082964598784
1541057818198958081
1535620479289024518
1534026760400031744
1542142023406424075
1541475754638286849
1535648226484924416
1540988687353319425
1536429342603022339
1535127584597499904
1534483025991454720
1534068219752873985
1533934492829863938
1533835093030084608
1533025428461477888
1532695216498561024
1532314228387872769
1532609764408053761
1542152883164135424
1537044277427154944
1542078321797767168
1538189362395066369
1536387095228563460
1533169938722078722
1539483919132807177
1533937310009643008
1536034261970591744
1534102604506140674
1534160265692028928
1532734106668236800
1532549936322973696
1535963536702287874
1533751459187138560
1532702834663251977
1532608807536295942
1532733656590172164
1532992836026699778
1532662736731230210
1533915639953465344
1533914632431214596
1534054892268036097
1533927340551688194
1532732182405472256
1533918221413261312
1534036055652958208
1538557135579140096
1532790628333105152
1534174393957502976
1542003993777422336
1533026023708798979
1536025056551133184
1531902761025036290
1540763658900357120
1541043787560091648
1539318226709905412
1532812538768916482
1541095455119052800
1539763331581501441
1534139470357856257
1533916526834855936
1532483813573550081
1539328403253383169
1536333673775222786
1535912507931611136
1532066100237967360
1536752813195264000
1534066613108064257
1540660755669946373
1534035317396733955
1533386997057855489
1532634008349196289
1533916436988678145
1536338561531891714
1535802694522351616
1532100194552119296
1531898012242436098
1534145516916850690
1533025928951091200
1533785381166096384
1532728389391593473
1532323830491914241
1535351268180381698
1533353641142374400
1531890648537874433
1534285770609106945
1533913878781997058
1533225271574265856
1535331484457963520
1532218036169629704
1534152488227680256
1533532316424933377
1541475430410207235
1534045795460300800
1533964570410340353
1533957947725946880
1531927081034063872
1535675641328173056
1533906104400453632
1536029981561737217
1533621199590367233
1535909120494247936
1532988304232153090
1534764301398974464
1532501237035302917
1534066362879991809
1539212606917038080
1533754217474711552
1541456536861638657
1536485315879264258
1535914567393595393
1536962380252463104
1533790944922836992
1534052824157396992
1534863149505077250
1533783689708060674
1533477546892922883
1540999700882620421
1541345080807768065
1532010834955730944
1535340713122185216
1540832103998308352
1532764966465462272
1536201734162464769
1532094048554696725
1534231396314714112
1532490260151783443
1539392497402662913
1536691113658048516
1535569127921926144
1533917459786473473
1533942237071126529
1533187138275233793
1540849717827063808
1535219297584304130
1531950768772763650
1532660854310813696
1532103701191659521
1535147596351688706
1532868998056054789
1540266593543938048
1535275553711955968
1534046873845125121
1534031433085353984
1532734149139828741
1532631910744305664
1540486831824949253
1532824796014182407
1532090550085685250
1533392839266254849
1536786369883918336
1536030679510704128
1535918829360013312
1533878867907289089
1532743850770550786
1542020107513257985
1532677131196678144
1534288135739387905
1531908837481005057
1535978197195563009
1532638767458447360
1533110774599757824
1536443729686437888
1533930903134687234
1532365125793071105
1533529894780542978
1537695282846212097
1534006810025381889
1533938874526978048
1532083041660809216
1539726493793882113
1534134343907557377
1535589051830525955
1532895151881854978
1532792259950804992
1532626819907829760
1532403428856676353
1538575731332194304
1539398561867210754
1540814620209946628
1532510501770493970
1535294890342600705
1536267839568498688
1536063845898272769
1533920608341348355
1540721219841904640
1540276811409637377
1533196787401515008
1532713255050911747
1541985496867504128
1539298270299684870
1533403195246006273
1535304238343012352
1534087149640892416
1533187098890620930
1533022519929851910
1535298332486139905
1540275541231771648
1539548013894504450
1532670048912941058
1538544217869492225
1536029180428697601
1540848937745129473
1533238190169104385
1540363874473594880
1539160308660457472
1532970200429101056
1532380231352320000
1532375981180190722
1535304875139117059
1532875239264239616
1534906731259494400
1540656385242931201
1536028637639626752
1533393849258848256
1534927189396815880
1532675962151874562
1533796452438253568
1532624413211885568
1535387312095387649
1535533024586129408
1533751684954046465
1532649360881860609
1534338370742243329
1534056991106244608
1541880769052024833
1532642707839000576
1538289715920703489
1535439705029783553
1531917175757357057
1541481897154445314
1533934457249472520
1532676567083761666
1535474640897843201
1533146476607590403
1531920247732719616
1532366760292323329
1533803000644378624
1541015203554496513
1540597308785672194
1532657445679550464
1534663576195063809
1535425599979790338
1535160536870141952
1534429643956277250
1536139927221686273
1533524969891708930
1542025592413032451
1534514675349704705
1541926912779583488
1532650287428685824
1539139752271785985
1535041503650791424
1532662427866767361
1536357036417507328
1532641904185294849
1539332875400658946
1541909334640263175
1534187138656485379
1533938042695729154
1532670886825930752
1538240356893999105
1532288681410711554
1541797475547324416
1533194358660419588
1534958152797626368
1534083219343265798
1542067082900242432
1535992846641205250
1534056822235189248
1534007210501619712
1532511263909085184
1532254007179284480
1535364046177935363
1533508770059501569
1541813313457332224
1535917943921549313
1534022848490110976
1536680375031848961
1532491592967372800
1532123075428360197
1541086785878589440
1533023745148960770
1541534167019782144
1533923051376627724
1532617899059433472
1532898417533497351
1539003155849027585
1534156413404078083
1532741181997731841
1532844406075703296
1534172860146753536
1533959311424110592
1534267342825340928
1532678099699113984
1532066849529417728
1542071890335961088
1540791043599245312
1537336962088050689
1531922051082092550
1534979090297634826
1532481894260023297
1532275763294220289
1532995662253592576
1535275493221617668
1533915674967523334
1535673966781669379
1533916145266397184
1541481562218369024
1534142160026705921
1532798369663528966
1541116646122815489
1532124101397172225
1534633139309527041
1532241200979267584
1534664162458181637
1540411904874741760
1539481169858908160
1534117359698468865
1532760335932850178
1535313565128728577
1532092860664782848
1540259313155022848
1534089572333891585
1532799335477481473
1542502297154064384
1536089462513573888
1535618899961647104
1532783268906541056
1533888050601897985
1532670541861208065
1541010755897724934
1533386902866276353
1532795646176018434
1538931777741508616
1533736726870601728
1536621637558231040
1533520966491459585
1541307573625929729
1533920152206852098
1533356077848354816
1532731344882749441
1540990295659237377
1532514239100878856
1542264416003047424
1537516752179011590
1533313610105094146
1541840072559009793
1533916447973449731
1531899399307247617
1540594504146771968
1541443200954601473
1540552299382177793
1534074387850268673
1538554682293067777
1533915841762402306
1534940860118274050
1541676280281812992
1534700999989936129
1531872674292584448
1536594364293689344
1532735729914236928
1536022427104329728
1533919834651578369
1532260469058289664
1532380046865977345
1533966932071915522
1532668063354695683
1539705580687953921
1538202185913204741
1541849025900679168
1535507396637995009
1537030592449196033
1541864350285271040
1536296993902968832
1541475803359334401
1533522121061695488
1534251411315298304
1533760474050924551
1535271471597101057
1531905000305307648
1538550240692908042
1536692419311411200
1535972828075503616
1535904328174673924
1535024951576743961
1534620420359462918
1534185571588968448
1533848471555477504
1541478214559744003
1534168381896675329
1539497360354693120
1536468312531558406
1535307469500579840
1533410475974729729
1532732876982214657
1533881236585959432
1532610228176531461
1532263007333634048
1534528995890499586
1533422724810522625
1538798425046646784
1536208499612520448
1533947435927711749
1535746994265890818
1534052396514566145
1540632747806523392
1532803124808802305
1532370516367097858
1531942976427106304
1534497441684365313
1538268162898251776
1534100374877093889
1533916891185651713
1533395036649537536
1533388844913020930
1533316301753565207
1540961693051789320
1536404937411805186
1538669913937674240
1535322472744091654
1534144920117776384
1533078699301552130
1532395317278167042
1541913001883754497
1534227253424492548
1534102892155658240
1541709341140701184
1532611715338231808
1531899634267963392
1533119825626660866
1536070909383131142
1541876737784651776
1541835239663833088
1541071119712657408
1536841228817469441
1533278529403736064
1537113030231740416
1541451932279226372
1532818565300113408
1541856284726759424
1531887934156185600
1533229879843487745
1535295072824066050
1533878511827668999
1542450978644959233
1534116674911313920
1537074441565487105
1533381278321545216
1536033041918877696
1533938662295085057
1535303753779359746
1532058559453679616
1536087541295857664
1532732563474857985
1531962883092930561
1535295745728958470
1533893704540377089
1541849483121758209
1539619777064407043
1531961966427783176
1535012275861463040
1532265079747629056
1534169777702375424
1536415235158036480
1542041970100649984
1542088764159311872
1535011741855367168
1533925308189007872
1533915773076492290
1533569877071495169
1535588106505699330
1533778133354172418
1536659340538658816
1536436757515878401
1533554276626227202
1540805100662300672
1540364751397703681
1533921237608583171
1533515084089147393
1535518514865389568
1534078840754032643
1537899839576342529
1536046880068624387
1536110665995325445
1533883757006139393
1533442804990590977
1533170962518183941
1536806989753466881
1541549956993060864
1535232330935173121
1535646449886699520
1533916605981331457
1532781071447822336
1532073120873725952
1533917909713666049
1539355560310624256
1533617485957701634
1532376680311955456
1533473286159486978
1535671993390989312
1533547046359154688
1537131281821097984
1532623297325805570
1533916176295895043
1532496902389829632
1534620160065261568
1533055742403567617
1532661414791348224
1540322536872988673
1536668036261871622
1536022579986763779
1541881591642951680
1535015233164656640
1533525598567649280
1540133506625556481
1532765998591401984
1532863075661094912
1532681453640863744
1533922178705629186
1534156894583111681
1531957301149581319
1533360240716140545
1542015295702827009
1533947523156557824
1541368711629660162
1536981991945555969
1537032056445730817
1534597630625566721
1532113869052817408
1533713055711956993
1537668849428045825
1541887107983183873
1534058717603418114
1535303860008505345
1534403000667709442
1532068140032544768
1534359569006268416
1535962153181753344
1532810756483428354
1537553742324695041
1534047027075620866
1535904143071760384
1533624516533964800
1531879839829041153
1535908578795585536
1536975251694919681
1534201922747498500
1531935712840495109
1540642318071513090
1534944307739860992
1533898233273008129
1533472197930524673
1541884764327755777
1533284520140718080
1535294897196093441
1537479806777970690
1534569514154840064
1534525918890401794
1532620377670791168
1540726564756783104
1537129896861908992
1534662193576386560
1532385071986053124
1532085097142296577
1538967217185898497
1541480046275198977
1535222230862397440
1534045728850563073
1533847755881422850
1535299320320249857
1532425066092298241
1532609952505901057
1532737137359171584
1534115542151450625
1539621883653529600
1533409957869150213
1534188228193812480
1541924441999003648
1535547632617246720
1533922065035759617
1532775173459521536
1534273165848981509
1532373708375040001
1535307724505985024
1532649397623955457
1533933982672470023
1533800102468493313
1542187046185361409
1532084829617004544
1536669253146918912
1532690081600921600
1541121951472689155
1532056397566853121
1540989474590670848
1539245338212564993
1538261230846083073
1532765944648503297
1534160423880097792
1541829649289846784
1532374542089392128
1536863369457807360
1536668015667838976
1538705345916420102
1533916567204790273
1534977256250015746
1535654505580224515
1542231985992646656
1534155552074383360
1533700961528688640
1532809894990159878
1541363479168401408
1538884885829525510
1533823510778454019
1531910585817960449
1532646314676301831
1534605686373498880
1542038431110406146
1532728463085428736
1532955581023244290
1532657395557613568
1536075750138331137
1532617044121772032
1542280966273699847
1542083703580643328
1531892593461710848
1540264724348248065
1540357878598467584
1532740172839899140
1532637163522760704
1534179281559068677
1532879466644504577
1534086613856288769
1531911152661413889
1536644818117578752
1538985439419191296
1541823565724585985
1535989585880260615
1535291815724826628
1534192874367205376
1541900037378215938
1535303943374381060
1535294152371580928
1533947670976516096
1533370691650830336
1533827700837711873
1533918074583252993
1532689074364063745
1533851696165797889
1532612756192493568
1532506555622490128
1532703045917851648
1532047311660007426
1533713410340311040
1540800912901296128
1542558344925306880
1541874634945183747
1536696280038137862
1532839482180919301
1532832664968896517
1535318839428362240
1533932267617325059
1533467909065949185
1535311650949038080
1539601764265205762
1541078848577601543
1535040598847238145
1541390194389172224
1533765461132951552
1534120995405144064
1534660723363676162
1533776164753375234
1541512676366602241
1535167267750588416
1533234343870615560
1532849905965858821
1532627766713139200
1532625480549122048
1532591443667296259
1541859626370613250
1541456617509634049
1532639969491267585
1533239157996326913
1540264021538078720
1539237253863690240
1533863980187492358
1533916689741631488
1536033521956945920
1532732981705572352
1532386218910142466
1532676131828252673
1541811461210755072
1535223894931828736
1541689114617077760
1539484095788597249
1535177434403848192
1535299785518985217
1535743413496295427
1534827533811728384
1534584716011225088
1541503621283602441
1532734122287841282
1534154647904129024
1531858173535166464
1540505228117549058
1542132138455318529
1541829287216439296
1541390371321692161
1535919811921862657
1536023481963405313
1533888368404307968
1535302602849755136
1532746593660706816
1536974482677673984
1532426302707232768
1532627977615421440
1532611299733032961
1542034034506842112
1533859638596222978
1534372090215862272
1532182780641148928
1532752439664947200
1540825283045081089
1534089612200751111
1531889154912575488
1539469753651191809
1534218115072020480
1534156976980119558
1534109090678509568
1533557018732244993
1535364739848617988
1532589015546974208
1540734898746658816
1534485362902458368
1541148993958330368
1534983883162370058
1534425408707383296
1532630823928725504
1535361423588614153
1538563565765935108
1533833828430749697
1541170783002714120
1534263356290482178
1534130248899604480
1533213056142024705
1534285003957346304
1539556690797989888
1534982960285466631
1533436475215314945
1533954147988320256
1533373313522728962
1532817130638426113
1539260381125922818
1534139797316452352
1532989140056293377
1541497464053796864
1532424930054262799
1532104592082751490
1541416389948456961
1539329026929590272
1535313563627266049
1537025342895955971
1533952113667080192
1532072985976139777
1533611116957511681
1542039531599400960
1536687741538271233
1539609272375541760
1534101789804572675
1533170380692721664
1542022197081956353
1536092959887720450
1536081945796411393
1533952320328843264
1541909118474141699
1534977777828564992
1532057445698154496
1533161241711194112
1532758816932220928
1539257601682198536
1533940619424440320
1541528853331546114
1541890848476078081
1533916614445387777
1533231220217225217
1532677563163758593
1532642443765682176
1535290167594037249
1541389823239397379
1534224590687313924
1536820354043334657
1542148438493650945
1532723823115702273
1541882237297299456
1532384957741641729
1532664356571385856
1537034171910176768
1533926749234413570
1536029036983484423
1540984887271997440
1538885299668934658
1531876336079360000
1534153127791935490
1540973114535944193
1540845851081326597
1540490776102064128
1533917950712897536
1540536384011866117
1535474379764678656
1533466628859600896
1537836636574208000
1541615036770271232
1536032882677923841
1535921629489991684
1534908022295871488
1534634052178804737
1537826498761089024
1536820167946211328
1534160772795977734
1541048777628327937
1533911870519877632
1540948227322773506
1539521291035746304
1540489019406131200
1533848879992537089
1533763650074382337
1535501335658909696
1536766052469821447
1534165263784071170
1536685746970558464
1532611494906679297
1532671452062916618
1532395596555988995
1535200849667973120
1532095556201418752
1531928595647631360
1534874665222545410
1533917709058068483
1541395800445550597
1539236326750420993
1534251442483109893
1541887402863640578
1534111074320097281
1541831745921769481
1533930742316662794
1532807365787099136
1532426966070087692
1535197978411126785
1533896759478562818
1532627311081799681
1542111693773357056
1532778952334491649
1533434091940548608
1531964683074273286
1540847991438942208
1533189034641604609
1541835321607962630
1536312034496811008
1540986932599132163
1536466535245651971
1542232762261901315
1536807886231314432
1533368405830647814
1531917886733832193
1532668305600925696
1532614409801048066
1542177874198806530
1534092532149256192
1538122014027829248
1532367375617622016
1533922617933148163
1542028555655192577
1533934294506299393
1536637439422390272
1531874437578035200
1536222645926219777
1542038343130779653
1541057818522009601
1540505005081464832
1539695675264360448
1533926945968242688
1533444042662584320
1541706036750565378
1533899630341238785
1532620764075155456
1535408903210549248
1535981256663506947
1532302960671215618
1535327007990497280
1534170449474625536
1532613590682935296
1531942527523340288
1532738283133886464
1540873383784628224
1534133682994393089
1533954528311123969
1534077174650748928
1535918994904981506
1532357384030588929
1534157228575539201
1533543189684097025
1534581808138002432
1533944089024020480
1541904502802055169
1541089713754357760
1532643299860926464
1533049895032180738
1532678558799302657
1533945360233676804
1533663469425156096
1536000276615901185
1542618720530583553
1542080257393659904
1533908593703104520
1533405917751959555
1532641204151758848
1532635596811821058
1533992672133890049
1532627992706523138
1535115919927779328
1532611537655017473
1540890532381081600
1535381846145499136
1533942649106755585
1532621321963814912
1533942760121696256
1533823112084656130
1533188115321524226
1534244079705391108
1533973142955298816
1532964752896425984
1533932935920898049
1536695126927544321
1532699501777002499
1541185206081798145
1534145108899143680
1534052063822368769
1532355488813309954
1533821779856216073
1541835232554401793
1533310015938904067
1535359450944512000
1534466385199386628
1532667060991434753
1536664564296781824
1535521923219734529
1534066061305339904
1531885258324443137
1541390037060919298
1534166480585211904
1535526884192178176
1540960748523995144
1536127675588296708
1532697196918882305
1532806663337562112
1533916061376163840
1531920587781726209
1532362767214202880
1538791243882319872
1539702994815447040
1539958565015805954
1534156822013149184
1541314768149135366
1541305346345635841
1536353805524140032
1533918918724706307
1534136839166119937
1535153248390234114
1533077182603468801
1532664414222024705
1532328331705827328
1536366369272659970
1536829667335979009
1536041502660493312
1532821204674945026
1532644640427474946
1536061473553776642
1535029399245967364
1535298761622228993
1533412854266744832
1534076697288577025
1542148152987451393
1534444870743511040
1536002214417793026
1532990042309808129
1532828860429094913
1536020746438184960
1539236388872257538
1533919097788018688
1532725404489945090
1532680680718708736
1531809482258382848
1539583568460087296
1533183334821646336
1534043853916889089
1533439311634436101
1533400625597267970
1541925518206984199
1540254311862734848
1541899833014980614
1541751984520298498
1531816502244122624
1533864547102113794
1535642103623176193
1533947474427133952
1533901428216963072
1532673221849391104
1536269623766700032
1541449925308956674
1542118201751920640
1536605881684611073
1532253688819068931
1539236584582701057
1532011990708891648
1532071527771885568
1536385729764462592
1541816292864294915
1535322285602660352
1533404513461207040
1537333985898119168
1533925125262811136
1533591507361488899
1534220370865160193
1532813748351778816
1534907875377618945
1531960497771532288
1532624578387771392
1537023393454858246
1541413558067544065
1532737781180551168
1538112126501502976
1532714331015630849
1539713872889872385
1536033164040278023
1534048291817721857
1532772345873682433
1534190230982602752
1532723706774036482
1532473124515635207
1535183030289055746
1534241175514890240
1532717928398856192
1536293410159702016
1533983874652332032
1534531061232836611
1541911592979386370
1537836042828521472
1534278410624716800
1541841658819526656
1541861921179279362
1534273049767432193
1535679326414331904
1541184247846899713
1542493298790645760
1539319102870736899
1535343415831015424
1533971064572755970
1542092256173252608
1532848956417482753
1534563771368235010
1532015227973341189
1532463375661277185
1541854020159082496
1535197767353647105
1532040601805496321
1534623555522121728
1533532097109016576
1532686575729094656
1533102948401782792
1534411941938180098
1535800157551329280
1542006665628762113
1535487153769177088
1541919040351920128
1542169988425023488
1537116176832151554
1542037846697156608
1533971965287059458
1534347459119484931
1533923398295949312
1539013894919839744
1536022527201447938
1533376558261489670
1532770092148305923
1538136297914650626
1535296180028157953
1534942542474711040
1541905051467259907
1531836376068591619
1534457708996354048
1531845571585224704
1541871676098580488
1536483676053192706
1536482014374907904
1536047236047593473
1535381706622275584
1531900599075147776
1533905352999288833
1538576929430851588
1533717335084875781
1532965913498210304
1532493384576913414
1533199596599619585
1533709281459068928
1532682419328925697
1532500595021578254
1532013867542499333
1541476243312463872
1541930552651046916
1532764841643065347
1532656010359410689
1533885002508914689
1532300543376474113
1532686259646251015
1536061378833928193
1534811591899750401
1539016592595501057
1532726605902233601
1534618962348105730
1535507121156116480
1533916422233116673
1532760864524206080
1534122385208750080
1532677489436368897
1541474711435108358
1534080117525426176
1535340133054132225
1533908222452633601
1535277707872837643
1533445575877730305
1532336952393048064
1532761049702744065
1533969711477796864
1540714328281665537
1537814309706911744
1533945146504622081
1534581174617747458
1534476354019901444
1533922527826829312
1541895741496561667
1533038817363603457
1533003246687641602
1532774762895888384
1532664615947100161
1532001461294485506
1532724074773893121
1534257891003219969
1533908597528215555
1540702140385169408
1532466150008885251
1535178468551536640
1536648553770131457
1541025008784474112
1534543075313328128
1532683413634809856
1536258171651690502
1532677940600774656
1532767707619332097
1533522985453334531
1531790655835541507
1540695475610861570
1531911382173720576
1533015942552293378
1531828162182643712
1538269183397568514
1535650351998722048
1532646625319047168
1539860112289955841
1534237427828674560
1541881726816894979
1535928182129446913
1532300419212398592
1531905029191376896
1536356439777763331
1535484247355674625
1538217218781085696
1539242170946822147
1533811545494409218
1532677179288453120
1531922902139949056
1533910436302704641
1539518041289019393
1542258706552864769
1533950316323954690
1535383590690623490
1535850546636148741
1532638577842069504
1531856888006066176
1534063945174200322
1533923304725262339
1534170571533172737
1535323673447522304
1532767649607913473
1540844955895218177
1534949432223047680
1541394037936209922
1534873381769601025
1541833684759838731
1533808534193856513
1532045792034361351
1534231086309457923
1533671359515181056
1541850294358839296
1536813364436869120
1534006569771450369
1536639689528074240
1535301370093490176
1535299245166714882
1535297519344836608
1534049357737119744
1531933568171184131
1534090115051663361
1541837467409604608
1536764031377281024
1532431231215882240
1531911363664175104
1535324523221901313
1533925357014900737
1536034209051156481
1537032860770631681
1532090287027376129
1532824590073925635
1533955426550784001
1532360961193017346
1533609845764538368
1532761602235285504
1531875744468590593
1535488092068536320
1533091180967251969
1536250063919501312
1541875292620263424
1533531424367824897
1533845758138585091
1532734537960243202
1532816896634003457
1535308194880405505
1541911900006633472
1538998038852784128
1539257965143801868
1534577033698762752
1531933374641758210
1531868390347915264
1532822295324024837
1533011095404924929
1536023166795014152
1537418689515032579
1534647266576850947
1534099041176408064
1532708743099695104
1536029601369055234
1538076056481144832
1534157401796247552
1533919928213962752
1533890871527194627
1537789651678859266
1539733520096043008
1535246400103010306
1539257675535593472
1538542562977402882
1534748292474617858
1533383937564758018
1539912728713859078
1535328180877287427
1534150323459313664
1537112314968739842
1537807654273404929
1533915792902864896
1535312769540554752
1531965514657964032
1541764767098044417
1534101610942681090
1533885227029995524
1533133721272045570
1532395262219517960
1536962774361853953
1533359639437393920
1542032019860897794
1538498130823593986
1534162475624677377
1534083579084517376
1533964458141401089
1541234134730801152
1533923843231956993
1532631490022055940
1532604974961762304
1532404190084997122
1531972633977397250
1535644412256174080
1532731060211044360
1533929454648676356
1541844870670721026
1531898418767056896
1533457370243809284
1538159593469136897
1533871197431205890
1536638494499647490
1541480134565412864
1534608739864567817
1541362371763097603
1534076078528004096
1533729064120352769
1533524873854820353
1541561364237500416
1538160947889680384
1534206100345655296
1537864549797199872
1534096665627578368
1534067380225187840
1541880962543411201
1535544772793970689
1533936390383226880
1532712743266045952
1532104992500367360
1531853657813270529
1534135531822624768
1541007496051138566
1541406282644656128
1538012002118864899
1538207457792737282
1534067940764549122
1533952321331273729
1534112128193396736
1535165449339535360
1533924217741361152
1538609933960224773
1533950467411165184
1538796275239374848
1534925398731104256
1536790391533576193
1535498450539790337
1540617351971889152
1532099352096808968
1541495953991016451
1534415042086588416
1542196218473889792
1538162552722563072
1536634573911629824
1541101391749464064
1539478670015881217
1540490228485435392
1536791088186413062
1534217303084175360
1534580312486838272
1536753498640961536
1538670258533416960
1533472040761565184
1533847888077398016
1541411409220739075
1533530515759935493
1541917320196521984
1531914422553399298
1542259198158934017
1535338542808936450
1534081841703141376
1533326171684933637
1541877262626263040
1542121957793173504
1532633672377151495
1534615354609106945
1531957267192504323
1535020545582022656
1534248826193604608
1534155242929004545
1533846909240082435
1537065408049692673
1541516789812760576
1538533862120235008
1533931741035085830
1541187927027458048
1540806181530136577
1533791388680089600
1534086219243606017
1536959974122864641
1534180426188824578
1533950961433067520
1531929834733068288
1531847127122558976
1532661974470991872
1536737649825828865
1536023667116752897
1533917242840297474
1541925874408226816
1542221435346771969
1532535601781788672
1539953867185704961
1533537874431426567
1539543510210293760
1532688757916327936
1535720129320960000
1536687579814408192
1531964823591956480
1533914897494462465
1533323968303742976
1539635326666379272
1542050143968657410
1533936972791676934
1532330882803109890
1531976866747273219
1535042081990770695
1533784170668990471
1534253355261956096
1533684021133291520
1536045620577837056
1536820980563202051
1536807557133656072
1533902934827728897
1532091851116888066
1537098982530461696
1535201354351886336
1531916719664644097
1540462025029177345
1534068354805379072
1534030755353042944
1536485194156367872
1534190439967989761
1541864398100242434
1542640684922028035
1541165489132552192
1535621726175911936
1533207516548681730
1532428180409266176
1533922474772946944
1533117707687706626
1532785778367111168
1531972807793512448
1539807674455539713
1541157923543556098
1533916480059891724
1539680617092218881
1534938385403478019
1532219387356360706
1541495873317867525
1533931388730327040
1533221257273036800
1535447911777161216
1536716345915621376
1536577865524838400
1534088877870309376
1532797666056359937
1539240007747129344
1541523144783155201
1534092309217873920
1532680012326916096
1536067169225781251
1535145359307153411
1538445065596588033
1533911227914649600
1537897065446920198
1542509946255814664
1533711404829933568
1533937329060073474
1532702309523800070
1536538045775740931
1534240890859954177
1532629273630195712
1535267306317795328
1539330507682488320
1533890112475516931
1536971404591214593
1533509801971527680
1534445575197888512
1532313447454621696
1541476626810245120
1532844024972947457
1539307090480889856
1532082387785482241
1535581403252985856
1536097094833938432
1540700312155181056
1534354936284291072
1537089183042478081
1533436865390469121
1532854528411897859
1532999542181871616
1532743322929864706
1532757131107221505
1532635813506318336
1533525337472221186
1535322128207290371
1540793518913986561
1542534508720918529
1533173054750064640
1534638981996064773
1534137919195209728
1542045854919495681
1536070499238912012
1534101110096637953
1541029292058021888
1535721512921141249
1535331652603363329
1542463520113102848
1533952136903548928
1533918959216517120
1533899545767202822
1533367291458555905
1533925166220292109
1539240894976729088
1535014172861292579
1532785033823801344
1533879291645202435
1535300167141924864
1534122851262992384
1539404150672445447
1539221388925538311
1533325264071151616
1541084738575896580
1542229922382577664
1532868649173803008
1541840718301466624
1536044925648879617
1532738914309623809
1536292642522382340
1532797903319728129
1535179111722799109
1534424707486912514
1541111689705406464
1533734835566567424
1532811248357609473
1534108484232523777
1535382240196173831
1533382259411144705
1535526777484886016
1538600571623596038
1533383544143327232
1539207469762748416
1533805946379677696
1532558782718517263
1532093221316218880
1534026139382996992
1542084570526400512
1534620084806864896
1533915781615996931
1532337408410361859
1536256232893317122
1534145402630557696
1534430887433101314
1534051576414863360
1535618797477978113
1539310776103669760
1537840001735614465
1535319562425614341
1533384313718317057
1532809015142625280
1533526008175169536
1532714483302420480
1535390057430929409
1540445381699551242
1538414811020673024
1537370102521384960
1542645196629884929
1533896562086187011
1539570211095023616
1534255679103434754
1540766067269586945
1533212767741693952
1533201721417154562
1532471299204866051
1533849736742113280
1536614655766020096
1535265632383549441
1533977861517869056
1538807809424465920
1535988326741704704
1535916494411939841
1533774452684627968
1534906900999184384
1532743096164921344
1535923454402248704
1541886366753103873
1536034872451641345
1532313963458969601
1536640943645925376
1533965536844988416
1533951637970161665
1532041765708087296
1531816435739156481
1539698825748779015
1532591956605517825
1542129623466758145
1533936029069082624
1532096964627730435
1531961485852823552
1533415318554550272
1534113036453261313
1532620570487046144
1532757615729692677
1532116490215903233
1532628534950301696
1535257315838169088
1537096503637991424
1533927792521388033
1534210141796679683
1540448843669577730
1532626177696874498
1540619487627644928
1539023427348140032
1532637151229353988
1534294184450043905
1541133174851489794
1533410025061883905
1541046816992542723
1533787220213112832
1538158719518875649
1535136760086380546
1533747458378956800
1532731004749856769
1542189645525565442
1538667492108795906
1534048254190559233
1533899338333753346
1535264153891483649
1538258045142196224
1533198234629324801
1532318106957275136
1539974359107768321
1536029982719455237
1535286173144424448
1535917401598042113
1534478822871113729
1534066062710513664
1533523906098774019
1532826887533252608
1541970544555433985
1541841385078259719
1532740874211364866
1537507944866119684
1536407693631672321
1540399733419696129
1534571765371912192
1534024838456692742
1532362267471360000
1533881800048709633
1538159177348128770
1532611127783325696
1534039860440444928
1534732619237281792
1542272739716784129
1532986863434227712
1534081485053038592
1533461367511990272
1532831464714293254
1532982215214346241
1539221088646873088
1536381936847011843
1533930785991958529
1539904101143744512
1532022732585635841
1534536092623458304
1533854616034615297
1535696341342605314
1535304054640877568
1532974223194525696
1532007375250640898
1532814975026311168
1539259187502493696
1533427194680295424
1535474384588218368
1537698093893820417
1536241719121002496
1534141889875779584
1532623031524372481
1533446463006683136
1532122389491994626
1533882381253464064
1534051067239051264
1541841287850106885
1532718464376381442
1537759839732088833
1533946859995205637
1533932479966584832
1539527311938174976
1535731168473128965
1533947581654609926
1533825460752326658
1542035114871472129
1533536314305531904
1532638278050099201
1532634193661943808
1542079636829503489
1539364639666065410
1533891136166690817
1534095536743120896
1533536063611883521
1531862171088523270
1533948755682140166
1535272873358680065
1533576905642983424
1533854194867773441
1537826044245417989
1536473863852380161
1533156963219128320
1536021909724352514
1540487171362107392
1532451069942546437
1535056558719401984
1541918934038970368
1532957137932062720
1532035573862506497
1534067733586903040
1533918306725412865
1532677663684452354
1533835363583770626
1534144964497756160
1533943624701992962
1540992628027785216
1534137279379275776
1532695499618271234
1537419917577822208
1534157922665746433
1532255889012531200
1540267629868421120
1533729765601030145
1533443760125771777
1536029525385035777
1534836497593114625
1533915772518555650
1534216668066496520
1538203695418159104
1536835009142718464
1534130838543159296
1533871966238781440
1542118129098280960
1541264010112270347
1532841899136274433
1535298982276112385
1532639561469272066
1535584105387241472
1532657147145867265
1533514315734589440
1532302584085721090
1531866449370918912
1534937346696683520
1540477334851026944
1532710673221828611
1533925176538169344
1532045322238713856
1537206779351908352
1535011667951640598
1532483743625236481
1532285937488633857
1538807920070168576
1533940938686472199
1535301908361097217
1536653570300338177
1534178142813921286
1533226952181653504
1536763889450360833
1536305226331873281
1540790921867968517
1542530131100565506
1538524822636056579
1540498190520045568
1537064866430820357
1536023713967128576
1534589025528557571
1534088574202744835
1533932059529551878
1533537573590671360
1533047765638565895
1532861371628527617
1534088325107261440
1538608330314227715
1541819369457696770
1538565274265329666
1534059193828876288
1532241873506512898
1533853888738099201
1532615263534866432
1532066620386181121
1533159904504123393
1533856762650054659
1539677524950745090
1533906014671609861
1540610591466917888
1533913395736502272
1533963247191216129
1534190836224868354
1532628573395243010
1531897427841765376
1538444591149551618
1541618110242881536
1542045350655139845
1533966715603849217
1540963356701507584
1535373045984026624
1533970885559963650
1532800075319197699
1533978275336396800
1532849760708722689
1532639989364060160
1536080025879035904
1538088784474128384
1533896739324821507
1531860501080186880
1534051475571236864
1532788955879559173
1540571732817453062
1533859575870459912
1541771163331854336
1535517478146781184
1534106649589325824
1535307388407914497
1533198648451932160
1542050729107546113
1533917760748670978
1533906354510905352
1534873731696365569
1534056955735597057
1535992284101099524
1535624265445388290
1533761113963302913
1541921783258963969
1538599266792488962
1532964196681498625
1540006736094007299
1535598020309524481
1539239724090593280
1535305391856295937
1540712379096367104
1534065708103094273
1532722173760229376
1532687271723421697
1542089464796815360
1541907264658980867
1537696617159172096
1533916454260822017
1533684265468284928
1536212292639068160
1536756445089255426
1533942269308416000
1534880279361245184
1534187861938999299
1532676033840918528
1533887938072821765
1532382557756604420
1541850471542956032
1536925706973855744
1536637265375596544
1532385174444560385
1533209090830352384
1533520047842414592
1533217561432756226
1531895068679933954
1536074759754199041
1535149131995435008
1533434980939988994
1532053082426822656
1532089878862766085
1541815623205937153
1540318724212883456
1541128418116440065
1533874268462792708
1532676892750499841
1532482808672829440
1539321576688074752
1532731532330295297
1536115911593164807
1535179122351263745
1536848444609937409
1535892404129124352
1533936703244730368
1534238247924248576
1533872882371133440
1532307315046719488
1531984458794024960
1532098683130589190
1541736610949128197
1533064357722062850
1534278105061281792
1531831428274610176
1533945534779731973
1535315132179435524
1535281071679541251
1539700440522178562
1532802808008802304
1537832605348990976
1533949445150228480
1532506594549825538
1531914303519002625
1536255717178494978
1535881593721696256
1533917114003771394
1531841944825077760
1535218229148364800
1541887310924480513
1531884414178840578
1541678241995440128
1539322553583521792
1535324910205259776
1534592070056300544
1533957554656657410
1532007792650895361
1535058434491826176
1533401935398813696
1533186876156289024
1534556160900177920
1532772786732662786
1533976740338749440
1535477616798486530
1532993010601975810
1532755401380450308
1532965529329274880
1536026871002980353
1536052547844177921
1535619198138961921
1541498894961475587
1532389155476578305
1538543971374350336
1535237759471960070
1541851536468361218
1534549408863375362
1533916420895125508
1533433912940183558
1532774749801271296
1532674328835276801
1532486982978490375
1535298929125990401
1532735867042799616
1536503244381356033
1540821708889853953
1538163212239134722
1532748800632168451
1541499202479575040
1535911531384344576
1532709443372294145
1532091490956152832
1531995038993072133
1532106810613805056
1532843245184614400
1540987996509552641
1534263408450748416
1541373058916687873
1534115753812758531
1532677180156784640
1536083153831571456
1536711276789121026
1531889317295050753
1532635046498140161
1536043439267135490
1532410037573910529
1532260339571736577
1532000795566215168
1535063085035429888
1533182438159134721
1531964912934821894
1541399647943548928
1531877768375545856
1533938317250674690
1533533579380240384
1539257737766371337
