1332692365321117696
1329694756578979842
1329715189269360640
1329904799098286080
1329363120675033090
1327538550708068352
1331995638041628674
1331316839595577350
1329656234010558465
1332627107785175046
1331730390940344320
1330629621092655106
1328368772823003138
1332673126610644995
1332630304595578881
1330477499436961792
1332621281813028864
1333379059548626946
1333386561988255744
1332778729014177792
1329543929251958787
1332433292050706432
1329544912103202820
1327399951681400832
1325108494865936384
1324409079704551426
1329717226040070144
1329671746895683584
1329578329591209987
1332987769371680769
1332611863289401347
1331245337147813895
1330527851238612993
1331646807991087105
1329754480922021896
1328430336137715713
1332773870277976066
1330135845807017984
1332425653472419845
1331053840494456832
1329890520957587456
1328370714915860488
1329838428448559104
1329715904335196160
1323396023981670402
1329837546164121603
1329912214757715971
1329678441512374274
1329832261219442694
1329544633395916802
1328344663959490561
1329768468179275782
1323394856656527362
1329717598553055232
1331162005999390722
1332977496967553024
1325145107914395650
1329559384209444864
1328445857788796934
1329545665664475139
1332718794314289152
1333034398032289792
1323851306956656640
1332640022416289794
1330535208089759747
1323391960061779969
1328367623827054592
1329036732826853378
1333466969467719680
1324352240006668288
1331991389664636932
1333226943119052801
1323394879897161733
1332298462759706624
1328252127936917504
1332811853253259265
1329739450973368320
1325532497346760704
1329770577536700416
1329813895486304260
1329719502326669312
1330191421022867463
1323393989798699009
1333394852344700938
1322862079792107521
1323393245779533824
1332959016872513538
1332625089997705218
1329875130969976836
1329917790766161922
1333199516271521801
1329546895471960064
1330665773543677953
1329703590026481664
1329708343821209600
1327366960657670145
1329752582093492224
1329543835182116871
1327578086494363648
1332321693625438210
1328344012135292928
1328367490934730753
1332696359779131393
1333198236039917569
1332815874441572354
1323539748414259200
1332767602352025601
1328392215400509448
1329550557779025924
1327369085043269634
1329692900972695554
1333384731518447616
1329715601217114112
1329467293831749633
1328066686856155141
1323393189353562112
1329903000412884993
1330447191765344258
1330004824260218880
1329911492142133249
1328785226844270600
1329789354164809734
1332412093329444868
1329549822853001218
1329544144725958664
1329575115022012417
1329546148890234882
1329552327397740544
1329751266239672321
1329726096774991872
1329133704267042818
1328418504014487552
1333454547931570178
1329758869669752837
1329347417641201664
1331297642735935488
1332596359279632390
1333557113986158593
1332661912019066880
1328441421712519170
1333381582250528769
1328464013345349634
1333328608618819585
1328964567360282624
1329767870105079809
1331052400501792769
1332423923506573312
1329714954816151553
1329827328877355014
1329075860591190022
1323681432741597185
1329832715324174336
1329632769916481537
1322995195919650820
1330065811415961604
1333207027452153867
1329546187247063045
1332425572375531522
1328448532542611456
1332432655649042439
1333465687503810570
1332851621504692231
1329915620016656392
1326576304746082305
1333195852530266114
1330062367259041796
1333366106090856449
1333022232491282432
1332799058507948033
1329865405301723136
1329545710841323520
1327368823641661440
1329879060890214405
1333551616314707968
1333261728512172033
1327366316571963396
1332596428544368640
1329816291641847810
1323393472506769411
1332613681809645568
1329079714288320513
1332464046474481665
1329891738832482309
1329804280681934850
1333431539510677505
1332799190913740820
1329937529974517760
1329786590986637314
1327999977558339584
1323393468807467008
1332638689621647360
1327366166340255744
1332802116633702401
1332657389498232838
1325485240765308929
1330086109381070851
1328355845428613122
1333413391168319494
1322697844109778944
1323606575269974016
1329683922817572864
1333005403765026816
1324345669050654722
1329574592403419138
1325533722578481152
1330124794394779648
1333406614821494788
1331291932673388548
1323375243247931392
1329545889908740098
1329974782545309696
1329910710202224642
1332667114323382274
1329458382084956167
1332779197463470080
1329810142175629313
1329571619585601541
1333314502448832512
1333070964498853892
1328530365565329409
1329722453556387842
1329549772697591809
1329543929411330049
1329802652482498561
1329897433292222466
1329070837060743168
1333032753663766528
1329755739217387522
1329689869619236864
1328346100856737793
1331093242524348418
1329920216667742212
1329439496308453377
1332993828228362247
1324101647673499649
1332611988577509376
1333315486407331840
1331184790209515520
1329968952290766848
1324343050433368064
1332635364234850305
1329549616870731778
1332279833221599233
1331821053530632193
1323803991772405761
1329564305352781826
1332627234369236997
1329587315409293312
1332565336609202176
1329554850967859200
1329802596064833536
1323425963456286722
1329979777420242949
1333311230392537090
1332730921703837697
1324033110086979586
1329671390832816129
1329814569095733248
1333354156036415489
1332841574607228929
1332521215513260034
1332641818354311170
1328245754880724998
1329641777234665473
1332602604061384707
1330996142943965184
1327370327509315585
1329654368350711808
1328371688522850306
1329562679783120901
1330083885074571272
1332956868461916161
1325030302125682690
1330551046385643525
1324350614109884418
1329737003018186755
1324962821092876289
1329581618323972097
1325872672862052361
1332714665395302402
1333452977412202500
1325788019148906497
1332786127565172740
1329964641473028096
1329547644256055296
1323392846385348620
1332606352410226689
1329767725078614017
1329766372520366086
1329749846698311682
1324355482988019720
1332661555419377670
1329957022775848960
1328814202908270595
1329438165149622274
1329613162786775042
1323954270622932993
1329580458175320064
1328484955681382400
1329653656862461952
1332726800745631744
1323394480024752136
1329733702763634691
1329548216430432256
1332637279647633408
1329813688237305857
1329655208717246464
1325054359525273600
1329962143958126594
1330133283519213568
1329797969508495361
1329595292220608517
1332702814519365634
1325789227259465729
1329912355367620615
1333370346402172928
1329711817128554496
1332452328453140481
1332292031406878720
1323515302496358401
1329881090677493768
1330093566417395717
1329746436406251521
1329549371759800328
1329869847468105733
1329544882692755462
1329943363987107841
1328331809151705088
1330641081558556672
1333077258215563267
1323391843686645760
1332010955505623042
1330296862482567168
1332661886215737351
1328283783209086976
1329720558196547585
1329960606896623617
1329568506006937601
1329140802895884294
1329740483770388481
1328429173556260866
1333486299609772036
1333313952617558017
1328484011572948997
1327352441189396480
1329971606819487745
1330424610089807874
1332773771854434307
1331613966422978567
1333409622275854336
1329678939661471745
1331675982361735171
1329585991380848645
1329078673714995202
1323397723664666624
1329547551197048834
1331940923438149633
1329738218510626816
1329080124881268736
1329620762387476482
1329730665831608322
1329738575726989313
1329546256750931972
1331652128746692610
1333362884974358529
1330034738208395264
1329903522985467906
1322976890328678400
1328373575187836929
1327374418671230986
1332602607291035650
1332260013012901889
1329543680483581954
1329916014096683009
1323393261109682176
1329570452075913220
1330132264529899523
1328101446810742787
1329912272165154827
1328355130635407362
1325178297307832320
1325180826795925504
1329702366556336131
1332624973874278401
1329987240609583104
1330213731758977028
1328457644252798977
1333281371100426241
1327956236390838273
1332765692932845569
1325146521025744897
1329781720162381826
1329848393523470339
1328855448905281540
1333371637178183683
1325802144063229952
1324756002110099458
1328439860055732224
1329629161737101313
1333297667410178049
1327365989760184321
1329908107200393221
1332823796135456769
1331784237398192130
1332770206205308929
1325252542981398528
1328521342837268481
1327004441833328640
1325169146259267585
1333047618998575105
1332636477709283328
1329847522806861824
1332720123950616577
1329979035359850497
1331977547425439745
1332998389785563137
1325501293809586177
1323392819080384513
1330292868515311616
1331088152510009345
1329605743427858445
1331279094621810695
1333364748591783936
1329680271080361984
1329677335956754434
1331611569084633088
1329557514250297349
1333422748656414720
1330584634640523268
1330255516061331459
1329926478767808514
1329808455369154560
1328198420046245889
1333469715218444294
1329788356864172035
1328058705066201096
1332595236766408704
1332394720694251529
1332815740597010432
1333432111915806724
1332497328792547328
1332661148139786240
1331648219420495879
1332601100885762048
1329831923481522179
1329829880083734532
1332656374761861125
1329544905111310345
1329592011633123329
1332406144183267329
1324575536383893505
1322963968768548864
1333208351958855680
1329909820435148806
1330093993145856000
1328367843881181189
1330297764224307200
1333006481139097602
1333398005484040192
1331675802568691712
1329848467888463874
1325145897592762368
1333411730987364352
1330128533813923841
1329807640550137859
1328221862627831808
1327612361289633794
1332425739593986054
1333301712782766081
1329911095105118209
1327365719512801282
1333368824368947203
1333308813575925762
1330115753069207554
1333209160071208960
1330782735800135681
1332993250504945666
1324984127792308224
1324001137129934849
1331055072646733824
1329729073321480194
1329677822261141504
1328307851329204224
1332763099175251969
1332644035153063939
1330154382873202689
1325161487355301890
1330155021875417088
1329544866267860993
1332386079064854529
1332640535564201984
1329553287595569156
1329549994408480771
1333359223061819393
1333373983094398976
1333266438556094469
1329642030146916353
1328384302678241281
1328373196370927619
1323395156687675400
1333061993947942912
1332810522975227905
1329545353176244230
1328022888360931330
1328426323275079681
1329918583015673856
1323302202778259458
1331765418936164352
1329722602441617409
1329609671313862656
1329558186668552194
1329545555425570817
1329916155872632832
1332771907939295234
1329672377647632386
1331306527962042369
1329757069340241931
1327960375996932101
1332614911734673408
1328390144374796288
1329547624144400387
1332981247577104384
1332814188272623617
1329903726149197825
1329560605162958848
1329704814348034049
1328364580859469824
1329820064795779075
1329546846893731846
1325188051648335872
1332595590404960257
1329704086590132224
1329809265557639168
1329717276136837121
1332595599586291713
1329924074257195016
1329687460851408898
1324776605668048902
1329571022362865665
1331054798280519681
1329558867550801921
1329627640857305089
1332710147915997186
1329543972918874116
1333370406829428736
1328346631071272961
1329580234769911808
1323515667849596929
1332715485935378435
1331557389607309313
1329695927674736640
1323392089422442496
1329985024003813381
1323406737047769088
1329839937827590145
1329706357579276291
1329846702824677385
1329547073490972672
1332421076031332353
1329671723118157824
1329631978661023744
1328100930856890371
1329895888655953925
1329580849944117250
1333198140854456322
1329902062054858758
1329545344930246658
1332767982024601600
1328375693558820865
1329124551834398720
1332774741187436547
1329817763494440961
1332628588420599808
1329654553944403968
1333314134281170946
1333016949320802304
1327350650104123392
1332707251891687424
1329789145519099906
1325340791087181824
1333311897354072065
1329547247181307904
1326513700270968832
1329755086143238145
1332792804859318279
1328409676514471936
1322781648023420928
1329640763446226945
1323580735815634945
1329937739052093440
1329654659414446080
1329935148880637952
1332622122695467013
1331317055858028551
1329749393994604545
1329168663430254598
1324003734708461574
1329747751320612864
1332831311883485184
1332622266765611010
1333243329648136194
1325185940327952384
1332767984146903042
1328055601205829632
1332566847473020929
1328626969412575233
1328283741672894464
1327520951496544256
1328381328866369536
1329698911364263937
1331247875779649540
1329803529821843458
1329546228347101194
1331051685477822468
1332432799769505794
1329863111554293761
1332423213142446081
1328073693642289152
1332785761813487617
1332530487211024384
1330185544022839301
1329773037173026816
1328611572114219008
1329454623028076545
1327463774580781056
1331641464334524416
1329980501730480131
1332651657314906112
1332600241162498049
1326885593633218560
1333341987068653568
1330564155686969344
1329769755541184518
1333310389526941699
1333207977948565504
1329667360870035457
1329553327798054915
1329754492825460737
1329925675768274948
1330177789455200261
1333048688248238089
1329735865313202179
1324454206007365639
1333373379240468485
1329717735106949123
1332736932548382727
1332310765848711175
1329748637048578050
1331590957612093442
1332633403905224704
1332293304965353472
1329857934206132225
1329563011795849216
1329588303679680515
1328432871611228162
1323395213101072384
1329556430815375368
1329339669063098369
1332420793196834817
1330879961994031104
1327020194854793225
1332650624626921473
1332442884600180742
1329857712293867521
1329149276241399808
1322832360170262529
1333541758995746820
1329754315892940802
1328448192678129664
1329561800837390336
1329662377755877376
1327502268883750912
1328054912362700800
1325822517504827392
1329710147833360387
1329867599568572418
1323392523709091840
1329567296621252612
1323477373375971328
1329555857441492995
1329813437568995334
1332607822270492672
1329937456251232262
1330017095468392448
1329705172180799488
1329907828715352066
1324330624266706945
1328567842787241985
1331664817380339712
1332602281049591808
1329890509318483975
1329700656194740230
1332595532469039104
1329876321623748610
1329670847422996480
1329747976508624897
1329902336731455489
1329676890576044034
1325147170446614530
1329903238301224972
1329549046017626113
1333196415342944258
1333208356698337280
1328460989583532043
1322983591165546496
1329701260296151040
1332439709444878339
1329947253658816519
1329873297228636166
1329996370569277442
1331280512703467523
1329551884500291588
1329415178161676289
1329071566437707782
1323260671606296577
1324337915145703424
1331654224506216448
1332777692694011908
1328542209747144704
1332793537616809989
1329743159409172486
1330473842578497536
1332601934600155136
1329665688047333376
1329566083456643075
1323394937266884610
1331969182402048002
1329583216974508038
1328645708250034177
1333309129528586242
1329582335017308161
1331262571970580480
1332606829671698435
1331393833897234432
1325152185710112768
1329997326413389826
1332767565630812161
1332569159620829185
1329547073583198209
1325145913183117312
1329690884330442754
1328682125160312832
1329560078492590081
1329353029473234944
1327959185355657216
1331054953016791042
1327588035484131328
1328385920110833664
1323394461569789959
1331639841063366657
1333284750157623297
1329665335155429377
1329070367353102338
1324176614771642368
1332659847389728768
1332596504381493248
1333081336538599424
1323471606958727168
1328374706639138819
1328358404830748673
1329851093413748736
1332642150224375811
1329560076131119104
1332726918915952641
1329721251879923712
1331978084208300034
1329733749488181248
1332792448247099394
1328888190648905734
1329682172458971137
1328528777752834050
1332460783498833920
1329683004025958400
1328448939578843136
1328369127166275586
1329558617851367427
1333398343469453312
1329077507123888129
1332710358767824902
1324020563682230274
1330295711628488704
1331603666088947712
1331352604266401794
1324024698624237573
1328826771266031617
1329594299516903425
1331285232524406788
1329694752917381121
1329906492758237191
1322806034864492549
1330422622698561537
1332639807663710208
1332769017866690561
1328417675165523969
1328447327179313153
1328046734224863232
1330955945153802242
1323988806081630208
1326266354513620994
1329903949088960517
1329869243177906178
1332639166698545153
1323056263920574466
1329679665687093249
1332618196688515073
1332637680300154881
1329217449397547011
1329856549389524993
1325054246253973506
1333381301542465536
1329549277874491393
1332020322728615936
1324443395180371968
1329733073089523714
1329958101458558977
1329716800519540736
1327727493135130627
1329910524264505347
1329586204287885313
1331394127720747009
1328491964266934272
1328277797471719429
1329552894962659328
1332420430129467397
1329570852875202566
1322982239853023236
1328780446612779010
1333448733627977728
1329677962820640774
1333543902452862981
1333321996126613507
1332799923264364545
1332617169104998402
1329764277511655431
1329674606387539968
1329825574630662144
1331329301178970113
1332281340285362176
1332646613446176769
1333357777796943873
1332959450924199938
1329554675952201728
1332797124283658248
1328418795153711104
1332593605286957058
1333386305611427841
1331029607890505730
1328520230218440709
1328271463523213313
1329867996173656064
1332769605488685062
1329916544244125697
1328393660954791937
1329984032420081665
1329869618622689281
1329551668791406592
1333003655738429440
1332633212183523329
1329677239747751936
1328341761744384006
1323392899346767879
1329888838488104966
1330202055403827200
1329573056851881984
1328349189349249026
1329836890686623747
1329919427060568066
1324336758729879552
1323215240427905024
1333308463439556608
1326710475481092097
1323396736811995138
1332900923895672838
1329801828112928768
1326534084370165761
1332302362434744323
1328396851180163072
1332656611563810817
1328426282091225088
1326609266770399234
1333304296201400321
1329619081977270277
1329591714353471496
1333202269899206657
1328428673645633536
1324461761374916609
1333405895435448320
1328316213676695553
1332463253058940933
1329896902561763328
1329773636459393026
1329688949422501888
1329552506557517826
1326525093493805056
1329555214362423296
1329549839722565633
1329783346499563520
1332419017441685506
1332743950902366208
1322975073209327621
1324339985017937920
1329835115644588032
1329546542534057985
1331310870811521024
1330454708935397379
1332486973324484608
1328435915522519044
1328358954657869824
1328346474481131520
1332457442802806789
1329987941393981440
1329963867129122817
1329556413333573635
1332807233940418560
1329698555808845824
1323391932392001537
1333308468481110016
1329550999795720193
1332681172871155712
1332645912045293569
1329958581555310592
1329761804684320768
1327562496538972161
1329689954885267458
1329644013151006725
1329559665395511296
1332387945282752512
1329958305205276673
1331287183798525954
1329744528706854919
1332681673025204225
1328065746598031362
1328020890299330560
1329887189342285826
1324153809719992323
1332608613358112769
1323396434058760192
1324331321750097922
1329544254339887107
1327956778798243841
1332391157993713664
1329726367555072000
1327267797852950528
1333138207907737600
1332814366861881345
1328395871831134210
1333318257575686144
1331983691887874050
1329627630191210499
1329694213806632961
1331633614874959872
1333435388719927301
1329905816846143488
1329802247484678144
1329551892192620548
1331676168530104322
1332667388211441664
1331646735693778944
1332656070276370434
1328056664197640192
1332386023888842752
1328822042590896129
1329743962769416193
1333316046548250625
1328376596877733888
1327354669484691458
1329794801961758722
1329552820790497286
1329863099856400386
1332604429644795905
1329685070785949696
1333000535331450880
1329680238721241089
1322981353688862721
1329690936536952832
1323856534175174656
1333381804938702848
1333307720338984960
1329783107965345796
1332663150538272771
1329736359658008576
1332770767734534151
1329594987894476807
1331007812919549952
1329898148811182084
1325795277589139458
1333429658625454081
1333176112566968322
1329546447642103808
1331065478727524352
1329772530585001991
1329546711421825024
1329728049823277056
1325227504043515904
1328347408993030144
1323625430109298688
1324447737396514817
1329872374917967873
1332014657645764608
1331708565602643969
1329937315528142849
1329685060514177026
1329069921276293121
1329861158967316480
1332430517346635778
1329036888481599488
1328351593247469572
1327528196867305472
1333370954723028992
1329555479127797761
1329677027432140800
1328378690502336512
1329676545770872835
1329865797662093313
1329552089597562883
1328380117605900290
1329709794446503936
1329697057037291520
1333373763501559819
1328421112351428613
1323755269977968648
1329615356755906566
1333329347164442625
1324411654080253955
1324181620463751170
1329914208767578113
1333328834079363077
1329661395386970114
1329694555889930241
1328326551256133633
1327461403981189120
1332997148053475329
1329697345517334531
1332440315463163916
1329733730487967750
1332823386653863938
1329840626414841860
1329709376672854017
1332436124468449282
1329551786890420227
1324100968796065793
1332753776323801092
1329555985036431360
1328354032495304708
1327368068067168264
1332609210060857352
1329825604099858432
1329544173448474624
1327734490714738697
1328384219593236482
1333223315754938380
1331334097353011201
1326467448229556225
1329842131385643009
1329725582607872000
1333059302496595969
1333271522853662722
1332190982713044992
1323228648128864259
1331861552249663490
1332774854454599683
1329902225406251008
1329715740929372162
1332631455906869248
1328400846070181894
1329682714086178816
1328614127783325698
1328339406558797825
1325306102867693569
1332778377418248200
1332705166945095681
1332956891538972672
1329664421036175360
1333011941766418434
1332787063788359682
1332390588457635840
1329408636674772992
1332778705031213057
1327976654824755200
1329562779024547849
1329609344795766787
1329960659254185985
1329700454020902913
1329904306238189571
1328574042224406528
1331196469148344322
1328331098003267585
1329845252073672704
1329561301920649217
1329549504622759936
1329689720717250562
1333280626892550145
1328343280766103554
1329672534590185472
1329857630442041344
1329357096874340354
1329554425669672967
1328069630716424195
1330991381758799878
1329937671934914563
1333315408036847618
1329667768388562946
1329549516803084289
1333351736896008192
1323744841763880961
1333016014230069250
1327610083073732608
1333482688506945545
1332556568198569987
1330892027609952256
1329745853574242304
1329049266875142144
1322868016929976328
1329685485246156800
1323967584895729664
1333309516998438912
1328950013104427008
1329764019289395200
1333231185154121729
1329985587747688448
1329755067055034370
1328417818904236035
1325767922925637633
1329658524528484352
1329623243787997184
1329735452144840710
1329936119723593729
1324336689469394945
1332601474812145676
1329750769306914819
1329807511042584577
1325183133935955968
1329883923996930048
1329833538930274304
1332428633995087875
1329699267259355136
1329558541934469120
1329703614059786242
1327963996729667585
1323396596365725696
1329950874999906309
1332677489030782978
1324443987156021254
1328119771498500099
1331104860427726848
1330287869861224448
1329427621143261185
1328050316047224834
1329910683954262019
1329663590840881153
1330878991868309504
1329681460136194049
1325216473749495808
1332837828657614848
1329572707508379648
1332655698979794945
1329712365353492480
1332706156230348805
1330474015325097987
1329846559366897688
1329756687872430081
1329894505659703296
1329546178518798336
1328346393275215875
1329914917516959744
1329343323249799168
1328404761859731456
1330128360287170560
1331497534062260228
1323393726924967938
1332775377375293447
1331570504910725123
1333369595663671297
1329435552236658690
1324201653881442305
1329976901314732032
1329544361131073536
1332610237799522305
1330581584089636865
1329721587176759298
1329767041386106880
1332924097714655232
1329851296954920960
1328345278290735106
1329661162057773057
1329664767187939328
1329568354005356545
1328103058870579201
1329544143643811840
1325149443352453122
1333079994373992450
1329734185939038209
1329637952553627650
1323394777405104133
1329557434789203969
1328533263342825472
1329682262401703939
1329957190048866307
1328507712250974209
1329544411701780484
1332425363260051456
1332786782409285637
1329565622578130944
1329699624748273665
1323392453328674818
1330090866279649282
1329559095695839238
1324347835941330944
1332814511347298308
1331054284117598210
1328242537103056897
1329681989591502848
1329561914838495233
1329911240244785152
1332422406045134848
1329720501321789440
1323393704678334464
1322806361672003585
1330134414739836928
1327365713334575105
1328678741527191553
1327972096610357250
1329744834924572673
1329549859398029315
1333196005093888001
1329837055933878277
1323852134681632770
1327366572525166594
1329574637508956170
1332637301663555584
1329952111627419648
1323392406721617921
1329910069094445061
1333136859686465536
1330092237045293058
1322976875430424579
1332042717413728256
1332465649130627072
1324337639210835971
1332888212222697472
1329620440537554945
1327560655575068672
1332281148496601088
1329552924461117444
1329972979598548992
1329795577228521484
1329884900900605955
1329767598519701506
1330974977143746561
1333308507672686593
1327365598834266113
1325152531262083072
1326491895191756800
1331620719214596098
1329712138085167104
1329078821908217857
1328345172468436992
1328339476821778432
1329721595905052672
1325653464865771520
1329559883323240448
1329578039441809413
1329749094139621378
1329738724587024385
1330073761438179337
1329698258114007041
1329543819600293890
1332419476202123269
1332927243031621632
1326470334023950336
1332769626200092678
1333005557838573568
1329807997674065920
1329076418576171016
1329551109048963077
1329910206764097536
1324010610384900102
1329860417066315778
1328515238900232192
1330164812521877504
1329812662407008260
1328753799381577729
1331052130954858497
1332601119634313218
1329432361319223300
1329000801210134530
1329802314065055746
1333376411168632832
1327974082328080384
1328614032576827392
1324377528241446917
1333013316151758849
1328344618396684291
1329894614967459840
1329939908757245954
1329758121183547395
1325867873668132864
1333308014909157376
1329448333157543936
1328489089767796738
1329562718219751424
1328106107965992960
1329959077968027650
1329791259821617152
1328435071938912257
1332668540583780353
1330080575106019328
1329727314075201537
1329532113247490052
1328328499136966658
1323377249631043584
1331007973251051531
1333246280571756544
1330091054096408576
1329913033896943617
1328381949245874178
1330116528252067842
1330195181828714504
1332656220575043584
1329899088368820226
1332989834873479169
1331052921857904640
1329775138359955456
1332659849503666178
1329584773174599689
1329557050129608704
1332670404431851522
1333196925982691331
1332766998053462020
1328043843200102401
1333406801681911808
1333355680275816453
1332755683079499776
1333230667795197959
1328889891615338498
1327599320816902144
1328424630525235201
1322842598915117056
1324362625648627712
1329686706912522240
1330287254108065792
1332881091406024707
1323378918368432130
1329707418071289857
1332815173841801218
1329691079243952131
1329701885780090880
1329902375319064579
1333303604464283650
1332421352385622017
1329560156087197701
1333004236511178753
1329774139511607296
1328401394391543808
1333305428323819520
1323399377730392070
1332691245597159425
1332640476818796546
1332420273015037953
1326240159524941830
1333543271264636931
1328408501224398849
1329545286524481537
1332998218876153856
1327972330040160257
1328356769068961792
1332640476101480454
1329550854094000129
1329663173125951495
1328427725107974145
1329558381632385024
1328058878265864193
1331688024795717642
1333463028394766336
1329585609552388096
1331030060086796288
1329979104716840964
1332769035327578113
1329741373403238404
1332433339886735363
1331676625214300163
1332311656454647809
1328362166030897153
1332641537956720640
1329929416873566213
1332582303164493826
1332593255368814592
1323362245515137029
1333201392291426304
1329925396272439299
1329655600595267584
1331602813923844096
1331724571028955141
1329927688702849024
1323017771136024577
1329876941072166912
1329549614559752197
1332767981588377600
1325157987925839875
1329953247902248961
1329865308941791234
1329667930724970496
1333407916288856064
1332589924214837248
1328155870094614531
1332633680674746369
1331979724139196423
1329941818113396741
1332761234664468481
1328372060658208775
1329937087903240194
1330972564127145985
1329640050917842947
1325506880165310477
1328345648907886593
1329932238729990151
1325165768208752640
1326506800611553281
1329886471046762498
1329721529664495616
1332290356424159235
1328795823891767297
1326516757390110724
1325055139187748871
1325150795428294656
1332708532198793221
1329803064115605507
1329619515215253504
1323392648946864134
1328344596187934720
1329726781142818818
1328405560065187840
1329776299972366336
1329570682989121541
1332771531710226434
1332419624571445249
1328672880650047488
1332601092006404096
1328377784742408193
1333296923302825984
1331053423660298241
1323664180889722882
1333401368170803201
1332630002848952323
1331646923942621184
1323673874769289216
1331014618307825664
1329544230881144840
1328367440166842371
1328480089735098369
1329909970125664257
1329745989444526088
1332587062822907905
1332610487767461890
1328228179136405509
1332838767581859840
1331030058589429761
1329966776931807233
1328364163052269572
1329702686594396161
1329663407855984641
1329656650895134725
1332071759588241411
1332972310630961152
1324921960837603333
1331011456444325889
1328516867867226112
1332437492549758987
1332787266473832462
1325877492192665600
1329543874696589312
1333176834150850560
1332782380101357569
1331614169230086144
1323393870563024902
1329681909283229697
1329864333258608644
1332414546032685061
1325846424685326341
1332595779677155333
1329722622301630465
1329422069151518725
1329650399398293507
1323140720941817857
1329744956521656324
1328102632251142154
1333511986383106048
1331674778713939973
1332793346360815616
1323394662556672004
1329951172359303170
1330229974092144647
1333440828791009281
1332392613572382720
1329708344504967168
1329918248905797632
1333530166212112384
1329967801294086144
1325728767038328832
1329916199338209285
1324922379622113280
1329792088549036032
1329777915408617475
1324514037774897153
1324147195139051521
1328611403188625409
1328368099570176007
1323654768703737856
1331581388286529537
1329077849005780999
1329962242062872576
1329706779652091904
1329896164586565632
1332428242108768257
1323394814600224768
1323990055627616257
1328421632310988800
1328010414567927808
1332772069608656898
1332669022735839238
1329689059887878146
1331088452100763649
1333392376287670273
1329691337512325120
1333397156707889154
1331704622550020100
1333374433512263683
1328394612285829121
1332604017478946817
1329697246347210752
1328356532539580419
1331056145054785542
1328438319139713029
1329713972862390272
1329753883468500993
1323392837115908096
1329434167478726657
1330112299907080199
1330444995669749763
1329552094773334016
1329673948108296192
1332419291967348736
1329065382179721217
1329727675108372484
1329706374780088320
1332772442033500165
1328354410691489793
1329835708924747776
1329561976440287233
1329942292950622210
1329919400506482688
1329763601356365824
1329718600010227712
1332420416233738248
1332936752529616897
1329822815185465344
1328101626515746817
1328054419372580869
1330281119120502792
1333361917981827072
1322952167964217344
1329549742372696067
1328048239719944192
1329746812937383936
1329569483153956866
1328813983118274560
1329667922181156866
1332650461573345281
1329556842813534211
1329103708102283265
1328372412057067527
1329657433548009472
1332628921209110528
1323610671397949440
1333391343503237127
1332635066816745473
1326338482772602883
1323751683915157505
1333051928561987584
1324369543268044800
1332680661791019009
1332668880716783616
1324099737495195650
1330772050357743619
1329548798666956802
1332640997348683776
1328340498646446082
1331053934253838344
1329822226426814466
1323384860128518144
1328345839161511937
1323616847917441024
1329712863850749953
1329856626656940034
1330634023069233154
1330469832471556098
1328030249397915649
1329922473752731648
1324773530274353153
1325810052108791810
1325871198161526785
1325590056355172357
1333282804323524608
1332651232977166343
1323395960484016134
1329674615132741632
1330584215453360133
1329906097432514560
1329691531503132673
1327407462669053953
1328444023305072640
1328107788841705479
1328370468303278082
1326551467038175236
1332820280780206084
1329837837118738432
1327506982547369985
1329921685521387524
1329806842848030720
1327379916132929538
1331058677219012608
1332601736524148736
1329957665628446721
1332714314634055680
1332451307324641284
1328115713706512384
1323484116264931335
1329572060083916801
1325436861267980288
1330143468509949954
1329692142114058241
1329722234580176898
1329913862599172099
1329345469793906694
1332814477134352384
1332440648541155330
1329722200719577088
1326710757581594626
1326344919879995392
1332291010467160064
1331649063629021184
1329552083025080321
1331980883977527298
1332710494621347843
1325590420445913088
1329655908574654470
1329679121388097542
1331181824375218176
1333398368295530498
1329746813868535808
1329754112443998208
1329994426190622722
1331229725679882241
1328472444257099776
1329561277111410689
1322880692552949760
1323483723329921024
1324114086448238593
1322976736200527873
1329576182942199812
1328613091920195584
1329140097019752449
1326817514211389441
1323100345707433985
1329713103119020032
1332675906754764803
1329557550736486401
1327004531620802567
1333207756782919681
1329963926499565568
1328266174770122753
1332798774746505219
1331676359698026505
1323024378758602757
1330802696127967233
1332104504335069184
1327353480735027202
1329934665252265985
1330575815608856576
1323673033618370563
1329693602977550336
1329579471943442436
1329687347059978240
1328117083150946305
1332602268387074048
1329779064157167622
1329938108582948864
1328344176480702464
1332846416738344971
1324392935740366849
1330912283426435074
1332419174879141888
1329559427469414406
1329725015059738624
1329691747006488576
1329583109243875328
1329577323302182912
1327568876616486917
1324372724735770624
1331710264601927681
1332699407364612101
1331031869668913155
1328610957711581184
1323394130559619072
1325149064552349696
1328528387636400128
1333476199352459266
1323408652800303104
1333280324281901058
1330862659676348418
1329705998890754049
1329696527305105410
1328344563459747845
1325167728768868359
1332695982811836416
1329472927755067392
1323624689546240000
1333391119665786881
1323375379315367939
1333372633140908033
1332703547318824961
1329861570822860800
1333025029546766337
1329862591603216397
1328090755546669058
1329672900178219011
1324044715839361029
1333411292514824195
1329781870003941379
1330880211978760192
1329706981142245377
1332795548491984896
1333244547745390593
1324366679980281863
1333196517000273920
1325867134556188672
1329723165413683205
1327547723864805376
1329934421747789826
1329800853394436096
1333212449013719040
1332335566612992004
1332410444842233856
1329546976950628358
1329676418423328769
1329811969654853632
1328344904288886786
1331627095294926850
1329725698215464960
1333004652154150912
1329669303541620741
1324445437491904514
1333384123096952833
1333147027681783809
1332402544233095168
1332358631514259458
1332660589966012419
1331376185452990470
1332342610703376386
1329901412868907008
1327958620152221698
1332016327402381312
1329949328220319751
1331978903469109249
1329850051506679811
1332774666650275840
1328966832322179073
1326835885602705409
1331054751266582529
1330144844199698433
1329934090129334272
1329933607557877761
1333369936056606720
1329794475691036673
1330144469363126275
1332678018343559173
1328364284947140608
1329936080133644288
1326524546367836161
1332608025845243904
1326530396306112513
1325795175730475011
1332585312791433217
1332421328452931584
1330208830744121344
1329667419649011712
1325368933994606592
1329866319005691906
1330123976635523076
1328950297595703299
1329880935643410432
1330122979422990341
1329778372646379526
1332633723678896129
1332471274828951555
1331200148416962561
1328344127331848194
1329855398799667203
1332798163858690052
1329561683950399488
1330211099166302208
1329943004111646724
1329563757798969346
1329780892311674880
1329552591622168581
1331620884868702209
1329567223384567809
1333408251518529540
1331031024579428352
1330294974076825604
1323003297599553550
1329554974783787009
1331607101056176130
1327399529050681344
1332755149941575680
1325501046064619523
1329560258273026052
1329668188431380480
1332686987476787200
1330242448552058881
1325173520205291520
1323163897902309376
1328301243215785985
1329557457669136386
1323610062288551937
1332606405401063425
1329967821535776775
1332624248775565312
1329874889680019467
1323282678674821120
1333240743440375811
1333293342449430528
1329544244055437312
1329535174099554304
1325899381074223107
1329697043451944961
1333007476560703488
1323396772639707136
1333364886408224771
1333196184907902976
1329809318120738818
