1503377403502026770
1506624904929726467
1506163330125381634
1503374153654710275
1503366458771972107
1503365201843924992
1501492502368509956
1503398327479672843
1503367919698337798
1502151935813558283
1503488184767987714
1503357383489339392
1502352366540099584
1499456336618209281
1503375395458060295
1506591975990079492
1503057149647376385
1506299673304342528
1507116100311568390
1505885648967938049
1503385507258114053
1503377530321047558
1503411726603235332
1503504295727087620
1506176362104737794
1503503838317355009
1500481016913408003
1503376380720996362
1506291774121205760
1506394793106190344
1503616430956331009
1499813644497874945
1503425654540410892
1503420003852374018
1503411559699259394
1503044661623115782
1503376737224298503
1503415396120023046
1503682502984192003
1503414390539923460
1503900928830631938
1501163252465778689
1499832280763748355
1501542880388993025
1503386020087226379
1503695376548876292
1505571791749713920
1503400893781364739
1506277499084361748
1508854150964076552
1509003920626143235
1503519280171831303
1503369353395380224
1506543663677157379
1503375470309654538
1503383605334224902
1503372069567971335
1503615673959952384
1503413177308098561
1501932108511465477
1501263419365855242
1503386238480531463
1505988334610440202
1508132168064770055
1499379687222431744
1504613034161057801
1503446362813259776
1503367519691804681
1501162224446066691
1503423398168477697
1500087190776340486
1503575662032048131
1503428439537336324
1499632361071390721
1503387120743944194
1503702504898449413
1504590506306772993
1503427402357215237
1501219452234436614
1505475284916740096
1503858582584016897
1505994054588407808
1503482102381260805
1503350965889650689
1503413632117399553
1503382102821474304
1503926258966609923
1506373727465971713
1506105212766986245
1508951491578667011
1506765716577525762
1503402968368005120
1503344464462585859
1506718034903412736
1503513437183385607
1503376961422381058
1507033023396655117
1499870865785339909
1503508310280052748
1506001037630574592
1503367303651602434
1503383101099196421
1503381692316270597
1503469197128568833
1506018136948097033
1500797253287567362
1506674905600999433
1503387295562481676
1507725760987082759
1506040341333520389
1503379390968832005
1498676838880665610
1505544390877581320
1503693336892350467
1503352812234813442
1505991195755003905
1503396538952949767
1506280860613582856
1503391213277306884
1505474810993860609
1503515481390694403
1501560571522654219
1500797147146502153
1508905664608931848
1503387115501010949
1503385828067885056
1506281915036352522
1508852372822503429
1503380905779515393
1501162739259092992
1503362093147430915
1503813377193349126
1501246959243481092
1503378126667231232
1503389161788694530
1503391202258915339
1506722011900485643
1503439868743110662
1503758451016675331
1503409227393609737
1503385798560960517
1502728732968165387
1503388667397738497
1503377497567735818
1503107191410155521
1508879290787672065
1502927900261203971
1503687234893062147
1503384223574634499
1503378500601978882
1503377048601047045
1501268011214422016
1503361164159422464
1505991379876556812
1503388774054739969
1503370141060542469
1500630760595894274
1503426340770430987
1505950332639137796
1503369240631554051
1506830433668853760
1505207165212151815
1503380390853156874
1503369105822437377
1508320560362790912
1499512716167462917
1503404885420744705
1505999056262340610
1503359685210132488
1502388981086011393
1503495825976139776
1499003240540930048
1506247201151930371
1503408207150166029
1501883831049236480
1500810001069322241
1498571551985258497
1506772562898038786
1503688197049573380
1503466989548883973
1503357550716243974
1503356325463564288
1505999768287391757
1502271658626887683
1503346396463874048
1503336710020767748
1503384250032267267
1505919774185992202
1502044380177178630
1503581844360482816
1503388263192612868
1503361399686414340
1503363697611313156
1508766438038855685
1506759888067776517
1506014498196500485
1503541264888774662
1503470186732695559
1505139373720936456
1503126081259376644
1503478434151944192
1503382766498553858
1503424856511201289
1503371280564768769
1502372661892198442
1503445781348552705
1505259678174961672
1503397352941531141
1502927617992835072
1503363985516769284
1505987988488179722
1505990544924856320
1498661881514536962
1503812173264568329
1503362346240159748
1502201503867617284
1503652026986729473
1498981084809375744
1501230185466966018
1501165732234731520
1501989916728692765
1503362880661508097
1505990593394192386
1503411912624717833
1503431751481311235
1503361084824166403
1503399774187364357
1499456823295893509
1508805489550839809
1503346714010439680
1503534789919494144
1503386879529476111
1503428174792822787
1503377200246104074
1503351536386248707
1500036633902690307
1503395365206343684
1503434197557551107
1503362165901778946
1503342910787534850
1503357385427013636
1503410094318440454
1503459543669432322
1505992212991156242
1503488473709301763
1503468336176316416
1503407803330924544
1501523413218832386
1506340932232298507
1506980532210606084
1505998767132233728
1503366420658327556
1500769097738559488
1503849005540904960
1503375523522781189
1501982068137508865
1503387224779501569
1506756954236104705
1503541994479575040
1503115364716187653
1502206862917263361
1503793957154836484
1503335179921858564
1507006680583708692
1506712807525560336
1503092416563359745
1502671331594231810
1500094956341448714
1499811028716171268
1506639660579270659
1503548645697859587
1503452427504300037
1503393375675985929
1502125018158878725
1503374707822899202
1499821505424896007
1503389955254636555
1503677901585141760
1503420895842516993
1503407907500662787
1503424359490281477
1503387836665499649
1503476097601658881
1503377519596167173
1506335403917422598
1506273860030799879
1506773456075034629
1503397480129789954
1504060402459721734
1500327326990614530
1505919457591545856
1506275013804150788
1503396980172730375
1503450975524302860
1503376151263199232
1506062583916285954
1505988253513568267
1503379833002278912
1506389401911402500
1506651197838663684
1500482150977654785
1503474655541317636
1502008122482872325
1501156949508952071
1503339104829906945
1503369676738514949
1505595844522741761
1503335817913249796
1499811645337616391
1504204983524376576
1503468821822197767
1506287128862470148
1503366246036815878
1501162417480515588
1507359223809728515
1503373643778347009
1502633657810386946
1503387224498487299
1502041812973670400
1503542557866967043
1503409924235313157
1503145115744935937
1506336643644542984
1503378465139089409
1503390731972624398
1503429430106071042
1506167182270603264
1503690859715477506
1506305161198714883
1506013359929700356
1503362271392710657
1503334981392863244
1508906749972996099
1501533714169348098
1508131835544539141
1503337551175815178
1503796190844002313
1506814626662686724
1503825129519960066
1506792419194736641
1505644786727936010
1503336527530758151
1503350065921994756
1501904959897542664
1503387066989699073
1503430955469611010
1503349072475869196
1503683969048625152
1505987782732308483
1503428471984427008
1506071791885766664
1503529012521578498
1503348947510870021
1503397296289030148
1503485758891511814
1503414289008406531
1501161028695908356
1503507851779653638
1503386101138001920
1506722846998941706
1505991162259292161
1503465434288373767
1502356387673915397
1499161306766745607
1503435518897491971
1503427340575309826
1503389146261372938
1503700841848528904
1499059089892159489
1503380902709182474
1503344778678837248
1503340351519662086
1503110833299202048
1503618733327228937
1506648792438870027
1503381377554780173
1503362282415345666
1503387853551808516
1506296260684353544
1503058217131290625
1503468786149638152
1503385793364217858
1503355997896724482
1503397664074964992
1506480962821140481
1503365998367416321
1506277741288644608
1507797103195697154
1503126527050932224
1503378917482237953
1506195797897003009
1503517178393411588
1501315584964894723
1504545866790670339
1508773245465604097
1503366065753100293
1503408123968688130
1503772593245011979
1509032140540944387
1500426288124809219
1503496865983127552
1503501500294828034
1503683764483989506
1506333715768786950
1503419201985425416
1503389388507594758
1501504363474337795
1506290832936210433
1507144698628120586
1506287151658512394
1506384999964106755
1503376411226218496
1505997987297775617
1505845276292046850
1506982495404888065
1506184541270126596
1502009456502075397
1499870644716068866
1503389982324662276
1506496547030245377
1503438282851508226
1503437340961906691
1501264423385583625
1503763014947905536
1502215807455178758
1505987746715910154
1503388031012777985
1499496779271839744
1503361158417371136
1505486415508951043
1505480333474549761
1503387461711544320
1506364480195805185
1503372609769070593
1503489941522857988
1508798174072295438
1503392750737231876
1503386537899274243
1501570587688267780
1503423416254312460
1503385745872113669
1503389554929291267
1503364834280280069
1506016117977800704
1506364251266498565
1506296158368538629
1503658347853234181
1503391605021102086
1503393060717273092
1508903099750141955
1503384099989471233
1504546684155609092
1504033808848412672
1506013597973250048
1503690976958857220
1503376335087050753
1503683891068125185
1501161930790256642
1499526313756999681
1506207528832675840
1499811073028939781
1506211998563975173
1501192708077068295
1503379554890444810
1503382619966300164
1506902212735340546
1503351844432662528
1508874220247339015
1501915398484094978
1503437874645110788
1503647294557671425
1503411515189211136
1503875184574570497
1503435726104543234
1503487839476011014
1503396005630386181
1506294416344031246
1503389813566758912
1503385720915910658
1500334729022873606
1506018247371476993
1503388624099885067
1506577552227409922
1503730579497435139
1503483142203535361
1503368131770818566
1502292486080790537
1503386294797357062
1506544774098169856
1500214908100792324
1505145315665530883
1506028468148097030
1503424444127223812
1503390930870718469
1503364220527730704
1500069343350173702
1503424579804483590
1503374143001137157
1503488530768662529
1506263871585198081
1503445486686068742
1500949546167414787
1503390069708705811
1506275070376882179
1502997764082319363
1508865983938707457
1508610193487282186
1503510831941758986
1503369196859703300
1503343139117015047
1502075434804015104
1503635943810555909
1503397682978689025
1501164410257170435
1506723596244295680
1505163959250432004
1504051717062770689
1501260742145753093
1506665775930789899
1503493341006204930
1503407990468190208
1503361076422979584
1503337992550817796
1503682108614750211
1503653549359648768
1503440713735938048
1503453736034840584
1503690137808642050
1503365698772426754
1502024298692759556
1503348501341687821
1503111810328760321
1503398871510274049
1503384662625996808
1502068607899127810
1503364065737031680
1503344113516748801
1503703435115479050
1503496491964456968
1503361099638398981
1505309825768505349
1506289490016542729
1503422709937676290
1506508223569932290
1503364895298965504
1503386862345408515
1508749269498478592
1503712378185302017
1503475410662838274
1503361625155325954
1502264831805734917
1503857568598405127
1503827350949085191
1501996760406933504
1503400829948239876
1500958977403801600
1501271389952696329
1503414724620390401
1506157406325297156
1503379681554354180
1503590729146327040
1499820776987533313
1499282467496284161
1503499062687019022
1503363826900742145
1503389630045081605
1498457978806095872
1499729628776341505
1506705350245896195
1506544164837670917
1503446711984926720
1503382001491103745
1503599884338970624
1501616860919390215
1501298077398970376
1503378339582599169
1503705720239370240
1503374257664970757
1503361517483352064
1500788034312314883
1503350729486053381
1502937250522406916
1503379151125889024
1503468625780527116
1503384545743319046
1503337173482885125
1506034256685981703
1503506039618080771
1503334933225517064
1503336117990567941
1503517055114481669
1502200423599558656
1506303210713239552
1503446670532481025
1503492848066437125
1503417427920621569
1503409303901945856
1506015307802030090
1503394730738167809
1501492996973416449
1503389050249621507
1501226758238240768
1503389780259876868
1506145146164887561
1503340970527629320
1503378570185523201
1503373602426691585
1507062219149910023
1502505389840953345
1501458384775786496
1508537363470946311
1500416508903702530
1503449444662054914
1503380967129595905
1501294037483110407
1504238447174815747
1503812357172174848
1503437252193624067
1503374898261069829
1502455576005165060
1506023838471311360
1503413957901627400
1503377654157828103
1501176085236662279
1503634161201995777
1503389736127324162
1509042785722290179
1506671988017934343
1503373637662953473
1503383405857325057
1503393110511992832
1503266258652999681
1506108194636115975
1503536714987577349
1503357107411763205
1503341390868140041
1503391446853902343
1503356587540373504
1506754266475732992
1499787930017189898
1503815767434870787
1503388227327168522
1503671253533609988
1501204141686857728
1503372931744817159
1503347125844910083
1501461687144259586
1503694983525720067
1503360694611288065
1509538786429968386
1503402422856785933
1500173558487601152
1503377607479468037
1501928622499643397
1503394734072639498
1505995563141058563
1508865096877064197
1501933009259298829
1503335051639070724
1501630623605272579
1503366113526222854
1503462764542664714
1501988577428783109
1505624469863387136
1506691001544548367
1503342893829926917
1503608657451364354
1503338184440262661
1508942579320049666
1503474870918815747
1508954524244971527
1506630601650094082
1502725545389293570
1500788126746390531
1506305242920628228
1501980154075230223
1503410875692109832
1503340090323619842
1505994596689526789
1501705173013446659
1506297999848263681
1503389376822267906
1501185266001883139
1503781601213399040
1506260550833029127
1503360005713670149
1504545393086025730
1505103270435561475
1503428939716431872
1503222330717315072
1503334742875385860
1502300025510055938
1508889084906909708
1503364318124990472
1503377414889553925
1503401505797324801
1503511779871272964
1503405224706330632
1506588637231726597
1501166283051704321
1506180213536923649
1503377274653282307
1503541048198508546
1499755910310383625
1503371624980037634
1503423258393296898
1503360721555443712
1503363288293326855
1503461791241756675
1503113983183802371
1505988728216600586
1503374146532687888
1505990637740609547
1503707801692123140
1502214366447517697
1504545684275572744
1503629821313789953
1499786816584617989
1506192061611102216
1503438033412050950
1503372286291808268
1499837067462955008
1503904581868208132
1508860854250491907
1505114440668168196
1503832822158614538
1503505544786681856
1505145214339530754
1504187867769282566
1503340455668367366
1500453755745185792
1503483554055200768
1501997735687380992
1506026194143223809
1506591883291680774
1502958894670389249
1502024575126704163
1503391898756546563
1503377847385305092
1499945201011470337
1503403003524653056
1506279377121775620
1501236504529674244
1503425619740213253
1503349740599185413
1508729563567767556
1501163727864930309
1502081226135379968
1503406325094563844
1499041111272218630
1503347080823287809
1502038856861765633
1503664081269673986
1503363562688991237
1502292225966891011
1503426974945099797
1503455481007857669
1503367112181653506
1503345065627996160
1503377437769359370
1507016618890604544
1506169392245129218
1505987642739019781
1503488565669502978
1503390572412915722
1502963768032116736
1502306817560518659
1503637258758504450
1503066074731921410
1503375461912563714
1504053871659921417
1498562633510924293
1503395909861789696
1506054780858384393
1503379340163272710
1503354285396054021
1501455188871323649
1503382489095712777
1503395816182009856
1503443718115938313
1503360596384829447
1505989256183001097
1503423924780085252
1502204954135744516
1506268215311273985
1503375730314514435
1505138686027083777
1502003935669800969
1503364230317318145
1503629571568111624
1503407048830169090
1506394232558264320
1505990970839556098
1506545128558768133
1503454853296754697
1503376608224288775
1503389117085896711
1504016701368721408
1503477177559494676
1506103477772169224
1503428868761427978
1503489403964071940
1502103780849946624
1504869396598165521
1503699054789804033
1503338442461224963
1503485500463669251
1505556751428501504
1503351352105345031
1505248980887916546
1506338241863106562
1503499963149565955
1505987361183830017
1503375717068947458
1508772023497076742
1504082858998210561
1503513373660569604
1503368109448736769
1503429055797993477
1502242090419380226
1503398447877083144
1503445120552783878
1503435145839321088
1503384940410544134
1503360635542937609
1504398093923635200
1503338396462329858
1501173227728650242
1503268989849554944
1503549985400438786
1509238205417152514
1503710938553327618
1503619911536582656
1503707580744540160
1503673681435926528
1501624121230344201
1503494799152025600
1503335914499620867
1501199961500921857
1503389264947687424
1503477117379620875
1501836868245233664
1506428204562669570
1505246940988157953
1503081090872971275
1502287187186008064
1503339479108665344
1506725092130267136
1506297804376973324
1499456369446965277
1503376007402774535
1506372304351158272
1507438473766219778
1506156018799153156
1501525999527337992
1500425430972735490
1503646852998209538
1499810591342481416
1506326098086440962
1506156256494501890
1501964596629889031
1503415703398924288
1502937742258360322
1503431183291592709
1503354147487293441
1501172720981225472
1503431242502524936
1501156845704077318
1503372213461868548
1505560870465814537
1503422142452486146
1499789296361947139
1502330351225556994
1503610316755804160
1504617214716137473
1503369861241753600
1503341623475900423
1503340092466864136
1502293540398850051
1499403249639583748
1503067541647806470
1506015933583613954
1506176431562362883
1505288335471828993
1503654956070547463
1501498466077401093
1501220885562380291
1503377232089210886
1500229985591861248
1503451936590381059
1503400807307563010
1503404504124997634
1506301722104377353
1505307908619309066
1503751580742520836
1503697063678201861
1503451152028942338
1503407574649118723
1503390596295188487
1503168689083981831
1503374218951548933
1499812051291492354
1501228227993686017
1506281291939037194
1504888673355153412
1503379881320751111
1506286186897231887
1503721406227431427
1505987329160269824
1508874965063507970
1502938183893495811
1501158605684453383
1503300434274009091
1503615107187806210
1503656334692167682
1500754672654725124
1506044883139706887
1503453304545845254
1506648631537029126
1503405231475937290
1503379953949327360
1503357622233219076
1503398172332281862
1503336669428264962
1506644142197284866
1506316613762564100
1506319164901834758
1506525389996404738
1506025036272050180
1503559989876699138
1503430506247073795
1503360712416055297
1502202136020541443
1503498786215280643
1500797287689338880
1499776415818039308
1505569566856036361
1508854284271640586
1504134453177638917
1502001189541474309
1503398640928370688
1505190015776825347
1503659386421624832
1503498693634310152
1506339947338293249
1503380882257817602
1502950547699163136
1503804092178698251
1506029172241620994
1501156348087738372
1505994450371284993
1503418451804790785
1502970093852102657
1503430671536168967
1503378575160131594
1503356534184685569
1503530588371927042
1503368352781197317
1503362472685838339
1503726323868614658
1508806779932655616
1503541239534260232
1502213690841513984
1505940892133347328
1501561576150781955
1506738493782900748
1503475357890105349
1503365753990488069
1502047149739192321
1506235431372959747
1501917457442910216
1503375369969324033
1503349656230805508
1502536397198176263
1503505968092614659
1503447748972003331
1503362529845731331
1503109149109936132
1503374289881518080
1506274801819791374
1499845803275399170
1503406461308837893
1503377747980214272
1500576969183973382
1503369716567527424
1503365904687636486
1503350848855941124
1503659361243119624
1503390333517893633
1503377145858605060
1503194676165324803
1503685051552342022
1506279313414500359
1503348865868742668
1503252661545668610
1506047877218508807
1501443857489317892
1506278384430723076
1503508760404402177
1504085895271665664
1503594451624775687
1503487159357120521
1506198686535143427
1506007766867058689
1505994174222540810
1503420505784729603
1505992064659603468
1503375034987040775
1508864500300140551
1506346549131067395
1503389283012468741
1503495774788898824
1503361905523572736
1503624649770520576
1503506047704653830
1503377931824992259
1505997448946372619
1503441553074888707
1503410729189261312
1503401805396463621
1503392174230147077
1501097425599188994
1503453972849434632
1503381821832278017
1501934477672521738
1503356984371855362
1503425529713680384
1502582845117812739
1498661438742835206
1506038641411428361
1500372831133220866
1503385361036333059
1503783008893120520
1503478673105567747
1506193751726776320
1506000827340791816
1503366786707865614
1503363358816452609
1503377620234289154
1503417954792321032
1502441209985441797
1503372277744009220
1507077785973575688
1503363587129102346
1504123149016776714
1503361294816231428
1503886854701174788
1503203452884819972
1503428303100723207
1508896776065015812
1506293822476767238
1503394757921456136
1503451723632889857
1503349772631031814
1503385822913089552
1503002326608531460
1508881983107219457
1503068615209328642
1503403161389879300
1503360844465418243
1503527540169875457
1500548202470256641
1503407255852621824
1503642114269265920
1503368888905568261
1503359993805950978
1503358493159473160
1503364221127610375
1503457067285323778
1503367292675051527
1506680219578601472
1503473935878434818
1503384327413014532
1503365637829234696
1503452284226871297
1506285903270064138
1503367586322558979
1502102746954186755
1502066871239069715
1503526309871464459
1506174331965083650
1506874166104010754
1503470185726066694
1503404163966844940
1504185578509713408
1506243676632190979
1502031152596488193
1503340351318339588
1503273437640470529
1500787974950240258
1505992451709972480
1505991238637531141
1506304401576804352
1503461614615367682
1503366278672756736
1503438250500837376
1505986990700912651
1503378366606548993
1503495652721967124
1503431813842223110
1503376667108159495
1506386049852919818
1502294701419991042
1503362871434125313
1499058777575899139
1501171133088993285
1501531023057854469
1506299543524159494
1503366858082242560
1502293770850770949
1505996613046702090
1503384849058570241
1503444430233165824
1500130060027711491
1506103815753416709
1503370376226746369
1505490420083531781
1503432705878462464
1503431973074878478
1500410609023832065
1503404044907393025
1504929813663997952
1502039278234259456
1506057279707230212
1503411244103094282
1503386418571321355
1499519192499953667
1503374816426049540
1509043658166878208
1503456692272607236
1506351846490873863
1503398591293014034
1503393288493187081
1503370825361240068
1503433589400252417
1503818063686295558
1503642019490631683
1506007600672002053
1503358294618173452
1502605979887747073
1503357106514235401
1502886072400838657
1503370713792659459
1501157395850014722
1502112931504340993
1506615711111823363
1503382330911698947
1503981106252726273
1503497506281377795
1503386768653103110
1502544066327846912
1502077939587768322
1503370146844450817
1502071555874033664
1503375547237339139
1503346497156485124
1503345172788269060
1501326230687207433
1504544683229421575
1506416785565708292
1503407930963599365
1503401321814237190
1509053484058005511
1503456602770259975
1503490862453506052
1506423095321579520
1503368076217233411
1502048498237448192
1503715859793170436
1506007457650388994
1503357980187795459
1503078697997320194
1499772380113215489
1506948853051928585
1499812064449241091
1508897769838288898
1503468626908700688
1503448505284800515
1503386483025235970
1505999437495164942
1503509801430573064
1506207815777538048
1501159296301678594
1503388158892904451
1503692242799767559
1503543324954738691
1506403055901847559
1503489329234161664
1503369646229049354
1503663870711410702
1503382492254027777
1503242805182873605
1506028914992455691
1503392206903820291
1505851396213649408
1504543566202290178
1506987286268891137
1503341146914926595
1503401510968909829
1503341027633115140
1503351574885801992
1503655593076264963
1503062600254472198
1498486757964328964
1503418636576636930
1506182019675471873
1503384341682049035
1506397373802635266
1504388945181908994
1503394466555740167
1503379159745237002
1503367723035856900
1499729308927025152
1501166069964234759
1503405931790540807
1505993924946628618
1503097515025043458
1503337635439329284
1506820637511323653
1505120625458917376
1506631140714688523
1503389629579464713
1503487677714292742
1503467151847473154
1503374597198163969
1503455619713572866
1503374252971601921
1503360637002526723
1503693239613853696
1499811935830872070
1501504336354062340
1503748542728396801
1503424553816666116
1506298611658891265
1503862954357411849
1503356117828743171
1503456297555013638
1503394557475622914
1505473108454649859
1506077865485426692
1498552613511565314
1505602296515907595
1506748807404474378
1503547571498852365
1503377076858015748
1506341633465409540
1503336999763202054
1503477490060247055
1506219514345799680
1506031592753537035
1503696098237558789
1503657640366424066
1500169285506850822
1503698453699997696
1503337049365090304
1502140205683331077
1505665910257954824
1503429954012422147
1503421428745609219
1501175475535757315
1502242284355657730
1503435703652335623
1501498850669903875
1503346407591272450
1506077881549701124
1503447678293794821
1503384617113509901
1503362696170901512
1503362860897943552
1503775621448708097
1503382531416199171
1503361763261259785
1503520017090068480
1503426842757378062
1503453944328114180
1506087021420466182
1503406499787423751
1502306122337824769
1503489913743888392
1503401170676723720
1503376410924261385
1503802628383428612
1506241152097345542
1503354677936721927
1503636670998056961
1505995794679316491
1500037116876754947
1503383315834978305
1503414272407347210
1503501005174054913
1506201392192667649
1503461821893820422
1503356604703559682
1503374732279918600
1506035505657491465
1503374779574849541
1503677319004790787
1503474815373615113
1501454844036530178
1503482058299031556
1505972751571505154
1503390533221326848
1503502837438988291
1506170867541319680
1503384979660812295
1503367777977094148
1503364162763821059
1506040267232714757
1503663035537408000
1502291180163379201
1499496264945262599
1505986739521093634
1503360485244219393
1506234074297425928
1503348944432029701
1505503376066461698
1502204798795456515
1502454897622630401
1503823481334640643
1503504957089226752
1500163465339719685
1499755825413373952
1507281566225031171
1503368462877532169
1503490521309892609
1503393300862091267
1503400637299634185
1500818300137320448
1501156728632913921
1502373616012431370
1503432535002517513
1508792406346551297
1506449406601666566
1506374620114522114
1506056816823873541
1502112007327264770
1503384358966763521
1499772640051056651
1503391403057070082
1498657847776841729
1503377935193022465
1502400914384207887
1503361926184714241
1503577369281445889
1506379361154441229
1506010434935140352
1501162247812521987
1503373248406372356
1506273185976750081
1503643549706997763
1503615532582506497
1503408816620195845
1503701045809188865
1503482142860492801
1503487659997646853
1503075311889653765
1503383031192731654
1503373123684548612
1507234678608121867
1503117415651192833
1503385248364650496
1503425655429603335
1503448176392654862
1503358290612432901
1506383186531655685
1502135375950536707
1501086978367963144
1503418552828760064
1501785225797455874
1503075553963827200
1500192134095380481
1499928505756364805
1503360682204540931
1507851869011513356
1503339266801344513
1501555174317375494
1503679507051565056
1503383139661533186
1503619653503008769
1503388158414790665
1501169203176423426
1503567622935359498
1503765241716424707
1503380722886787077
1500589952094158853
1503367748835024902
1503397065644199941
1503382470531731465
1507124265459593216
1503566964869971970
1503368843170824200
1503480358054027267
1503428255315021828
1506351738072272899
1503423905213689861
1503392409287368707
1503714403107151879
1503348858268565504
1503478864063967233
1504083320329715722
1503433602402553864
1499796833744338953
1503734905901092864
1503358351853432834
1503459702939824132
1500620058594357250
1503380271512621058
1506733654722158598
1504222775841640454
1509619906140114959
1498998131769368577
1506064554635284486
1506350007582085120
1506284466523758600
1503624591008309248
1502065650931576878
1506328652501463051
1503454260972994566
1503375695325679618
1503362257975185412
1501541456145784841
1503388409523494918
1507303801799204909
1503389124870512648
1509064806694801408
1500035086921707527
1499772722154455054
1503332245091803143
1501160824731316225
1508902116483547136
1503436286165766153
1503670317495029762
1503423706076532743
1506192026903142403
1503368828595712001
1503392400273727491
1502414383145697282
1503390157147418634
1500014221941260289
1502261512156577797
1506386361728782342
1502947908618014726
1506378326260207626
1498980744768675844
1506015041144901642
1503604508429062144
1503385465877110785
1503380529126723586
1503361637587333120
1503391913512411136
1503391068330541058
1503420069124128768
1503376354787614722
1503440761014165508
1503368961211215873
1503378869763592193
1502024148943474706
1508597959641939979
1506244308101439500
1506008313707835404
1503395330859044864
1506409615361294342
1503404251023917068
1503370948132720642
1506025929533005826
1503677820509302785
1508674609159229442
1506276528300212239
1506013598619176967
1506389521629392913
1503473010212327430
1508886512968077312
1503444074724040704
1503513441897791488
1503381677892112384
1503361068982222848
1508869873077731331
1506361736215019529
1503424739909459983
1503416316530774016
1503362031369523201
1503367885720330242
1508872121874853891
1503444143799947265
1508749793861976068
1504825312680493064
1503418273534251013
1503380833054375939
1503364775350353925
1503517595458285572
1503360784759468035
1506934246962835463
1503358661401497603
1506416459949477890
1503350120439599105
1503596683858522116
1503678490398404610
1506728547620208640
1501300698482421761
1506367196678733840
1503378423753945091
1503351122450386946
1502690064484155398
1506050940041891844
1502201441087377413
1499714316156686343
1503348530546720768
1503455706963394566
1503424798164144133
1503442473481347077
1503380786263003152
1503556440342028288
1501476386082631682
1503380772107046912
1503437752217620482
1502150014046326788
1505177554617094152
1503382761142423555
1503361050460229634
1499497542320599040
1503374243442176009
1503364625093517317
1499498556570357762
1503374472782430210
1505304230822776834
1503371134301057028
1503384690144780292
1505989509414014988
1499799062220095490
1503395893554282496
1509447229840539650
1503636115286372360
1503362980632748037
1503425288335732741
1503350413747236864
1499826116504309764
1498469164121526277
1499963433760051201
1508771264973914118
1503443300585508869
1506375443343101957
1503414105218203651
1503067678298230791
1503419697466912779
1506048484868337670
1506326329687515140
1508891157446680582
1503474447071825923
1503448811368325128
1503433227696066560
1503426917009133573
1506243868508971009
1506201444864692224
1505988583424995332
1503649835391635457
1503435697725886464
1503406133297438735
1499476767400251405
1508725534850793475
1508809455546380290
1503609724037705732
1503489459974807558
1502043136381575176
1505995994449784842
1503393102291259398
1506037573759778816
1506018504532963329
1503380643652247555
1503377771967520773
1503379568840822785
1506398622446985220
1503248740106358786
1503461691954278402
1501454921685733378
1502897630317268992
1503675110066200583
1502307172352503816
1505986697007411200
1503501991212953605
1503389097355845633
1502306273538232332
1503348776139988998
1508691439051370498
1503387165132312584
1508865258437419016
1506316769459322891
1503684859763507200
1503446842037743616
1503348618270593024
1503825032279113733
1506725931452452868
1506425409239453702
1506337633127092231
1506245979594543113
1503848483182329860
1503578547667013638
1503379143819415552
1503349482666315776
1502142331301941250
1501983704759029763
1501645809326112772
1505989848523550724
1503486463555641345
1503481382525415430
1503398367585521676
1503385280975458304
1503398206889242625
1505990494152708104
1499775335340167178
1503685670895824902
1503390994649292804
1503398319237783563
1503364584920567811
1506171999672057858
1508757904114991107
1499768290553450506
1508888144627867651
1503062188050759688
1507947694794362882
1506280938493427718
1503510603847151621
1503416244803936264
1502042342387245062
1499404892196286464
1504711823257444352
1506032159508865032
1503062918090403844
1503621656689926144
1503392125584646148
1503361210711957511
1499459472439316485
1503398523810848778
1503935882415464448
1503617682901540864
1503389152703881218
1499766024421453827
1508839830569902082
1506185536700137477
1500843805100199938
1503617079957770243
1506140125914411009
1503380996326146051
1503367922768568320
1505203089200005125
1503362762189201408
1502555513778675713
1505323630670098432
1503473300168654855
1503676667293745154
1506013871634477059
1504931500206264325
1503359791015550979
1503336842766303232
1503452697470685184
1503257823060316160
1506615240661901316
1506052197200637955
1503468765060771840
1503089318734315521
1499804357163892742
1506321033133019138
1503350220561825795
1503361450315812865
1503487834740740101
1504734030100586501
1506028099514904576
1503436141332254724
1503358439875043334
1503392668407287809
1503388708204171268
1503352215762874371
1503367953533841416
1506198765744664576
1503411577835433984
1500199480896802818
1508811081392787469
1504842916346347576
1506565378209636358
1506089896519286789
1503369663421587458
1507160948968247296
1503362143135145990
1505290902557937669
1503364245316063235
1503355852538929154
1502262429501296641
1503364211661058048
1503377022109814786
1505988608959913986
1508910108222406662
1503747478872592391
1503383018139967488
1501161411854094336
1506013368624111620
1505995454441476099
1503542497250840578
1509553523226300426
1503404665630769155
1503350647034458120
1502674116591206405
1501220107183439872
1503391326955610117
1503351040124628996
1499470418884931588
1501932189549686793
1506221646880903174
1503487033821609987
1503254393982009345
1506287680233119747
1508856713939939328
1503515071284191233
1503390112289370116
1506372917126479874
1506704467923771392
1506205738900803591
1505291592181202947
1503360502034059268
1503097195435896833
1503411506796548099
1503335626141315080
1503497561344249860
1508609889253445634
1503632487129530368
1501234553331007493
1503402316799561730
1506178513111597056
1505657169525583872
1503371814625546240
1503348734066839559
1503420066292981772
1503407267433041926
1503466465009229827
1501507376964411392
1503386534103371779
1508876194414055439
1503629087113465861
1503375132932378630
1502494294610886659
1503383779594887175
1506080528113541124
1503359744924426241
1506276412591906816
1506217344762355717
1503392840252112897
1506375937243426825
1501924689756794881
1506303236856233985
1503444873847975939
1501164585235144706
1500787845748998149
1503521451923709953
1503524572552908805
1503371789602377734
1503350623621849091
1501534397341650948
1506425424917807105
1503336494819426309
1506076871682928642
1503519152719417351
1503375218814947331
1503387071578357760
1503353155035320326
1503635938659995648
1503250898264412162
1502292980639703045
1503392524588748801
1506193746228129798
1503374693256114185
1503469390179745792
1503486133048680453
1501175144735252483
1503408016963608580
1503335032777285633
1503482952675729408
1503696457437753345
1503373986255806464
1503386868834095107
1503347319894380545
1499814364915781633
1503453484879908874
1503466844291842058
1506970022853308417
1506019991480864770
1503384901797748740
1501157071059890182
1503398479263109125
1503378216903397381
1503361155464667144
1503335760749113348
1500159469770190848
1509238542597304326
1503431959418130437
1506329952689565705
1503693379112247297
1506971783785766917
1503389175172763650
1503335150591094786
1506965602677796866
1503373623343648776
1503399992979070982
1503395997644378120
1506052531033673731
1508862545259544578
1503633383603195909
1503423996284526596
1505990786021797890
1508956722672582663
1503710570452819975
1502931816763826179
1503467409868480516
1503393547357245445
1505998950440054790
1505987234532573186
1508782634268344321
1504389483793371136
1503520970732097537
1503361062799872004
1499477490015813645
1504553676119191553
1503387187563446272
1503360633668046854
1505995147242315789
1498892878545928194
1501245592776937472
1498579806060953602
1508752512836325381
1503361189274963971
1501545225222766600
1503338930237808640
1503259386470412290
1505986771468926976
1503346415115948032
1503489989321056261
1503371544906637313
1503463177052471299
1503360213780475909
1500868763033509893
1507928150927450112
1501536889139970048
1503153761707081728
1503343226299813895
1503405399667527682
1502292777778008070
1498651343300538374
1502295277843226626
1506656804104777729
1503374071995805697
1503629392232210432
1503428621687480328
1503371100188823554
1503386732439515139
1503360803143131141
1502294431445229570
1501940433575813126
1503415522146217984
1506300915535564809
1503341586402398217
1503165194796777475
1503622685032697857
1503390601370296324
1503253080858673152
1506305981902376963
1503500455351095315
1503423853590102020
1503407407426379776
1503513163236532230
1503400057487478795
1503375348485996549
1506183136673247235
1503372819060699144
1501956984249077765
1508835808010285056
1503497218803830786
1503455645063909381
1503365441804242948
1503282475044331525
1503412870570254339
1505988221762744321
1501539682588323848
1501533592329011204
1503745563313033216
1506192752744280064
1503369604135108610
1503463351900418056
1503443102056554501
1500132202390114305
1503358465191854090
1503361735260086272
1503049515707863043
1505987902676873225
1499442665720619014
1503396290197180420
1502034438099668998
1503379486733217796
1503412786432741377
1508865393095495685
1506003696441827330
1503465218046898188
1503417655331627010
1503406375317213190
1503376904665055238
1503517359713263619
1501226823761367040
1503545293077417996
1503348019881779201
1503341337969664001
1503356805027713033
1506565134063476736
1506036084735676416
1503686896748269574
1501974446986317831
1503855921927180288
1506390209734320129
1506276353909436428
1503397326060199944
1503121636698079232
1506198016675430401
1503638089146716162
1503405371511164930
1506541019281698822
1503483183828025352
1506734824077336582
1502148796540547073
1502041671063650304
1501865437080047620
1503418607379927048
1503382552551297027
1503615262444118016
1506163854467903489
1503390587814350848
1503524249327312897
1503721626856312840
1506219567848296452
1506150888263626757
1505854773483954183
1503400937804685322
1503399552988155904
1503441247071096838
1503363322921504769
1503366671754575886
1503287415825436672
1503422953849032707
1503411571078348808
1503452662766919688
1503380613180661762
1503497835324612615
1503479743357857795
1506148438072860673
1501852765697581057
1506174956169797632
1498670235733446660
1503392524207108101
1506037453483880458
1503399080134905861
1503374747526176778
1503368177543172107
1506281931230617601
1503498919799570432
1498653448937476096
1503338421388984322
1502025883472863236
1503370004812767232
1501265915207372808
1504039814416453635
1503380956270534658
1503375957788348417
1503367556970733570
1498650667111567361
1503366196430782469
1503364833693085705
1506981976045199363
1504845581381943343
1503422846890094595
1503384478147911685
1503371317986447365
1501452021479661568
1508815035585511424
1503386877331652611
1503648750123851778
1499858076006068232
1503467747841355776
1508898954460676101
1506273517356126208
1503241822197493762
1503362896104935425
1508730176359870467
1508562574924660738
1503611567715323904
1504741325769482245
1503389111142567944
1503393902522507268
1503259204836020225
1501301188016414723
1506256828241432577
1503346010134745095
1503375801668063236
1506007587623698434
1502938117933834240
1506245116704526340
1499759482267750407
1501538653180366852
1506214125860528134
1506020714205573120
1503360486489960454
1503390368070524928
1503460508330041345
1505631725627527169
1503387764137631751
1508870428630020101
1501161643576807430
1501665495749169155
1499812019582619649
1498698836428181515
1503342891380482050
1503405695454089227
1503442492657704964
1503444995956776968
1503400325813837826
1503268721019789318
1506368718200320004
1505638862286114816
1503394948737028101
1503646133469556741
1507401446966370304
1506389008649273353
1503379247372677122
1503483959497400322
1503429466873290757
1506034459853955076
1503360922416566272
1503057626216767490
1502291894612676617
1501542222923468801
1503453158688886800
1503432748643627010
1505843801415421952
1503353802509934594
1503442080680583168
1503424058758676485
1503341773673934858
1503341216607444992
1502201805677252611
1502993459719909378
1505988443049967618
1505667273880748039
1508803393892110346
1503361373765525506
1507419243310059521
1503707754271289345
1503401255615479824
1499820483482722306
1503446020381982723
1506279144207880209
1501181027145981952
1503348636037615626
1501172863138738177
1503381838038978560
1503380407374520326
1503405904351346688
1506771543858327555
1503386873720418306
1503355314330116096
1502962710300012547
1506018152135634947
1503364072447823877
1505081983139041281
1506888854401433600
1503371982435454976
1502673988903972866
1503367958311145478
1506292300972015623
1503338579543605253
1508895476480987142
1506010664007086082
1503454945269493764
1503403879903514632
1503403570904936451
1503462115209891840
1502012859500351503
1503506221273423876
1501134185322405890
1506005653000699926
1503375842113642496
1503491615863812105
1503351175931908099
1500787920092999685
1503466581535375363
1507352117106905095
1503274465291026435
1503059182760644608
1501533204771225607
1503360634007740422
1506275584426627074
1499720273406271490
1506219005073362946
1506006589517484036
1503390716101373956
1503372932244033541
1503364566977236998
1503566539039072256
1505992000092672000
1503478486295588864
1503352717993025540
1503338866715017223
1503138377209729031
1503387068470333447
1506200016809082882
1503417265504587780
1503371063027245062
1499812060015874056
1503740221124497414
1503112986067718156
1503396767861248007
1506379210306338818
1503360434455330817
1502597521692106753
1503485591710748673
1503361789983178756
1509096415649280004
1506288958682058775
1503451532955635720
1503368222963339265
1506188445919727621
1503419404721311765
1503378761273778177
1503377348770643971
1506242406194323464
1503485812960337921
1503336784490647555
1505997407624077313
1502166852776042500
1501951417552048136
1503428282821361664
1501089571915898884
1503386821568434183
1506312400349368320
1503691908589178884
1503464356402585606
1503362429773914117
1505365992049885184
1501980279543681027
1503346941891076097
1503429893689954308
1500805205042028556
1506991422767046665
1503672890763485196
1503370161088303107
1503638836835983360
1499876047650791439
1506302511749251073
1498689315882381322
1503362429060845576
1505142732200759308
1503367784939634689
1503704651924914176
1502202726616342528
1503364307203117063
1502775596337741832
1503684396854960133
1506199742388359174
1502022014735097862
1503366581384056835
1502954765214437377
1506998739919015943
1503712852590346245
1503369531204505602
1503203966884237317
1509364763263832068
1505948041450340352
1505990619923165190
1501157625878220805
1503650510775144454
1503622859427614721
1503428965742034944
1503400331706834944
1503373958011359234
1503346725469274115
1503388378082992131
1502367879324389390
1503378940030767106
1503361004750651401
1503406473040338947
1503474096453177348
1505988667634065415
1503730146762702849
1506005306983206913
1503511341625135104
1501517571983560709
1503360280310747137
1499811429389590528
1506940837258739719
1503347511657914372
1502950285475467266
1503410275353038848
1503391804917522438
1499711720125837312
1505920257105477639
1508861255930593281
1503391391120076804
1503373102323052546
1501218287564242956
1503369007168163846
1503724417754746880
1503383895311626244
1503446623682273287
1503935919350587394
1499812101803499520
1506305884183539719
1503343718677504005
1503057665605447685
1505989694194077704
1503381911833616390
1502713034409713668
1505164609791172611
1504807766657019907
1503386642081538055
1509057961611702278
1508880708005158914
1503679860245467138
1503382641311109123
1503382095690932226
1500835478588821505
1503356481923690497
1503383963896791051
1502047965325795333
1503689446025310211
1503438670224936964
1498659044181041155
1503366223014526985
1507860627292921867
1505884804327395328
1503389618334539776
1506004040639033349
1503476539299610634
1503560987198521345
1503424615703531530
1503655274154008577
1503747454700867593
1503378475155079184
1503502461960605697
1503407647344758785
1503374515723816960
1503390856660885509
1503357530420002816
1503355516533329926
1503377277698068481
1500524682382090240
1503391032393846784
1503466895386857472
1503507101246803972
1508769730911514626
1506627611535028230
1503390432004296715
1503377237130756102
1503335276994826244
1503096821853347842
1500238098051084289
1501238602730196993
1503385989712072707
1499505297794215936
1505551414914912268
1503384481247514625
1503387489138008067
1502291629503299590
1501668899431096331
1503368209528991748
1502672313203965953
1503379640752259084
1503713479420784652
1503409529769320467
1508905748214030336
1503485973736349703
1504501035250995211
1503501602182811648
1503484035720531976
1503390012389396480
1503423172502302721
1503678705104732164
1503372523215409155
1503408168340234240
1503371187157622784
1503357682484490245
1503519506962034689
1504499735704612868
1507079405130203138
1503371060653264901
1501845285890404354
1499732494249185283
1506300109801373696
1503809183724015621
1503343297133260805
1499690066033131524
1499045328191774726
1503432834018684928
1501217846529081345
1506049967202488326
1501504781331927042
1503016192868552707
1503362746993328133
1506284853897146379
1508872640357969928
1506285600000860164
1503444932840800261
1503402724280483846
1502042499203878914
1503716397104484355
1503498535689412613
1502040797402873858
1508862457271525381
1503846224230821888
1503424262887063556
1503375973978357768
1503481467917287424
1505988819518115856
1499812350676938756
1503366389117202432
1505996366652354569
1508868753731244045
1503346528932577288
1503378951271501828
1503374736566403075
1502050159693291524
1503377135595134977
1503663030873341953
1506679527082188808
1503113373717774337
1503397335212216325
1502279112215441409
1503488934386491392
1502040043187228678
1503504806341660672
1503437206937116673
1501159902617784330
1503407831470518277
1502043601932533760
1499769501193232391
1503640714269315073
1505996391121784833
1503457932947644419
1503406602975682567
1503376046875451392
1503805326360985607
1506373196462895112
1503366652364308480
1501903041041248257
1503365066334289920
1503388447909756937
1506195891660759044
1502423949984022538
1505997612972974082
1501275440807358472
1503427919418466312
1503406495278452750
1503389060093685769
1501555165270142979
1508855192841818117
1503510963676401667
1504527085708132357
1499622503471357954
1503387627340324864
1501158051784577024
1503339893501485060
1504936208115421197
1498658845702426625
1503385142420815878
1503090517520883714
1503361070651617280
1503379124987043848
1503438743574913026
1503375933889302529
1506171923293777929
1503369539836428288
1503162519824834560
1503373887505108994
1503382643173380100
1503646136745095168
1501169424593735683
1503349910707527681
1505848151961448449
1503608294593769476
1501195647457894401
1503488257929187332
1503390958527860736
1505989016952487944
1503470319830540290
1503382808248655878
1503373481110552577
1499759803127771137
1501169566520643585
1505489872802533377
1506751397513023489
1503372197372600322
1503643019467186177
1508858862279008259
1508025847499968515
1503431570300022788
1503652711958523908
1501994726676905987
1503338157240209413
1498550721947619328
1503780908033359881
1503406868064055300
1503363880726245379
1503468685046001673
1503376949133160450
1503374975398555648
1502393193157038082
1503342043279597568
1505269950541438983
1503390664775680003
1508909011969749004
1503381523264937984
1503420529847508998
1500006456762028033
1503581509701230592
1503420537510449155
1503484167228739584
1503388568512868354
1503371414732214273
1503372376628682752
1503385758173913091
1506662078391664651
1506003503260569600
1502214769822081024
1500854481373700096
1501468260830695425
1506879641772077063
1501228875853885442
1501158021950488577
1506194506244366337
1502200865452666882
1503361683439468550
1506328609702694912
1506275991781580812
1503839880547295240
1507059497797361666
1503397365885153285
1503368228000702469
1503363335034658816
1499786444390473728
1503435924067295243
1503687590330908674
1503364647684120581
1503711272096968704
1503353821451501569
1506279177422573578
1503372137670848512
1502935227701858306
1503428190911569922
1505450734631936001
1503413584013008907
1503364810914013184
1502200367018393602
1503716506886156302
1503364641744957441
1503354687713693696
1506744227316781056
1504709479744561164
1503126914810191872
1502199948636569605
1501669869129023493
1499755741183455232
1503367231769620480
1502165494962352136
1503740134432419846
1503369275788177409
1503362058707947521
1503355665376595970
1508791321342918665
1503337229099413512
1501855825165443073
1503468763940888576
1508895786909716489
1503415762983260164
1501532671079374853
1501973565767356420
1503482379049967617
1506655009760595973
1503342208921047041
1501834539823472641
1503375874246197248
1503343484438298627
1502420618469429259
1508857802139316233
1503389904033697794
1506009412514693125
1506015790771806213
1503380064561422339
1503379365933072384
1503410984127447042
1503114306728120325
1506089710522875908
1506288121297702921
1501185891255164933
1508753377760579585
1507072707774468155
1503999870293753857
1503812720843497475
1503743541490688021
1503443705419767813
1503402099492761610
1503361553650929672
1503385488190840836
1503345944959635458
1506308796603375617
1503566787698466817
1506372878555615233
1506191653417238528
1505148103405490180
1503407056119808006
1503361985941057537
1503350801888169984
1501692777670877191
1506713607408599048
1503373475351863303
1503364613936664591
1503616941218488321
1503364837887426568
1503506316043640834
1503556819687518211
1503469280154816518
1499828046655897609
1504482120298684421
1503376906816790537
1506027866911354884
1503677783020609537
1503397415281434632
1501160861330808833
1503773064743559172
1503403865600925699
1503346612470530049
1508875432862568458
1503365830192599042
1503049068414705669
1503477119334109190
1506024012069376000
1503389285789192195
1501991301541158920
1503447300462583812
1503487560848445447
1506586198122414080
1503187288225947650
1503409323795521542
1503377009182924800
1503733320227737607
1501538101008556036
1502671604509249542
1501544115825115141
1501207927499202560
1503480510051454982
1503376653883486212
1504731300531429381
1508853734780149764
1503346903450333184
1503457713761800194
1506182472714932225
1506509805942452226
1506028155672403979
1506971553753300999
1505247211155730434
1503342212280733702
1502308481424105485
1504460666291240970
1503385695217463298
1503373930073137160
1503721803809755140
1503342725642571781
1506592707556352004
1503371445887541248
1503438925456621571
1503408179652214798
1503361591391272966
1503361160568979461
1505476839321608192
1499765853037989892
1501994413643337744
1503378684396417024
1503475090318667780
1503698219120959489
1503357904916787201
1503690520748564485
1506153127879315456
1499812194988531716
1506122126251769860
1503421624573440005
1508779097480171521
1499702790762995714
1503504345769390093
1503356196635521036
1503368686635212802
1503392422318989315
1505987547943641091
1503376443971186695
1503489150946840576
1498565149732528129
1503366087471255559
1503338427076468737
1503471065359601675
1507099720489046024
1503369100122374145
1503368767216226310
1506292425169514508
1503338302287618050
1501286109665542147
1503376406306340870
1506440390102110213
1503681699883986951
1501174813079089156
1505995935075209224
1503369000297893888
1503349306052554756
1501241516169342982
1501928391552897024
1503374605402181636
1500736157574967303
1502350626688229377
1503358846944825353
1504737103535652866
1503426066374967302
1503117600406093828
1506000268068065280
1506167792772468742
1503373860225400838
1501915199170703365
1503387691597058051
1503364174109450242
1503504506641920006
1503363837545824258
1501288449533378562
1503643724529680387
1503392241729032194
1502298243274784772
1503395893562814465
1506617653246537741
1503395046531510277
1503703338222764037
1503514158461067264
1503096338069786626
1503409859164884997
1503363342257250304
1503356248477024260
1503468946950963206
1503380858618662924
1503335240294617088
1503107615169073153
1504195594750935047
1503634063764213767
1503453068893077512
1503400130338332676
1503387428689973248
1503354385841147905
1503494383554936832
1503351787574726665
1503721656572952585
1503388374958317575
1503390073118765074
1505986874346819591
1503362322554888192
1503488317417046020
1503714672947740673
1503377225307111427
1503374218347569153
1503370234023063557
1501261118718808069
1506948832512380935
1502045683100143620
1506154801037561860
1506441932037361670
1503431783500689409
1506026445700800516
1506893120004370435
1503382970790522880
1506292752061014017
1503726193354366979
1508599124291162115
1503668963326185476
1503286750906617857
1503450836378169344
1503434711670181897
1503425443319451660
1503379705050939394
1503379016547512324
1503448415677657089
1503457790026780674
1506147417636450308
1501916404278308866
1501561502767190021
1500843293357268999
1506024117430112269
1503335467684671489
1503362704114917382
1503365164699160580
1505987161929265162
1505989941850951690
1503405821664890884
1506082175011241985
1502048244943228930
1503290774053699586
1503376776927625224
1503472025960165380
1503077783857156100
1507073703745626117
1503414962026389511
1502635878874820612
1509036476805304320
1503436431485714432
1503420872220192779
1506586506223312901
1503472589980803075
1503609942472855560
1500313473800101888
1503335060229042186
1506015264122408960
1503486415820271621
1499813435370090497
1501602442214993920
1503385428191293442
1503371641044230148
1502254357084995586
1506303009231458304
1503470491889291265
1503376149937856520
1505988144239464450
1507008092734570509
1503458187940442115
1503650992906252288
1503486115700949000
1503427344547168266
1506900617083686916
1503375134819766281
1503361944279003142
1503066274078806018
1499811368874172420
1499820256889651213
1505515098642726912
1506388465881075718
1503827043640823816
1503388489081106434
1503663985362669573
1506298614481575951
1503378475088068610
1503368486218878982
1503342631471960065
1508769510723051521
1503621592559104001
1503405311830462468
1503412645080309764
1505937217474158595
1500146213743742976
1503449648618483715
1503377297759477760
1506286645993213953
1503396194525065221
1501630257228517376
1503456405709283337
1501496314097455107
1503007050124697601
1502262480118104070
1502943096589459456
1503762992516800519
1503061637057626119
1503361496100790276
1501902052087275522
1503371122607280132
1500166099006066688
1503437554212904965
1503426153721249795
1503500325734555659
1502399574400544780
1506139273472397315
1504822006650650624
1503413778377027592
1503361560718290945
1504890312040325129
1503338507301011460
1505989172535955458
1506013112574836747
1503456643744473093
1503377707412996099
1503383525910794243
1503097603256467458
1506022531962380288
1501169749446778889
1505531960634003469
1503343005499072517
1502292664187817986
1503337332103168007
1505998460310462467
1506716913501679620
1503493710662844418
1503448041549926402
1503272391744630788
1503433879688040448
1503409740734513154
1508904956270628864
1503531825163116557
1503487910699491334
1503422573467602948
1503445417798864901
1505634815210668036
1503386121157365766
1504022230468022275
1503350709437280260
1503410566550855683
1498686108032548867
1506290571471687695
1500162197984628737
1508858034122018818
1505995085162364937
1503507087489392645
1500843552682692612
1503522983897358343
1503377675372662787
1503491181354835975
1507287128614617089
1501645788413321223
1506176632142413825
1506152603108925442
1504062671481720833
1503465896123289608
1503065060633108489
1508872260202938369
1503349355406929928
1503373874125234179
1503349093892071430
1499129324481429511
1504933616920506374
1503419201427550211
1503364735349182465
1503486581780500484
1503367242792288256
1503419414892396547
1503358384497700864
1500218785143443470
1506842225099034629
1503372037318131715
1498623082709368833
1501116194044235779
1506276003139702787
1507322654247714819
1503353322417401857
1501459780564623362
1503362483913998340
1499795469203124235
1503706274147483656
1503389522511507456
1508899764401844226
1503364583834140675
1503480399267344386
1501943934603317255
1505989885651476490
1508853432265986051
1503483583863967748
1503376897752895494
1503057487888531462
1506153328631296005
1503365472686948365
1506526821369720838
1506208919768776706
1503395296637820936
1503335864071606277
1503080755525730305
1503349889710927884
1503483032434532357
1503142862489280522
1503469700881207303
1501158391795916804
1503338111027318788
1503371000402137095
1503519363349028870
1503401878310330371
1506357505420574734
1503373354534907907
1505990360924835852
1503338516922707970
1502312153088466944
1501236630543290370
1503480176872726539
1503363461371383810
1503371057528516613
1503371834464555012
1503366398541799430
1502000147084963847
1503392510978232327
1502940910216257538
1503380030851887106
1506296564633030665
1503431873258737667
1503417622037204994
1505988129928405006
1506300779950485506
1506200601826414594
1501753292665225217
1500786629006426112
1504812376616542234
1505497135730544648
1503042161973112835
1503351110014312454
1502025864548028431
1506702839980216320
1503402696216350725
1503376664625139715
1506700619964375041
1503450951453134849
1503365073401700353
1506755329199316993
1503174426166243328
1503096077679050758
1502389300633255938
1503365343175131142
1508895406884806657
1503381553346498566
1503376163992973315
1503342831414517767
1506174994736418819
1506005139978657802
1505807070511181825
1505999021516763139
1503634398498992128
1503374344025686017
1503404813605904388
1503676312556392448
1506178380797992964
1503396568321466375
1506188830470193157
1503339693789880320
1503325144365817863
1506025878853140488
1503625858690568193
1503416268522725378
1503379571953000455
1503642243546165248
1503356775613046788
1503743959939567616
1503388706702561291
1506196233823657990
1501637435347845120
1503368387577188352
1506383806563033092
1506025564062236683
1503507845710598144
1503443808524066821
1503456368476442635
1503389576433483782
1501462823850893312
1506206697630613506
1502200615627333635
1503377625573728259
1502996800663339010
1498874404952068096
1502393975667400710
1506023966879666179
1503437469634764801
1503431254863142919
1503386850509180935
1503369361830121477
1505299083665285125
1506760189990551565
1502005005427122179
1503656498957889536
1503362015267639298
1498651907451142145
1506417815502344196
1504546627725500419
1503453935687938049
1503378633846661122
1503430369890209792
1507048623778975746
1508770141286318086
1506339891071836176
1507682331129257987
1503862743446740997
1503370453380964355
1503050318958977037
1503298684460670982
1506516081804038149
1503340950600441863
1501974296645750786
1506215714264432645
1503364720866344960
1508856515087765511
1503540072737615874
1503390272285204484
1506201915784318976
1503404390002171905
1503401240927027213
1503403197070725126
1503376025715105805
1507435076203782145
1507011141414768642
1503374064102129670
1503340133935984642
1506966199929815042
1503362677892124677
1503358308589187079
1504808307805982720
1503447982460579844
1503349571807809536
1503387763558731777
1506274169918533634
1503383500413669390
1503468086170722311
1503385910167191558
1503684740062273538
1503422848844677121
1501311031057989632
1503479657454317571
1500582675941371912
1503365973214175241
1503378350273933312
1503361684873830402
1506326272787496964
1506286668525056012
1503003362513592325
1506175094908985349
1503524078015102977
1505849731322417154
1503488860155793414
1503423302911541256
1503375652581429251
1501533140145172481
1501947493042454539
1503699075245486081
1505848652098678795
1503395568139317248
1503371220519161858
1503100823001309187
1505587348007968768
1506518509672714241
1506172966484250626
1504940530551164929
1503389745946185734
1503276504083582979
1508888068706689033
1506010335202856960
1503428512379719680
1503374696254951425
1506589979845214208
1504857724403785729
1503709332076118026
1500846040194424834
1503379238535282694
1501221416242487303
1501546070622486528
1501914114779611141
1503427546716811273
1503370065894379524
1508898700579557392
1506310394637438976
1504693185309814784
1503462549207064579
1503370500504002564
1506383527620841478
1503397716478603269
1503364475935764487
1500763299234914307
1503111917480693763
1498588235823464448
1502222574473777155
1503490582508937228
1501161661109084161
1502951359255097348
1502623629602955264
1506803619521253386
1503884754457968644
1508462825580244993
1503403664949534730
1503391934722850816
1503343829344268288
1502400042665226245
1503476773744488451
1501335347015397384
1503467001213333508
1499060331963949059
1504186814424403974
1501399387431440392
1506172435640561668
1501217326863163399
1505994406985355272
1506204058847256578
1503377049607622658
1501560250662543366
1506676542759485447
1502070382949453832
1509493622965772291
1506220550972182531
1503373799256952836
1503384201269239810
1503515021183275012
1503373507505369100
1503253268314693633
1506711984900911119
1503487379969134600
1503358542677520388
1501637941419982851
1498650598295621632
1503409454938832897
1499801401404399617
1503336119353626632
1503364680437358592
1503410009740304387
1503491851696975881
1500230074251063302
1506242293879263237
1506007228846940172
1503455361596018692
1503376000750698497
1500138625916354563
1506003958493589510
1508831617720147971
1503390449150664708
1503365586721648641
1501189148966895630
1503363799298056195
1503343883622793218
1505307779753410561
1503372279627010051
1508854790461263879
1503391977122971661
1506720864024383490
1506004979970105346
1508872517926236164
1506013418280652807
1503498305699000324
1503418157792473090
1501257413025959939
1506648266594787338
1503703558256054275
1503660718486396931
1503399020953317377
1506340466559791107
1501960202043670540
1503869078326452229
1506018694144663562
1503735399155392512
1503391601254674432
1506070505035603972
1503361599301726211
1503390255268966405
1506021609160781831
1506546213432270850
1503378416011259904
1506288025160015877
1503338750260174851
1499667876894158848
1504559890559381514
1503368915983998981
1508543617132023818
1503374326753550337
1499277960846655490
1506603676722413573
1503479483776573444
1506374307873759240
1503385830953521158
1503449191053410312
1505988204389879824
1503927626897006592
1503373766642094092
1507481121176657920
1503364223816146946
1503398216020209666
1503338114273759232
1501605430774190086
1503617601783705605
1503600097749348356
1507070437309747205
1503692052483256325
1503409172360142853
1503390230778368010
1503369265876979716
1503399476815437825
1503336079096786944
1504429090237030402
1503650467733245954
1501538191026753538
1503144807979487232
1503353657491918857
1506055375073775623
1504993314398945285
1502737243068407811
1504500094611050504
1506298042110160902
1504034221710524418
1503821259360067586
1504455239491018755
1504251254972854272
1506172352324935685
1501598371898966023
1503448092498173960
1499751765280964608
1503475760023048192
1503360459960946697
1506290793211994116
1504062392531046412
1503350098109116416
1506318461529640966
1503405942930608132
1503402700851093514
1503417427538939907
1502204173189894144
1505838896118218752
1506247382488518662
1503469012302368776
1501215873184501763
1503435790692536334
1501463119457144832
1503698749222174723
1503659420445810697
1505987059122585608
1503378850985779204
1503756194304905224
1506044552485953538
1506305935110811659
1501241622993981448
1501433111481094149
1503389439082516489
1507736654437617670
1503447779548532740
1502294139651690498
1505532000198959104
1503389902960046084
1506207937907339267
1505666352111132674
1502442123915841543
1503370062111117317
1505458312590118917
1503360977743618051
1500095778542526467
1503390635579125768
1502698904147709955
1506022702116933632
1503703163962019841
1501120674861096960
1503374629028704260
1503372229035405315
1506057302071250950
1503377440999149569
1504809070544494595
1506725712719400967
1503537595980132356
1501503427469262852
1503658556108722178
1501498424222535682
1508770947863617539
1505994242036056069
1503408184798715916
1503360598943440901
1503361660001656839
1503421539131305984
1503389274556751875
1503376607632834562
1503488648087588866
1503408419700715522
1501902010362249222
1503499893524123650
1503679083670085637
1503485517450645513
1503359242119659522
1504900157812400138
1503274792371331072
1503379531490549761
1503543221464580111
1503428018026561536
1506510419040608270
1508813608804835332
1506730874502619137
1503357169160409096
1503631993581547522
1503413062736429059
1503384979295850496
1500179980919189512
1503373729753145344
1503382609258242049
1503342448969457670
1503435051383631874
1508776678943825922
1503384373281894404
1503378689416998913
1503360641645617155
1506334782480912384
1504890633504317449
1502851541140742146
1503519671907192832
1498873380132605953
1500054627101908994
1503360698264469507
1501911461441982467
1503406254642933767
1503364222952091650
1506392474352295936
1503388054052122627
1503382328344780801
1506316367875780611
1505292237424537601
1506368332030783493
1503360491455979520
1503351780905791497
1503409848653950976
1503377963718488068
1503506857746477061
1503494320808210432
1501171470386577410
1503476553451245569
1503396496506560513
1503366911291183106
1501215054410260486
1503465000580624389
1506002426859606027
1503377125155475464
1499765512816971782
1503756784716156929
1503446920278286342
1506384783953252367
1503420380408602628
1506746275718385674
1503531665813131272
1503425342521884689
1499802662610649089
1503390095654723588
1499920174027362304
1501174721148293120
1502994983082770437
1503339874513997827
1503424571092918275
1506018236441440259
1503392021775622151
1506389225574436875
1505989974629494787
1506337232499712000
1506256586389471234
1501941737228435465
1501162579372167171
1506174260783554565
1503411640787775490
1503342982149427200
1501565492951228417
1503368330379419656
1498606470371364867
1503511032865636358
1503362078110896129
1503390883160408067
1501686780021682179
1506153382867869697
1503413268248940550
1505988105748287493
1503409028747169796
1505964069962059782
1501249626913091591
1505962214942990336
1506519449695883266
1506201426728570886
1503431389282189319
1503380870752874508
1508754499267141637
1503019284167106562
1503469881701896193
1503362669960699906
1503391757567942656
1502203073556582400
1503703529801801732
1503378132635734024
1505992422005878792
1506673106731077646
1503488820297273344
1503374129977778179
1503382897562107911
1506277876664045576
1506177829544857601
1503633769030467584
1503354157570351111
1503390846682550278
1503694852554436618
1503463733598855184
1503450654852927494
1503413317620187139
1503387622579789828
1506722756150415372
1506346140689645573
1503336802874187779
1503393331488952323
1501176732757467137
1505990142363938821
1503396125579128834
1503376396076429322
1508760503539183616
1503432758709964801
1508774002218749953
1503438466503397382
1503365261902155786
1503134061811978245
1503370525623693316
1503792851880194054
1503368301271040006
1503344509270302723
1503661983752757252
1503337498453368836
1501930456593289217
1506615959779483654
1503414601274335233
1503392560118648837
1499806608091660294
1506312656440991746
1503408742649454597
1501206058886381573
1501926515801530373
1506533277456293889
1503427914490077194
1499498381835653122
1503506104881405954
1503492312395046914
1501865740185579526
1503459081276870664
1503404167406178304
1501960508760637448
1506150480862449665
1503623855960637440
1503447853661929474
1508773160820355080
1503439212573597716
1503457821576286210
1503400031180705794
1503311511325855749
1503424778539081736
1503390053904666628
1504439180847460356
1503425284149858317
1503375390701719558
1503793287504797703
1506979844424409095
1506910328340324355
1503436654241107971
1503417005063512065
1503339013524140045
1499875313349652481
1503371106534756352
1506173880368517121
1503364145525276674
1501164803682885636
1502420528363102213
1503434421545885699
1508798855344754688
1503458260040437761
1503455088014151683
1507086424918605828
1503501434955997193
1503371796271222789
1506455765908963333
1501247379969916933
1501162491891658756
1506375468492152844
1504932874230902790
1503401038254125062
1501450628958244866
1506389533050519552
1503996468864204800
1503486163813900292
1506713588844609540
1501613689492885506
1506205556922531850
1503647511164211201
1506383763189739530
1506353193705512962
1503424483989856260
1503395628700909573
1503373412298891266
1503335918089949191
1502702681323880450
1506273709031661570
1506287292037705737
1504929966466686980
1505932357781569543
1503427777575407620
1503353579217768451
1506037872671047685
1503369916426207242
1503690240703225858
1504142658432036864
1503361179044954113
1499803135308611603
1503429780791873537
1501489302861238274
1499769992761561091
1499039964155510787
1501231494743805955
1507582656829079555
1506007508393074692
1499416774709809156
1501165281913225220
1506037771726688263
1503386654383480836
1503365621991583749
1503362424669364225
1501958214040104967
1508502487090843650
1506319586911735813
1509192475797241858
1505624935334658058
1505255138360967169
1503437436453638145
1503419186672025600
1503387066754867204
1509136902976327680
1503737554260172801
1503629773985263620
1503560353661300739
1503430643295965198
1504313338947379203
1503372454651215878
1503416320976695296
1503691748287127552
1500567547833376771
1503384294693220371
1503369685613617161
1505356007358271488
1506375076257714191
1503802867471241223
1503441120247824391
1503361246040576013
1507047498283687939
1503343647965786114
1503486637321428993
1503370359789301761
1506395333974179840
1503402474752950274
1506000677855764481
1499788713521557505
1502307655855005704
1502934256598888449
1504556979636813827
1503836240369655810
1500891548581511174
1501243404474327042
1503338035525660675
1503369139607453700
1506013715904163840
1502945424864419840
1502294606456791044
1501495700353335296
1503687271693918216
1499755591102779403
1503985656174977028
1503427184542855172
1503368816872538116
1506293044760530947
1500190145890373633
1500159207861018627
1503655306416558085
1505991172094840850
1503457700964978689
1504282596464685057
1508898603540140039
1504240210523136011
1503413638962495495
1506603599790592012
1503360735749025797
1504197552773734408
1502292135395184646
1506009546866978817
1502261166134812673
1503691532184006657
1503389393725308929
1503451283809832964
1503824016792035335
1503486063997853699
1503424588499333124
1506156044728340483
1508865315844857861
1503451764200202241
1503347122736963588
1503363956496338949
1503472923604135940
1501226357908336641
1501161396691779584
1504114338386358280
1502626985809518594
1503114024220831744
1503683669562736641
1502136258797187074
1499475910990385152
1503430783956045825
1503374858415190020
1503540054031060995
1503375696848109568
1503355623571963907
1502352318519558148
1506359287387504647
1506025352547737602
1504813628326879234
1503376996193165316
1499812054965837825
1502355960278433794
1503375770521157633
1503370985797472258
1506063254459662346
1503068673900167170
1506082633339527180
1504489512927260676
1503379982030155786
1503142951337218055
1502932212206948354
1499833597762670598
1503026996602974218
1500819199731642378
1506000955237703690
1503367403249545216
1506274821251944449
1503375736459177992
1503360377610022913
1503843924825280514
1508881040705740800
1499325937132912641
1504004305887633409
1503493867466899462
1503364939070812160
1503368376915304450
1503547630307225602
1503375728766771213
1503363251194802181
1502927320503537665
1501488057668837376
1503367593964584969
1501538360124325890
1503376219605291011
1506019856679944197
1501428281626832898
1503386047639691268
1503594690708447233
1503493273515614211
1503382965006618633
1503390797034622988
1503356814062235649
1503447477113995268
1503353851159748616
1503368309974224896
1503665331730067457
1506173195442872320
1503835804359135244
1501533711543713797
1506037872629100560
1508854648341512193
1501231881324425219
1503748764753870852
1503426390435184641
1508855804866220033
1506306806896861189
1505990395846610947
1503341276879634435
1503338560367247364
1508860874597056516
1508869784284323847
1503497467786055680
1501918056397877251
1503376038176473089
1499475077443854341
1503346155396255746
1503368202142855170
1502576697874563072
1506536362094338050
1506156110109106176
1506025859894833152
1505235536826482693
1501247699919773698
1503338691128926213
1502997262955331584
1503484553918394371
1500161510991175682
1503362942825385985
1503866373872799751
1503400014315495428
1503379172546260993
1501367232445960192
1505988202498342918
1503424946860707851
1506391506965389312
1503366436852572164
1503334810261106693
1503007488060309506
1501700675029200896
1503795571865309186
1503460597026988040
1501593468191354886
1506028651837546504
1500740983482372096
1503665596570943490
1507800515903725579
1503385858816323586
1503388934612602881
1503361985232220164
1503256647535374339
1502026076683485184
1503366668545892356
1506006816001753089
1503397812347756549
1502158464675561477
1506510595897581569
1503504759038398470
1503429719945097223
1507082248188747782
1506373559710593030
1506621682202644485
1503680913552678921
1506009537987317767
1505882809969397768
1506384011245064193
1503340096942133248
1508875535681732613
1503648469227085826
1503387252684201991
1507100187508064256
1502298299868585990
1508868120215228426
1506165162444787718
1501159266882932741
1503388293563658241
1503380586991345669
1508405149995134985
1502200657234833408
1503447949061369861
1506035716438073346
1503360521936027658
1503509028051247106
1503428848200953857
1503355220453203983
1503476561382674435
1501298503213105153
1502402884532678660
1503594019246546946
1503371066927890433
1508735669333639173
1503489806130630664
1503442336348524549
1501937000550526988
1508464592657305603
1506175261380915207
1503346031576113152
1501157236265136130
1503395109186023424
1503371488468115459
1503411091799486464
1503382993997643778
1506938974992015363
1503405205697843214
1503520143288250372
1503367338372091906
1506476710795124736
1503504549117636609
1503300380343554048
1503442636174245891
1503425270639906816
1506418037980897286
1503387876842786820
1506245352638320644
1503360566626336771
1503336195186737152
1502384245968277506
1502058546627850264
1501256728381468673
1502105484723060736
1509155231506046985
1503608547917156354
1503443476104552452
1503059302726004736
1503404253959884807
1503610646759235586
1503343464444055553
1501329491964174336
1503372165218983940
1503707829420572677
1506032282737467393
1503365252368543750
1503391259850907658
1503375797951868930
1503359437725130752
1503105837270810624
1506159246974541824
1508754386473955332
1506057197368795141
1506152378940248067
1503388010179706883
1506587312418955268
1498540031362928640
1503777768693288960
1499852738607341571
1506005643974619140
1505441871513927682
1504087224576581632
1503367913985691650
1503358074479947780
1503857258417033216
1503385699503980549
1501149905519263744
1508859598425391104
1506175750847836164
1506173408937193475
1503368427792211972
1503374962614226947
1508597310137245709
1508854248649502728
1503077601971249159
1503343859421659139
1501301197851947009
1502365540949635072
1506274016163737604
1503387772811464708
1503447477025918979
1504506523967500289
1503445471632707590
1503398378113310720
1503469185787179016
1503477286506541064
1503407229579501568
1503387409572052994
1507437071362928642
1503379531117346818
1503466547423162371
1503350097354104837
1503447367915352069
1503383178366570496
1502227708390039556
1502135313581285376
1501969351469113344
1499698979142987776
1503137778489602051
1503384926955220992
1501942544262860802
1503427804519620611
1506325140338008076
1503384363161034753
1503117045403107328
1503462838899257349
1503448659891036173
1503395114730799106
1505479871685922817
1503406569630978059
1503351832030199809
1499845837530226693
1503492564758024200
1508880294941802509
1503399541600628739
1506656317691379722
1503388945610158081
1506307375418023939
1503392539453399045
1503349246673702915
1503365027314782213
1506298634257813516
1503453525334016004
1506597791489052683
1502292122518568962
1503506904319938563
1500816443948085249
1503467143068856326
1505127980179279874
1503389545647255556
1503414594848632838
1509270850351947776
1503408093794902019
1503433087610466314
1503384629151252485
1504363771535499264
1504001434697805831
1503476653112053770
1503414468272873472
1503440253373370376
1503379170042290180
1503377606019887107
1503346055651508228
1502200817490792454
1506013782862090245
1503348193823764489
1506610620581531656
1503348725099466752
1507103829560639493
1508865971540439043
1506348699236155400
1503614876324925441
1506723526446919687
1503361206114992129
1501693232631144448
1503608659384934401
1501913615594659843
1501164666277531649
1503457770435137538
1503343560686510082
1503362201691861000
1501167610892890112
1503369832288370692
1503309548911828992
1503459303038062602
1503093771302490113
1502573471943081984
1503551154235576326
1503597381203501058
1503628208385794048
1504039734506627074
1503413542489317385
1503339361726779394
1502308095162265604
1506066773715660803
1503384926221213698
1503541229170139137
1503486697782325258
1503452081293832200
1503628954863022081
1503431180376494082
1503356602711252994
1503349830013399045
1503685509905727490
1507277471661670420
1506002458354589699
1503691517688528898
1503368627424215045
1503386515300311046
1503378505278631938
1506291017171062796
1503607320886095872
1503509821399699457
1503448624902115328
1503425755572801538
1503375100380336131
1506274905083584512
1505988781865852930
1501118838502535173
1508872569390252035
1503389288129568770
1503367551644057604
1506009876593807361
1506391277578993676
1506072605949927424
1507477527643947015
1503833585316503557
1503426363755270144
1504542572915699725
1503358315711057926
1502046712130686978
1503373232606437389
1506385551708110855
1506276783347413001
1503482035888918528
1503282006007951367
1506202584545218560
1503386889197436935
1501249206069215233
1508863510062809093
1503676618430201859
1503370372795834368
1503371174809583618
1503989753284284416
1503367239667486720
1499791582236758024
1506392642355146755
1506224256622936066
1506014230407172096
1503384861695954957
1502030032822317071
1504236108531798021
1501153131735961600
1503336973779542018
1503466616436277249
1503390157847805952
1506018775694716928
1506034736719966219
1503341202321596417
1506013450983550978
1503512154451984389
1506015658504765442
1503162050830340096
1506680107150290951
1503370472750293000
1503411873978400772
1499790083238600711
1503044540353204228
1503340680457949188
1503722686509457413
1503430108245368832
1503361192219365383
1501315905157926913
1503480840101236739
1499837140309528578
1503410272920383490
1503385565655351301
1503521654240165894
1503367477752909828
1503360387487576068
1499479748044599297
1503362740840194049
1503338392830025732
1502397331316088840
1503659758368264194
1501492394038022145
1499898143646834689
1503414213104082944
1505428577533280256
1503395031125835780
1503624152674152450
1503397325158461445
1503461722560122890
1503353621970313218
1503668086448308225
1503595472321187846
1503375264319164420
1503071324033454081
1503395445762048006
1508767973028380674
1506138568653258761
1502211627113922560
1502006101042098206
1503394002548187143
1503634488760414213
1503627052393676803
1503385486143938560
1501157005049872391
1500143535563194368
1506032777866747909
1503369122469584899
1503377747044978692
1499861375262277634
1503368431592165379
1500170909432360972
1503388653506211848
1503375843191578626
1503466305126608897
1504476634312679426
1503378291293630467
1506007069153021953
1502232163491717125
1501170826925813761
1506312678884753408
1503471617694916614
1503273793988485122
1503759776907411460
1504030020167208960
1506009742757761030
1503351918185402374
1502042576571957250
1503615959650770944
1503390906887643142
1503366938533457920
1504545326715351045
1503433820439207941
1503393141428305934
1506373420564553730
1506184626062123013
1503382316625891336
1508854982619156481
1503382156789399554
1503380780411764738
1503376830174310401
1503367885951021059
1502067661085233154
1503428484990910464
1503133752943419395
1503366499590885387
1504541154896924676
1503361039445942273
1503343531687034884
1508867701778915340
1503501578317275148
1503501748555718660
1503409327318646791
1503418089672691713
1506594393301602311
1503795520694849539
1503512393632124935
1504352462085529600
1502103353253195779
1506748183921238019
1501159220661653506
1503481711677644802
1503376382130327554
1503065968913915914
1503648850644508672
1503065516201631746
1502142593320194051
1499342365626146818
1503476331132198912
1503460187058970625
1503535291163938820
1503480085009031169
1503388263234605060
1506005577402654735
1503410861939036161
1503365218436538375
1503358924396847110
1506190236396707844
1503256233284878336
1502008326590283780
1503438666911432707
1501528781063864324
1503456489910026246
1503387739269611522
1503377834148044806
1503370299651366914
1500198920919605253
1500051269100179457
1503389449111097344
1503381165650022400
1507418596250632220
1508891137469255689
1503511658412621826
1503492270615678982
1505993758306885646
1503390518503481350
1503387319583358983
1506278754657652745
1503445711945441295
1503438858586927104
1502924802117537792
1503500217383071746
1503402221924503556
1503698663679401987
1502108511823560707
1499867050767958020
1502947459462582273
1506986432119848961
1503575212687867907
1503384476415574021
1504003438400749569
1500412487832907783
1506739320509640708
1501205396404457474
1503390070140772354
1503357592394944516
1503360801616318467
1506167121507766275
1504562152975343617
1503694998268784641
1503384561803272196
1503365684327243787
1506007010298372101
1503341704279203840
1503354859382358021
1506164269251018759
1505996730273349634
1503813254749069312
1507076723254341632
1503443506987155464
1503360396522053639
1503337672559009796
1501210632292552711
1503436202690723847
1502001667213979657
1501843029413580808
1504035372564721674
1503339683790700544
1503377049435746306
1503484767916150786
1504141471166959620
1506980165406142466
1503383624611213312
1502399129615486989
1502102891607248898
1503365007886721024
1502003540864110592
1502184456899239940
1503367468009590788
1501319903994945537
1503691109096169476
1502240147475243010
1503368548449718284
1503370450897932289
1503518752658309120
1506026802803785735
1503388088676098054
1506028733345538050
1507074519659270186
1499797028351758344
1503369436874653698
1503459866018516993
1503411195864301578
1505987079297441792
1503451798119628809
1503497136650047490
1503364791594889216
1501904037687578627
1503613668033978376
1505182598049509384
1503485330061672452
1502991595137908736
1502643766338863104
1503362844225675266
1503535499440541699
1501927129834921985
1506203353948336128
1503640945019035650
1502230418409594883
1504900213181456392
1498656206595969029
1505208607910117382
1502053542223392798
1506570202376548352
1506533505144176640
1503388548459905026
1503365821283942405
1503708390761111556
1503369722418634753
1506194448488841220
1503353369640976384
1501972842392408078
1500168223815348228
1503756962852450305
1503726796654747651
1503365904628957189
1503387067652395014
1503335065119608832
1503379506337357829
1501313410792894467
1503147075231522821
1503080133510541312
1501510764565352453
1508727528055263233
1499118461234016256
1503485337204633606
1503442090310709250
1503393325365276677
1503346201864855554
1499830837243699203
1503469463303245824
1503657247066529794
1503379647693742084
1503404338265341958
1506006701069246465
1501989149296889861
1508907078844362755
1504533095210487816
1506406595256795137
1503365224581275651
1503381015334727682
1501095586359128064
1506169519756103681
1503494138053935104
1503424718443061259
1503445380779937795
1503388184981676035
1503385786443616264
1503355046582497284
1506050730213396490
1503512620099411971
1503371910578647045
1506381005527126017
1503361796563943425
1503336481804410884
1503368826951553030
1503350098910134276
1506013672220798977
1503337100728541188
1506070655116140552
1508733918979280899
1508901549258518528
1501221120959258638
1503377031567917056
1506277926370697222
1506496231194996737
1503367590256779264
1506020877585973248
1501207066618310658
1500898729469136910
1503371448160768012
1504461156576022529
1506018417836544010
1506992503387561992
1506696159229845514
1503770817863294983
1503390724141764613
1503378405194149898
1503281215838867457
1502310812895043589
1503413377544118277
1503647153843015680
1505532745044348928
1503424743709499396
1508929980172021761
1503349829874900992
1503307291562426368
1506789803995582466
1506149793994887168
1503618320888651779
1503364691103465473
1506297638219657228
1499762996427563011
1506122539109597184
1503362932419215362
1503362211225509890
1503381856296878085
1506240245087547397
1503367313621458946
1503483297212645382
1503424786621513729
1503360733584756739
1502946855440818178
1503367561974534144
1503468698677518338
1506045240146382848
1503480094492401666
1503271243474165760
1500820664726573061
1503407704735375362
1502140154399453195
1506995424195981322
1503754515945766919
1503715889102925825
1499417100330450948
1503390503777316869
1499820763666395139
1498681367395196930
1503364733734428678
1498788460135698432
1506223055743430658
1503374425973997568
1500018141388226560
1503384390516322311
1505999282226221065
1503390098167062530
1503664836986736642
1503369268704038912
1504809478083989508
1503367419909353482
1503355647282364425
1503507423155343360
1505998061708857347
1501983193301409803
1499513296931762188
1503412758368378883
1503515008268914694
1503765371861573634
1503498908282068992
1503413343389945862
1503432262007889928
1503624056075079681
1503410549979238406
1503384509340917764
1508238678040231940
1501903171173720065
1503620049344606208
1503350084729245698
1508774121299193858
1503254064313810945
1503351984300388353
1506214219460620293
1503608902600081409
1503471926731329542
1501684483535552512
1506569816588664837
1503369114060005384
1503091186961166345
1503452272918941698
1502201513057394688
1503704382738771973
1501966515494539414
1501215454718828549
1501933260376469511
1506585311446540288
1501162657692459011
1509229107036536833
1503357059089244170
1503394430803451925
1508763110546579457
1504592872464547854
1501239846836264966
1506571442875510785
1507036749851156489
1507070831960244225
1503377911365132301
1503372459269054474
1503017720488632330
1502240436601057281
1502233306863218688
1499615308759265291
1503413200733229056
1504903025382633480
1508859567228215302
1503369038843551749
1503388511411576839
1503343104639836160
1503341445738115075
1499470078592659460
1501538689192759302
1506274376991322112
1501508590196203528
1503724624814743561
1503497556009144329
1503367254678904840
1503408906181165056
1503480438198882314
1503380948095746050
1503377137285357571
1503403591926788109
1506926413089316867
1501162873371996163
1505998441297719296
1505986867178655745
1503370082562588676
1505991877199286276
1501163615772155906
1503360526746894337
1503711192283590663
1503362652671823878
1500166978308382720
1503491061339021322
1503404529077071873
1503366191578025986
1501914782588276742
1501205997393752069
1503325092708823042
1503376966694891520
1503559248831295489
1501259395862257664
1499772953134784517
1503692744472080388
1501187206265946114
1503459385749741569
1503401373932695552
1501204096723959823
1503371928731623427
1501928698823458817
1503441907611017222
1506739029567541252
1505150585225445377
1504340935047622658
1503533698469306370
1503377997235204098
1506019998502129666
1503617361051594758
1503474299532988432
1509331069367042048
1503336144066465797
1508899593999761422
1499743755892625411
1503482536818847750
1503406870920409097
1503357020451352578
1503623582391451651
1505998111138844675
1500142711340507144
1503382432485195781
1501194497333637125
1503645670762336260
1500169664575557636
1508868261143879685
1498667017032900609
1504581788840124416
1503661401197457412
1503389793819975682
1503505880570122242
1502392272360550402
1506014144176476160
1503754911766528010
1505145224028475392
1503451783905128451
1503398046331437057
1503362420366061570
1503344679303237634
1503339217665073155
1506306439391985667
1499346148926050304
1503337790263762961
1502036814114304003
1503518074745597962
1502149313174007815
1498651063183941637
1506161205035114496
1501575164072538113
1503364834020188161
1503389682180235275
1506008750288928769
1503388426648932353
1503384110261276682
1503384405259309063
1503638652190089216
1502292949190782982
1501645889361879047
1501161008626348032
1508857482931851272
1503379788274323456
1503305546065141764
1503487060753190918
1503408980269412355
1503488378645458954
1503387638765654025
1503353568165777414
1501258045027860484
1503355111522897922
1500273270058364933
1499810791926738948
1506289604894285836
1506274497544003593
1503378100645683200
1503483736691728388
1506731700881137679
1503376623944486915
1506277028701552644
1508769509167009800
1502032938036310026
1502028288117542925
1501861248203382784
1503335885194121216
1500855066424717317
1503639908409577472
1506627904167362561
1503423126218194945
1503390793314222087
1503364436865728512
1503365558795968518
