1266298618195046401
1265994297893101571
1265963096063033350
1266292897386598401
1266088685746950151
1265956748881526784
1265956217614204928
1265974215959810048
1265963436720209920
1265946617657638914
1266020612155363331
1265948059848052737
1262364838350794753
1266000487108816897
1266110952153518082
1266036205164077057
1265992929555943425
1266091143219089410
1266014468686991362
1265956173506846720
1265954258156949504
1266011233318207491
1257862854759387136
1265977955500666880
1266065472300240897
1265955828487643136
1266077923112554497
1266026781330546688
1266040697121103874
1265961104389308416
1265990315325956099
1266128880223617024
1265955504825737220
1265996846348066817
1266106988875976726
1265932624150872067
1266112795898269702
1266108137691582464
1263079157271060482
1265998939251187714
1264647929865928713
1266115764085538818
1266107636723978244
1266076637151612928
1266116816641732609
1266056757157285889
1266012911505457152
1266007026993422337
1265999424611909633
1266030312359952384
1265997029127393280
1266031355697266692
1265957947282280448
1265946087283724290
1265996359825530880
1265972230435078144
1265959567369920512
1265950523301277697
1266068902976655360
1265968433490997254
1266037377295925251
1266004627595591681
1266036195487879171
1266015266233876480
1265996428855435266
1266099499614842886
1256366134795927553
1266070949125857281
1266060688834940931
1265950132807315457
1266078376386854913
1266052012002721795
1266398295699619847
1265992148836651008
1265985740858671104
1266013890896420864
1266885261415387138
1257575095633141768
1265954316768235524
1266049035263148032
1266087885880594435
1266630506411589632
1266001150115024897
1266041932100374528
1266036918728482820
1266017420571037698
1266006374250659841
1266075951361916929
1266125038497009669
1266032892385394689
1266003879889719297
1266026251506065417
1265958210151878661
1266116563440189442
1265969147307057153
1265943267754958849
1266119874960601088
1266086925091438595
1265965253311029248
1265946476867473409
1266070568794763265
1265981513633595393
1266099399446466561
1266082684813574145
1265981417747623938
1266044718091137024
1265974030697455617
1265984139402100738
1265943777329451008
1266115295694991360
1263561015641464839
1266027839121510401
1266107154601316359
1265978599347191808
1266058102681501696
1265987915676557315
1266012618197741569
1265969749097361408
1265955300382777345
1266099181673951233
1266007274205712391
1265978149336162310
1265945845091971072
1266101432048115712
1265949525178540032
1262025772539273217
1266018204180152321
1261656751906193408
1266741556859600897
1265948792320331779
1266057671830122497
1266014917993418753
1265982189977690112
1261242426464722945
1265975273528291328
1265954508410163202
1265965589924847622
1266057973991948290
1266049076300300290
1258112277888327687
1266054274754150402
1266114143779721219
1263211775941644292
1265978796454412288
1265958151708463105
1265976307021688833
1263712021394137089
1266054648017883137
1265992320920535040
1265968948090228737
1265968081412784128
1266117639853801473
1266048117159452672
1266071476769296386
1265992206906777600
1266071660077203457
1265955847814905856
1265941780945670144
1266060503643820034
1266113739318853633
1266098493459959809
1266060666097602562
1265947586902491137
1266106683685834758
1266011703550128128
1266060045814501376
1265948285916925954
1266097529575391232
1266126212797206528
1265954852808597504
1266067172142571522
1266102030239707136
1266036946914213895
1266010782761988097
1266128344334176257
1266127168528146432
1266097150125117441
1266046906314211330
1266114414245294083
1266027067830931461
1266020862626496513
1265993270502535168
1265986405064302592
1265968245389041664
1265980450922733569
1266027605133864960
1266007436693065728
1265975889445228546
1266003527622688769
1263403763861196801
1257432127165079553
1266027933371686914
1265956944659001344
1265972836331589633
1261993776391884800
1266030805618429953
1266092319679414274
1265991925506756609
1261354582132883458
1266106687993327618
1266065859619012613
1265516247971749897
1266033875391741955
1265946414640758784
1266800415431102464
1267166528790835207
1266123178696466435
1258522075699896320
1266307123782258688
1266019133692485632
1265960646434267137
1265958910634098688
1265957227766198274
1265957069817032704
1265982639435112450
1266098586984611842
1265979672988463110
1266010226450403328
1266034416045957121
1266018876158025730
1265995984770945024
1265984243173404673
1265956020532252672
1266091566218829825
1266026750951280640
1266081020283158528
1266118398519410689
1265993464510111745
1266012532055183360
1266115894058639360
1266059269792768001
1265974680042835968
1265984309258788864
1265954661774884865
1266109564765769729
1265971241804083200
1266094053311033350
1266048297950744578
1266029057348640768
1265974077581332480
1267121130759913473
1266071305083924482
1266051174513487873
1266091518055546881
1266111594754379776
1266747856754561024
1266114120107130882
1266071919532572672
1266012147664015361
1266005611210252289
1266070423676096513
1266062498727448576
1266018226036707328
1265992941803364359
1266035043769647107
1265944629402361857
1265998647419944961
1256295848679538688
1266042106017185797
1266199179380080645
1265955421640167424
1265965441433944064
1266056122500288512
1266038047990218753
1265990753035182080
1265955116840083463
1259487818549727232
1265949537782423552
1266061822987288577
1263453297685512192
1266372607479144449
1266031153175318529
1266111213483823105
1266041349821906944
1266008972135464965
1265975883619340293
1266016276616564736
1266109312138711052
1266012902428999680
1265956100496556032
1265956701641084931
1266049233293107200
1265965973410111488
1266006723321626624
1265944092539748352
1263458642747109378
1258303964736557057
1266072631780020224
1265968742384746496
1264963970714275851
1266001281400950784
1266007679153078276
1266399051005730819
1265399839384375299
1263524770441826305
1266910013865578497
1266121459019235328
1266054514244759552
1265941883005603840
1266023555063570432
1265995731032252416
1266123276771905540
1266011446510604288
1265945040188313600
1266107529509179392
1266121386264866818
1266092201911685120
1266034548678234114
1266070001410342926
1262030913036222464
1265996984210665473
1266027976002547715
1265952119603019777
1266103280180105216
1266112919944794113
1258074072472223744
1266042151642808320
1265943300718178305
1266090189048463364
1266098424358809600
1266115312774234115
1266042505579180032
1266007810829176834
1266005022921428992
1265996253416099847
1266298563333480448
1266118586621464577
1265983968614154243
1265977358663782400
1265946979902935040
1266075099632984064
1266047340059791360
1266001758284910593
1266129889272516614
1266037276699754501
1265996635919835137
1265946594593079299
1266012067749822466
1266102708211154945
1267083032353267714
1266056383126024193
1265990476445949954
1265972787837128705
1266077713879744512
1266006122017808384
1266079321074139143
1266122979139870722
1266002862804533250
1265992393700057091
1266119841829830657
1265939062147424256
1266035753915727872
1261922120793313280
1266010309694836740
1265947449232953346
1266029499629666312
1256323370418757632
1266084587828137985
1265164295920332800
1266111307356483587
1265961053092970502
1266099764468297728
1266060433846394885
1266080379586347014
1266083736304652288
1266109540405317639
1265955567077601281
1265997073255710723
1265953965298126848
1265958304930508800
1266008839469649921
1266004072282370049
1265941373963907077
1266109370749894656
1266016710987038728
1266003496605753344
1265998202496483329
1265996786549886976
1266037523542880261
1266013177118183424
1266009717924605952
1266104730364887040
1266104857095802885
1265999346539073538
1265985178301849600
1265942551787450371
1264222407755288576
1265990700526690304
1265979841649823744
1266745735036522496
1266101452612800521
1266101253693718528
1265962716788858886
1266110975146692619
1265972426132815872
1266050434562699264
1266001497072054274
1266061652383993859
1266002169322442755
1266031650489712649
1266111708503912458
1265964139282866176
1265960462681849857
1265959285445611521
1266050393844453376
1266034452695855104
1266017588481527809
1266050790063575048
1266129548141355009
1266039745970307073
1266654858880442368
1265997767694077954
1266117144812621829
1266036986256785408
1266117507703812096
1266055110465130498
1265968112970731521
1266050284012425218
1265954179807424512
1264650063403528193
1265995031070072834
1267168228062658562
1265954899088588801
1266022639031771138
1266033136917504000
1266022638801031168
1265971099306790913
1265950980308336640
1266084491740807174
1265985481591881728
1265959368983564288
1265969515889909760
1265994055411994625
1266099564483940352
1266097736694353920
1265971235973992448
1266025157107355651
1265959412923019272
1266082764748656642
1265963323197140993
1265991034938458113
1266030009514430465
1264677561419862029
1266095268132466693
1265950203439468545
1266127462452416513
1266021316500611073
1266015921170272257
1266123342773452801
1260927147402842112
1266091120129445889
1265980156637843463
1265977562771206144
1266118853739909127
1265944684825849857
1266059918827761667
1265954042129395718
1266009515071324160
1266118808105820160
1265997571711029249
1265966579201818625
1265952681597833216
1266020326007242754
1266016579969585153
1265998845374234624
1265968931157741568
1265993718504579072
1265964160996737024
1265956425844633600
1261648284491354113
1266091667947507713
1260192378314506240
1266308738757033984
1266057556688076800
1265966023074877444
1265956386602713088
1266022700688031745
1265993464363266050
1265994592073191424
1266000789018947588
1266367135615291395
1266073201010003969
1266053985565388802
1265982355984056320
1266022313209798656
1266024756664504320
1265987853676417024
1266047498671529992
1261994436151607296
1266078230919995392
1266018921628532738
1266021123394809856
1265993017007247361
1266369059685232645
1266113977278496770
1267215162274131973
1266102149475434498
1263815779180597249
1262399450288402434
1263829153037651969
1263864447707340802
1266078824825053184
1265983832555245568
1265989747849207809
1266077218494701569
1265947086580842497
1265962839577149441
1266054238427402240
1265942612441206785
1266006946970316800
1266000186557509633
1266036824956436481
1266005463356837889
1265949361596444674
1265947147712806916
1266102495660642305
1265980688093917184
1265980921678901248
1264892578366926849
1265991899795591174
1266056417317916673
1265981104349200385
1266063690949943305
1266030311802048514
1266785528025882625
1259450252790300672
1266010534555648001
1266008801926426624
1265983077693698049
1265960222121697281
1265953956880146432
1266002046991376387
1264386828519563264
1266021735255674886
1261973602347503617
1266015180997173248
1265994887368970241
1266016239568240641
1266105081587478528
1266013894050492418
1258034345224417283
1266006667897995264
1266015203050819585
1265988181008297993
1266102407869730826
1266290689823801346
1265949774253088768
1266079581557215233
1266049483428724736
1260699952520605698
1265942059812298753
1265955069188587522
1265997410821685248
1265974208015802373
1266297115459809281
1266017763161751559
1266024367676416000
1265974743116767232
1266078859562233857
1266011113663205376
1266115105453936640
1266099540538675213
1265999509299048450
1265964628896616449
1266107487868129285
1266000604104720385
1265979123522027520
1266078978957344776
1266036488506167300
1266000636027588614
1257719993938173960
1266116536911032321
1266001093236064259
1266038792231813121
1266103168280166401
1266018552387166208
1265961835796271104
1266114430569459714
1265974792420839424
1265964688619290630
1266060242258931713
1265945141203869696
1266306187915657216
1266105912143609857
1266022005633155074
1266078887425060867
1263842559278923776
1257981732973838337
1266084105751584769
1265957854491676677
1266432525322289162
1266045396004061185
1266020291018477568
1265944696142155776
1266065001443459072
1266009853765566465
1265972702571085824
1265994552848113666
1266339035024437248
1266065234315415566
1266992282462535682
1263591297090084873
1266081223534919680
1266096631205814278
1266043013362601986
1266048143092789248
1265999103386947584
1261951685964042240
1266068926057910274
1266091284789374976
1266125781459230720
1261109320466472960
1266043758291947521
1266028632612450309
1265966546536587265
1266020249373216768
1265998758141140992
1265949726727380995
1265963992259997697
1263127591470469120
1266000577844195328
1265942346295906305
1266125503854981120
1266003888571850752
1266060583520083971
1266100395421597697
1266002516883517440
1265984146138173447
1265948475360972800
1265962752679403525
1266084558996484096
1265954046206185472
1265942532032258049
1266026717795188737
1260707356071133186
1266123493105479680
1266012397216677892
1265985109561401347
1266046312321032193
1265950530221867009
1265967345069109249
1266056448624205825
1265949396874727424
1266077009660305408
1266123830419996672
1265975057945440262
1266034855399260169
1266122705327267842
1265978022445953024
1265978700505415680
1266025797539815428
1266044068112429056
1266414118061461504
1266084848617299975
1266873160907083776
1266086374182092809
1265994408387923968
1266686728905129984
1266030326721191941
1266012946758545417
1266011001519996928
1263951675196407811
1265942275605123073
1265970587165474819
1265966447903346688
1265954464751648768
1265951128627425280
1265948039778189312
1264717984033095687
1266069948629213192
1266032279324942336
1266005952110694402
1265983435635658753
1265995943683461121
1265982272437727232
1266057619485208577
1265950121243615234
1266036158431191042
1261709525704413185
1266037211780259840
1265952065534246913
1266096681759711233
1263519619433803778
1266037090338459653
1266460038509539329
1262408848083648517
1265948406788186113
1265984115037388800
1266071649113292802
1265955935241060355
1266044709849518081
1266086103372771336
1265961775318605826
1265949261453279232
1262049125668917249
1265972352862629888
1266069112784072704
1266055882506371074
1266037517717045249
1266000256229089283
1266039226707193856
1266129972692955137
1266024275020058625
1266118205619220483
1266023122098106369
1266091586825474049
1266123635540049920
1266056134735155200
1266054190972968960
1261349351453937666
1267124353428307969
1266088193973276674
1266106553746296839
1267082612620898304
1266020438053961728
1266035992043171841
1266024231323734019
1266061407159812103
1266022914803073030
1265954281389273092
1266101770117435392
1266077866678276097
1265995957998620673
1265990521895477249
1265989868913647617
1266125873167642624
1266054417675157505
1266063463643742210
1266032237583249410
1266031920741265408
1265945098916896768
1266123064603009025
1266187957553319937
1266125468773822464
1266064153015451652
1266028966248407041
1266005032652210176
1265974589340999680
1265964385220034561
1257862635426480129
1265972208196898816
1266127358764908547
1266015069168599042
1266071983223123971
1266118052879519745
1266106194864807936
1266050669347299329
1265962800976990209
1265994263445282822
1266020399353139200
1262465225900646401
1266063952439586821
1266040655874273281
1265994528525295616
1266015817126338560
1266120523894992897
1265963808641765377
1265947227366871040
1266018494753243137
1265985848966893568
1265980745727848448
1266006177785274370
1266023427569221632
1265996977977864192
1266030283054288900
1266042534708510728
1266036650389405696
1265994609248911364
1265968364297564161
1266026466900393989
1265997799579095040
1265957879623962624
1261640376223490049
1265974769305956354
1265994530911850497
1265977503895687171
1265980091777122304
1266012165925998592
1265946279479255040
1266121874184065024
1265977251855831041
1266026578309496832
1266010215792750592
1266095706873499651
1262106219566837763
1266030290486603776
1266116098761674752
1265952795728982018
1267099863529017345
1263581038732881920
1266016945150873600
1266027251990134785
1266010281039273985
1266073686508998656
1266097849349083141
1265970053700255750
1265963083471761410
1266116805816389638
1265943425137999873
1266096041855680512
1266112289746423814
1266046025598472192
1256284516819271680
1266106757631410176
1266056859720593415
1266090472835080197
1266003777179574274
1265945530741542913
1266123260338540544
1266024041388834821
1266004679655403521
1266106200061612037
1265999498901323776
1266030290645987328
1265998130442571777
1266124816303734787
1266069232678318085
1266125056960344065
1265986157067804672
1266048375281115139
1265947200078729216
1267084019277205505
1266067481866776578
1265963278808776705
1266046568744005637
1266039252762099714
1266081609649999872
1266045936825806851
1265988998675267591
1263508763715272704
1265993698350895105
1265943358410838016
1265966126040825856
1266107342950711302
1266004350909976577
1266044198006001666
1266082716925267969
1266004737985523714
1266037596666331136
1265947940776017921
1266129260219072514
1265942175583539201
1261949837257383936
1266013715792646145
1266092485043982336
1266050467114684416
1265976450240430081
1265947652253986820
1266039219455168517
1262398053362868226
1266119570198331392
1266006216553218055
1265969142466740224
1266075185343598592
1265977169739726855
1266060837153882112
1266015873833336834
1266126469161517060
1265988515076194304
1265949375320272900
1266018020352241664
1266000498169184256
1265982980750823426
1265959733573357568
1265949575531151360
1265980315861946368
1265958461705277440
1266004766624186375
1266032959468994563
1265950354664980482
1266080920253145092
1266044706703712259
1266039721341456386
1265945188696023041
1266068727746961410
1266117700658626560
1266365373424660484
1265942262724395013
1265995516250292224
1266073972224995329
1265983065802911748
1266056213617401858
1265944117407875074
1266015222671781888
1266054932995747840
1266119711261175808
1266058290867384330
1266012023487414280
1266112347845910528
1266069077333860352
1265957872896221187
1267134052970233858
1266032549811322881
1266011975387054080
1265961456341843970
1266027992549031937
1265963757508976640
1265981153024135168
1265948069788626944
1266107772069974022
1266036462170132480
1266069544831004672
1265964836711792641
1265951000508207105
1263419284149153792
1266114092332396544
1265514883359129602
1266297355369803777
1266026492812820481
1266016475191619584
1266073797435809793
1265986994229981184
1266129058611503111
1265966409487654912
1266095587868499968
1266053806212747264
1266114033377333250
1266000098523328512
1266006469188751360
1266096310106484736
1266031997970984964
1265961419855495170
1266070635127738375
1266026736271138816
1266021595983876101
1266005250336591872
1265995280182317058
1265944260072935425
1266116152541003781
1265949585836584960
1266092919938670592
1265956564537614336
1265963893567950850
1266025874752786434
1266028362365054977
1266024517228531712
1265969922636763136
1263829618114650113
1266022261313679360
1256672797667069956
1265977851725176832
1256545857496920064
1266044833556201474
1266039521818415105
1266015975675179013
1265998838923485189
1265983208954478592
1265966902846914560
1265991048851005441
1266053252422012928
1266089748596248581
1266077570208014336
1265983267867701248
1265985139672309761
1265984621084278787
1266122586846629890
1265987160072687616
1266095566112673792
1266123800309104640
1266015158146674689
1265989367002214401
1266307963217678336
1266010775329615872
1266126581757509636
1266061164821262337
1266103374698762251
1265964099806134274
1266021720156262402
1265037636424605696
1262455397971046401
1266017259421601794
1265949527904845824
1266026521967439874
1267193807659024386
1266076973648003072
1267094971015991296
1266037615154925569
1266422530048393217
1266072415496482819
1266001471411064834
1265949900749115393
1256450998287114240
1266098800634015747
1266011182470705152
1267168190850834432
1266057817657655298
1266018227907440641
1263402603616129028
1266104088074354689
1266056950049116165
1266118281536077826
1266004388012855299
1266035916969295872
1265491513582256128
1265994984119046144
1266026815572901888
1266100400723234817
1261254205194502145
1265966351807582208
1266128375376199680
1266038855758680065
1266118502311657473
1266080550319726592
1266128416585195534
1265983281754976257
1265967218933878785
1265954540999884800
1266116364026200065
1265960657184264192
1266009617353576448
1265996631255760904
1266104411169923072
1265996822708879363
1265997491918508038
1265177446380376064
1266034593498566661
1266013440533041152
1266094681575825410
1266069781234532353
1265990798132350976
1266016941149425664
1256355551036035073
1266050931793199106
1266062329122258951
1265992961688571905
1265968987420143616
1266008939319250947
1266045469278588928
1265976244614639629
1261045389655932934
1266125894571212800
1266097122451079168
1267082508413423619
1266043063597764616
1265984439923945474
1266017434122752000
1265964715248947200
1265988716365074440
1266106931904745477
1266058851423485954
1258625096580771840
1266011888862756864
1265988377045872640
1266014366941487104
1258679934404476928
1266025970651271169
1266014565323735041
1265959702573301760
1266120133715599362
1264718638386483201
1266126293302640645
1265964486839676929
1266114820778209280
1266029252320923650
1266019679493132289
1266038201900314627
1266350284579667971
1266120881501331460
1266092869263200259
1266072262974857227
1266088013148434434
1266018022990454784
1265942567742574592
1266027933132566529
1265941091276161028
1265938363980419072
1266031988970000385
1266027647773151234
1266787031734202371
1265952067857911809
1266091149065846787
1266025934383169536
1266053179256471553
1266006761359773697
1266039066165940227
1266126042223325188
1265970932939722753
1266015216741072899
1266124201901133825
1266114612174491649
1266108078468091906
1266064730403352578
1265939292528021510
1266017404850757641
1265986270796357633
1266092073616375809
1266118384103698433
1266048176399810566
1261018452007030787
1266017689090342912
1265996645105307648
1266120790329692162
1266047837089005576
1266070047262478336
1266098230858846211
1266015686373134337
1265978035456655362
1266038544423882754
1256431755114004480
1266077113918128130
1266021451360067586
1260111968750522368
1266049474356543489
1265967615626936322
1266013245887991810
1265988798204325896
1266059665470885888
1265998918573264896
1265959288612274176
1266057019800387584
1265951333636608006
1265953183240728577
1266017689992155137
1266001028119515136
1266036698435248130
1266014550891139077
1266006977135685632
1266028049809760256
1263881564242444288
1266054435882631169
1265950147231522819
1265993649432772608
1265940505554227201
1266027811975856129
1266099061142237184
1266077027574177792
1265988299291873281
1265976713718255620
1266028617768800257
1266055517866266627
1266019039035392003
1265999051172057088
1266006096206016513
1266013997507268609
1266004777416167424
1265998733277368327
1265976047411105798
1265966614450757632
1266066028238430211
1265945045888372738
1266025600466239491
1266011910006284296
1262729574099701760
1266002828587401220
1266076667732283392
1266013952754024448
1266114481383444480
1266044509177163776
1265985004955406342
1265960376128192513
1266413883096514560
1266023999915601921
1266097938473811968
1265992920823365643
1265950636509671429
1266000598484353025
1265981980585406464
1265178935677063169
1266126644692938757
1266058282998927365
1266083544683745281
1266297407328813061
1266018658763116544
1266091030241333248
1266013248723341312
1266055911266824192
1266067441299468289
1266011433134960640
1266095930509590529
1266112069188845573
1266076384956424192
1265979089489481728
1266050506432172035
1266383334386647040
1265973677277032448
1266010917487157248
1263397028391985152
1266120160898924545
1260922572536983559
1265963149196328961
1267080930964975616
1266034585864941571
1266090890327658496
1263748245148352512
1266033361644064771
1267096248290553858
1265949351836372992
1265939708992946178
1266097533262102528
1265983497837195265
1265973530820333569
1266428415038676992
1263792249432834048
1266034058380873729
1266013960278544384
1265967633289052160
1265949457029509121
1266156239689584644
1266044224300027907
1265964479776542720
1266010731486601217
1266293194095857671
1265951184046690304
1262795246171312129
1266018680665706498
1266313355842764802
1265952779350179840
1266015864605650944
1265946283690385408
1266018515968016390
1266055402153746433
1266019309811314690
1266020648226377730
1266097405663076352
1266117824566657026
1266026523238301696
1265941874533183488
1263452172919980033
1266026382989156352
1266015256251445250
1266103084641648641
1265955967147159552
1265975692275200000
1266028860639973377
1265982599983435778
1265986778890219521
1266042404152410113
1265939117864615936
1266112912042721281
1266088372549890049
1266062316275187714
1265998082443038721
1265976380094844929
1266114553236066304
1266046117655064577
1266012268518572032
1266092581374607361
1266066966894305285
1266010514246766594
1258106220013117442
1258521326622437376
1266031714578677776
1266371701182324736
1265938763596943362
1266356740578316289
1266047940818280450
1265992525627654144
1266119637458137093
1256136293915996162
1265969162440134657
1265973012463071237
1266027606199218177
1258356667357573120
1266056553582428161
1266029980020092934
1266041397439803392
1257027033298882560
1266017187648716800
1265948365629595650
1265948256980348930
1265994845522399233
1266021350495436802
1266008389676683266
1266005170544050182
1266026474886303744
1265992871892656128
1266076854009712640
1266065825267691521
1265953553820114946
1266110173078306821
1265953485339713536
1265942671870308352
1263896404306599936
1265975629129953282
1266025095165882369
1266072383376560142
1266035763940073480
1265982323549450240
1265974540133371904
1265948159961948160
1265967364845297666
1265953105092448257
1266014224947568642
1263850182409687040
1265943144018911233
1266024124440248329
1266099133208825857
1266061003546071041
1266127786718134273
1266013821799469056
1265995093745586182
1266029660376387584
1266092186518671366
1266012380124917760
1266061843937837061
1265965968980955136
1265971518321954816
1266027091704844288
1265946860725981186
1266125353157787649
1265946845647339520
1266137208114864133
1266026254794469382
1266002142051078146
1265953916828692483
1265946115855319045
1266332419873034240
1266010928207794178
1265973153429434369
1265947305456394241
1266441954570711051
1260355168090099718
1265975651070357505
1265957707611324416
1265980912468135938
1265998982498734081
1265997752225447948
1261013295533895680
1266108440390373376
1266048837724114944
1265997215258021888
1266097775227408385
1265980704661348355
1265944823976071168
1266759222181715968
1266038939237957636
1265983894861553672
1265976129199968257
1266000392535642113
1263409713108131840
1266018991249731585
1266120651234041856
1265959385433595908
1266004679487520768
1266038817456357380
1265983322712354822
1266040832202813443
1266068580166184964
1265969118915760130
1265962889002782720
1265948158665908224
1265965696351174656
1266004550449840129
1266002471656226816
1266089764123533312
1265979713438261254
1266013890724466689
1266038619313184768
1265998703384498181
1266026939652939777
1266122211934572544
1266005690105159685
1266111530053046272
1266046769282105351
1265941402028032000
1266113812844941317
1266115759991816193
1266040545476034560
1266014474567323648
1266061609128144896
1266017297786863616
1266073398825947138
1265997426630025216
1266034735589076992
1266048186008899586
1266100391902695429
1265971921742712837
1266025277936807937
1266048934721576968
1266019345127428097
1266106643395330049
1266053414565404673
1266011798592946176
1266009970006462465
1266125159196438528
1265977470873935872
1265961902603108353
1265951110616973318
1266023229333872641
1266111949122797572
1266070940150087684
1266054617999302656
1266045630167814145
1266018060756029441
1266022982947872769
1265966980709912581
1265939556840476672
1265959134333149185
1266099836962721793
1265974069213749248
1266011661997088776
1265948131671277569
1265956569314926594
1263406723156660224
1265976133566320641
1266041803574255617
1266004479746420738
1265947487392669698
1265961152707690496
1265955918996520960
1265977388636278786
1265992727516401670
1265956096126201856
1266121407576133632
1266050060980293633
1266016467742588928
1266070403669204993
1266080268957503491
1266012207382396931
1266075786852945920
1266016701243699203
1265970672985145349
1265987162039820290
1265939134218145793
1266761327361622027
1266116488492208128
1266045438014230531
1266023565742276610
1266013106154680320
1265950029581291520
1266005040977805314
1265998399846920192
1259925186540904450
1258215003481673728
1266048723810955265
1265981926319538176
1265985120261079041
1266012004214550528
1262409452889804800
1266067378821042176
1266777781364547590
1266022432902692864
1266007317969080321
1266003586909167616
1265999351131889667
1265982309154652160
1265951120578547717
1266112300357910529
1265970663203966976
1266449649809993728
1265978563540463618
1264080812330418176
1266104385098199040
1265996511537778688
1266085556452233218
1266069592671207425
1266089834629734400
1266081113287675907
1266088242870435840
1266118145540083715
1266063787569876993
1262009225024339970
1266016806965260290
1265990081216733185
1266062826319347715
1265949832642015232
1265941140576010240
1266027381514547201
1266021149756006400
1265952558746677248
1265982337940164609
1266360651053588493
1265975585010057216
1265942824551415808
1263257620460249091
1266101652140023811
1266028883700318210
1266012215322304513
1265979025706684416
1266122142602723331
1266108903999385605
1266614683215302657
1266066886078402572
1266008487919837185
1266045001362018304
1266082587505819648
1266129898911006722
1266001094989185024
1266105524870942725
1266085501955715072
1266126780504604675
1266088696094359559
1266035935579377664
1265997068851699716
1265958093965479937
1266025273503485952
1266421800436731905
1265959972560687104
1265955395933212672
1265949161398177794
1266318885139218434
1266035180747345923
1266094423751917570
1265991191222509571
1265944767424274432
1266009484729765890
1265959733527228416
1266100141129453569
1266013300950794241
1263831069570326528
1265973044549423105
1266038632458129409
1265994012365926400
1266300083680587778
1265966233763094528
1266004376424001539
1266073390198206465
1266128019770482689
1266120214405615620
1266074094715445250
1266023672239788045
1266013346299609088
1266128334091694080
1266008538071158787
1265970586909650948
1266048874365542406
1266074681658015751
1265987542786215938
1266096163595444228
1262021055549452294
1266043983270207488
1266832758615277568
1266128620109672453
1266026450710409220
1265982530693607424
1266005227330813952
1266043520957198341
1265973447223644160
1266035059292848134
1266112194749632520
1266069880287174663
1266016617110163457
1265985528173821954
1266128764456632322
1259981898400612358
1265995109490921472
1265963108859813888
1265945561854889984
1266033283781050369
1266127662998851590
1266061102963662848
1266088483954872321
1265999727272890368
1266124130702721024
1266308013129961474
1267087996140097538
1266126929612201989
1266024725937033217
1266080630623920128
1266015577656745984
1266113977614024704
1266101707681026049
1266082061800157185
1265996010867830785
1265939728458756097
1266091793357160451
1266111193732861954
1266103049568825349
1266346973420011520
1266062539508584449
1266058603817033734
1267105702725681157
1266000473896648705
1266113269560942594
1265976666893037569
1256353154083536899
1265957106710204417
1266072277420040192
1266063572209143809
1266014354102726657
1265992838870958080
1265941234964627456
1265947507412144128
1266009715017998337
1266001709161218048
1265977919219924994
1265950588162002945
1266012901736882176
1266129855990632450
1265949850077728768
1265991696585764865
1265992051847462917
1265945264180920320
1266002856773124098
1263161060581879808
1266050223866105856
1266095524765106176
1265983901828292609
1266104462499819520
1266001518618165248
1265952128889126912
1263579370481790977
1265953041108402177
1266012953461043201
1263831017590272000
1266116023985594374
1266110434681159680
1265976213237088256
1266063076140425221
1266090064448237569
1266069350253039616
1266064194740391937
1266039315789942786
1266022224160534536
1266007814536921092
1266000249040056320
1262074916440023049
1266140919948083201
1265970065863737344
1265954172031193088
1266016193380585472
1266013225302327296
1265939496492728320
1265989395603230721
1265947219800268800
1265942015444946944
1266039002072862720
1260004169039122440
1266054822517710848
1256357306901704706
1266426269224353792
1264998589647826945
1265986670329036802
1266111912070316039
1265969784862257152
1266090755367591936
1265962533065838598
1266017623818584068
1263427685151322114
1265956993573027841
1266120039847153666
1265964850179641347
1266019236729835520
1265973942705160193
1266079975284842499
1265978260082565122
1261874341937139713
1266354492062273537
1265990241720164352
1265973577658007554
1265973978918785031
1265689625546436609
1265944331279642624
1266095259563503617
1266127160668020737
1266070553158443008
1266048165058404355
1266102810162143233
1266126322864193536
1265956492911546372
1266066078632992769
1266063722952392705
1266058199058300928
1265949298015047681
1260593645763407876
1266013290519498753
1266068281720520709
1265944399986425857
1263807258795876353
1265989864627097601
1265986646991831041
1265963515329892352
1266032469939302400
1261666248276037637
1266299777404112899
1266034459046039553
1265983052079149064
1266043404238159876
1266029202874269696
1266019241960054784
1266065177331535874
1265950549633044481
1265963786420342786
1265966819313156096
1266073840687464448
1266096267177988097
1265946247560671232
1265958763820748800
1263130700691243009
1265995011621105666
1265977898827120640
1263398761365147649
1266325623720620032
1266101737401847811
1266072573680500738
1266020923313971200
1265998124310544384
1265997275156840448
1266057879209095170
1266020872713834502
1266040921415716865
1266107242866192384
1266010777304981510
1265985415368105984
1263161447191851008
1266088989250990087
1266077468882087943
1266066691999629312
1265996879944392704
1266379877298495490
1266008932553830406
1265942434409824257
1266307973380476930
1265953039162257409
1266030479800782848
1265988505475395584
1266053623592738816
1266022967290576897
1266022168091136002
1265945745762500608
1265991810398240776
1266044807547420675
1266072369984163845
1265957951048744963
1266030586583449604
1266023978151313409
1265975219606478853
1266024872926380033
1266120763028930561
1266047102959988736
1266128688762019841
1266061629604626432
1266037567448928256
1266014860422402048
1265969689710166019
1265999782830538754
1265948102130884609
1265959767803072512
1265993852101496832
1266121743996944386
1264846830115921920
1265998715120234501
1265993012133400576
1265949696679387136
1266110166950449161
1265996059039404032
1265953016957591553
1265980141022466054
1265955745411076096
1266007724128681986
1265939698318524416
1265100533054017540
1265986626385215488
1266120127050850305
1266025614433280000
1266297850129821700
1266012606046916610
1266068019362631680
1266057853644738563
1265980109598711808
1265965591715819522
1265944799959547904
1266118415233802241
1266055233081413634
1265999507893948416
1265978860585320448
1266004006423453701
1266084944113274882
1266071407282343942
1266023062199324674
1266005900483088385
1265992786131681280
1266035341754085376
1265988468267769856
1266033020596826114
1266720079452033031
1266004347877548033
1265983150146162689
1266120582334201858
1265997268454453248
1265996416549355520
1266329366671351808
1266087309763653633
1266043869323497473
1262010969145909248
1265969180571992064
1266129545276637185
1266064366039949312
1266061028334370824
1266320472251252737
1266042479985537025
1266016155036246016
1265953551148355584
1266039082574123018
1265948047579717632
1266013964737097729
1266000385799589889
1265992703956922368
1266018147901100037
1265966691374321665
1266109572709847040
1266095905142444032
1266074824302092290
1265979866425569280
1265977943974690816
1265946103779819520
1263159541321080840
1266049998367739904
1266052907025281024
1266031834250596354
1265968537677553664
1265952525901017088
1263810170938970112
1266086322332188672
1266024443240947717
1266049941199294464
1265990561615556609
1263400353153912832
1265944274576736265
1266093185702547464
1266001104892055552
1266334406010167301
1266120074768900097
1265963848798003200
1266010000079695876
1265985204474327041
1266025637329997824
1265985323626123265
1265959926171684869
1265956161444085760
1263953793437351937
1265966333826666497
1256592543338414081
1266097847063269378
1265953670065197057
1266016321504006144
1265984419199844357
1266030396485046278
1266044070507528193
1266044173003689985
1265964816667152386
1266012189070176258
1266085525146030081
1266112732786561038
1266125988804677633
1266044564097437696
1265989816539402243
1266014687646416897
1266068958601531392
1265998582655655937
1265956594556305408
1266095134250237953
1266028056919056385
1266001063301328896
1265978808034897920
1266065484866375681
1266014737390862337
1265943819440336902
1266022251889070081
1265953619301588992
1265973796785336320
1265992238162739201
1266012807432146944
1266285006097223681
1265950113769426945
1266105687387582464
1266065269308510208
1266062381421072384
1266013659396034563
1266005707352150023
1265980047225217024
1265967038394220545
1266340067913674760
1266104585892085760
1266040806969835520
1265955907873185797
1265944085078171649
1265984175623925761
1266053951264342022
1266123371181416451
1266018461647503360
1257862778725044224
1265994913545687041
1266095811739430912
1266044970559057922
1266035069606658050
1265009426173476869
1265979218237759494
1266103277365669888
1266036177670471688
1266021581584826368
1265942925751603201
1266056971658104833
1266116332615094274
1265961668267425794
1264357893043822593
1265985508926263296
1265940110895431680
1266004637590491142
1265954505679667201
1266020670451965952
1266001001720537088
1263655182899965953
1266050753719873536
1265985340558446598
1266119180820111360
1266038381739495424
1266064252181282816
1266045212440301568
1266002473438916609
1266100682056179712
1265973544955101185
1266029534622687238
1265967327385878528
1265946303185518592
1265949128959430656
1266025208466595840
1266009116025262081
1265973594749833217
1266109611276406786
1266119153674530817
1266020399046852611
1266101716266737666
1266046299339665409
1265951864325058563
1265973980567080960
1266041825825034242
1266108159137124359
1266047254231764992
1265964182727462913
1266042991095005184
1265944435646443520
1266020055378206720
1265947127726956544
1266043255390711810
1264079091344576512
1266103731818565640
1266012388593106944
1266048329617735680
1265941170766692352
1266079500875501568
1266105728647008270
1266035300502994944
1266056711300882435
1266069404938375170
1266053977449418758
1266075631219019777
1266745984790548482
1266111325308096513
1266069093943312402
1266117671495614465
1265986779003445253
1266328840651116544
1266033460818456578
1265939152966766592
1265989395573813250
1265943434235428864
1265971259034218496
1266113057153077248
1266019421237260289
1266687542142910465
1266061610390519809
1266059921105223682
1265997847251636224
1265969146438787072
1266032416289849345
1266023448737955841
1265976289489498112
1266384581537796096
1266070422325526529
1266293539584880640
1266104698077151232
1266005317499961346
1264620691208495106
1266100834388938752
1265975132880883712
1265985089235804161
1266072151804850176
1265973559563816960
1266020106766876674
1265953348093652993
1266045562606030855
1266059243742015489
1265999160928600064
1266037937931681794
1266069432117465090
1266034861980233728
1265962338991124480
1265943881545404416
1266020270671908865
1266071467197976576
1266031579228442627
1265962560626593793
1265998794199568385
1265960003816632320
1266017690042408961
1266292519525945344
1266039435336048641
1265954996518092802
1266920055033548802
1265977257396449280
1266012824255582208
1266072906590715906
1265984671915130881
1266126622433968132
1266026099689037824
1266125393716748294
1265987811112554497
1266305143936446464
1266299258937856000
1266114348214374407
1261718386557550592
1266083417885679618
1265994014932811777
1266102509858426881
1266119939980738561
1266011385420492800
1265991133383004166
1266017506709422082
1266073374578663424
1266007886334918657
1263311464078639104
1266129663727992832
1266119713903513601
1265998341357350913
1265982055680282626
1266033929175302146
1266073637674790913
1266127585530044416
1266065073568702467
1265969764960264193
1265945453662740480
1266112254002503682
1266023242696982531
1265980192280977410
1266009347479527424
1266017650196516864
1266026006151942144
1265949856000094209
1265941605330157569
1267118685031993344
1265943283886407680
1266013003385839618
1265943840432828416
1266129462925692929
1266085469546319873
1266030025704382466
1266048971077832705
1266003743574765568
1266012644735102977
1265949394014265344
1266047304668233729
1266084794397601792
1266003619909861377
1266295121064062976
1266129643687591940
1266127311251869703
1266003108049625088
1266052708013932550
1266027906746236930
1265999419629023232
1265992944269643777
1265959447320543232
1266022462619336704
1265949876048867329
1265955199883063296
1266078576409001986
1263808451504988161
1262638503726366726
1266125170592436230
1256357787032051713
1266016247298342912
1265952554921459713
1260099315575468032
1265950040079687683
1265945302894366721
1266326298500255744
1266092307566166018
1266024469090447360
1266052608940281856
1265962529253187591
1266002534944079873
1266123706872541184
1265979212751613952
1266115277147836421
1265953399876378624
1266040449514590209
1263923927170105346
1265999335411666945
1266078101777367041
1266119653019000833
1265994787359989760
1265973222429900800
1266036521699811330
1266115078547480577
1265987545499926528
1265956403333738496
1265954441720664066
1266064949912240129
1265979158603104257
1265957809641926657
1265983710672887808
1265942757362802690
1266061184547131392
1266025615267901440
1265961295829925888
1265948823274340353
1265986331932581888
1266308156814176257
1263398377154174977
1266036564662063104
1267230227400359936
1266008813112627204
1265938705237389312
1266094935872360448
1265949441158197248
1265947296946098176
1265841494528835586
1266009482020245504
1266011960728072194
1265964949135921153
1265966952461336578
1266299206207037441
1266054580581826561
1266061337446227968
1258179308599771137
1266030822081146880
1266056095547736065
1266347444654215168
1266014825299292162
1265958429950181377
1266129634263019520
1265952262804967424
1266015880292503554
1265990281234694145
1266038764117413888
1265977961108377606
1266076348189233153
1265942383977512961
1266062223912456192
1265946495532097541
1266042646687961093
1265968276699578369
1263164935011532803
1265985244202704897
1261277976957784066
1266122487886217216
1265957383274213378
1266092909524389888
1266102036623482881
1266028867262853122
1266014622655660034
1266099396598550529
1266041440406310914
1266006789457424387
1266059239363133440
1266072884021248002
1266063228871770113
1265984005037490177
1266047827949621252
1266060574758223872
1265963070825861120
1266014354236981248
1266327046726266880
1266037854570000390
1266018072734900224
1266067039979962371
1256356823516545026
1267133530158641152
1266094280839397382
1266058676961513476
1265998865897082880
1265951340771061760
1265949770255867905
1266127848558993409
1266098965147258880
1266068874103001088
1266322406466973696
1266037489468354561
1265970299205451778
1266314799169908736
1266002897118134272
1266007808241270785
1265994356416294913
1266124079616180231
1265989225125752833
1265501305243676672
1266126385472516096
1266100382138335232
1266109820228304897
1266042211608735745
1266018639972569091
1265949169899970561
1266121687889838082
1266013481070989312
1266022610271440897
1263807276105768960
1266036195852783616
1266119382691971072
1266013962291871744
1266079756958736388
1266111874233499649
1266105535004397568
1266071154663489536
1266016582423261184
1263398169767002112
1265994293862334464
1265960161006497792
1265971685578215424
1266302236608442373
1263503349896433665
1266069219088752641
1266062967570915328
1265990250356256769
1265949177185472513
1266007608638476288
1265987089566498823
1266047960258879488
1266127425789923328
1265961041403535361
1266021812669997056
1265974847252856832
1266046255366574082
1266050152713814017
1265992629210230786
1262964690344382464
1265993327813541889
1266115231140413440
1257313556145401858
1266103526134091787
1266028193959612416
1266107651659911174
1266127608997167105
1265981563386441728
1266100927615963139
1265975088131837957
1266084251377819649
1266052803690147842
1265950197324144640
1265967055515369474
1266086393056460801
1257427880818114564
1265993068190281730
1266126214919487490
1265963660247281668
1266124987452346374
1266028399518199808
1266012302039449601
1266002025394794499
1265979466045685761
1266049707312381953
1266043386395492353
1265958812030205952
1266075609178013702
1266053486237691911
1266090198347235330
1265992200195801089
1266070502713495552
1266007228265480192
1265990571228790789
1265977893328506883
1266044929832337409
1266013672729726976
1266074211015168002
1266867472885583879
1258357759092961280
1266025923083730951
1266065082284421125
1265972928803471360
1266770197454696450
1265957784404791299
1265947512344543234
1256354707997708291
1266037972002115584
1266007931683852290
1266114604175970304
1266122840492912640
1265961907556626432
1265986788893523969
1265984801737248769
1266007714175614976
1266007659054010368
1266057166345187330
1266762001788866560
1262708473692917760
1266094081849151488
1266065929127018502
1266012503726792705
1265944926015172614
1266096613560377346
1266019701823594496
1266077826001842177
1265953911384440835
1265945017862029313
1266069667111714818
1265979729674412032
1266017129364688896
1266014968777932806
1265983966928080896
1265996265214619648
1266092802796072961
1266013496602431490
1266032541649297416
1266065742828617735
1265986498941329410
1265963819429441537
1266374148667793408
1265990368593575940
1266126953452617729
1266109716343685120
1266018374775078913
1266011768368889857
1259472068854366213
1266068000949571585
1266065584443330561
1266059371785728001
1266041593263542272
1265977543196315650
1267241273704022016
1265988157440495617
1265947336322289669
1265670235639689216
1266029927796703232
1266048947572875265
1266028894735433730
1266122980209426435
1266082264770895880
1265981438786179072
1266105406578929664
1265996409872044032
1266086442251489281
1266066004607672320
1265948467119173638
1266113606967574535
1266024734392754177
1265965467782569985
1265972471120920576
1265946741758664704
1266079695042461696
1266105214689513472
1266032576109654016
1265972011773370368
1260568543986356225
1265953028227715072
1265997704192278528
1265950734828425216
1265980433994584064
1266063600155844615
1266078190801477634
1266749059999698944
1265998945098043399
1266067930938310657
1266029188827484161
1266051054715768837
1267108343572824071
1266104228361244681
1266078139777777665
1266016628086583297
1265958179218825216
1265940200468987904
1265992961818603521
1263831713597308930
1265985982345678850
1266030050735992833
1266081043179806720
1266025414092349443
1266123070365892610
1265945588388057089
1266123157313925121
1266054996233195526
1266122738781032450
1266108311478374407
1266063336900362240
1265958859174264832
1265981193792749568
1266099017819123713
1266035488147812354
1265972264497020933
1265946629133291520
1266849389747810304
1265944532274864129
1266295525201989634
1266059810727956480
1266029324865605632
1265966196131860482
1266008626256322561
1266324835170467840
1266119854081310721
1266077246248321024
1266109276994637844
1266026885701566465
1266046801540534274
1265973975106150401
1266019203221532679
1266006828162433024
1266035130067533826
1266017492511703041
1265994342600257536
1266036338345811970
1266103643427782656
1266109771914108929
1265941054869643265
1265975912086069248
1266102089958162434
1265956804971974656
1266342738900979713
1266025230113427456
1266034180640649216
1265988373887541250
1266114375506681865
1265959025914654721
1266038416891936768
1265992519134871552
1266105400144941065
1265994203026333696
1266114196502085632
1265960377361338368
1266079000369209344
1265947207540396032
1265995909529325570
1265975230427795456
1265942625640742913
1266035161617043457
1265980184949395456
1266129339604774918
1266018073863208968
1265997639780380672
1265975500469649408
1259444515250765824
1266083058853216258
1265993585322835977
1265943918409105408
1265997594624495617
1265952440748322818
1266079676918829057
1266294643001421826
1266013466776801280
1266014470033354752
1266293033521213442
1263823501284315136
1266012653056602112
1266060835123757067
1265992564043382786
1265969805569527809
1266108020850864135
1266094823439818752
1265947682146787343
1266117801544122369
1266113902913425410
1265939500884283393
1265972725958553600
1266063233808584704
1266013647320551424
1257997875990200321
1266039674658840576
1265976834161815554
1266125348720259072
1266059845242929153
1266082314645364738
1266033856030879746
1266028492237557760
1266046959737081857
1266045520637722627
1265949843526225921
1266045973001842688
1265981215728951297
1266291149959921666
1266018399311802369
1263608911036403713
1266079064340738054
1265982263277355008
1266099663108804609
1266004401795334144
1265938370355769344
1266077331321425923
1266048265193226240
1266031241377316864
1265997080771919874
1266009848128339970
1265978863408107523
1266053112445440000
1265984206217383936
1266055474551623681
1265963384647925762
1265940191275036672
1266286189146824705
1266119666835099650
1266024571175567361
1265969965909360641
1265994685841113088
1265946807370203136
1264354884058591232
1265953970201202695
1266041744916918272
1266041542822764556
1266123589352390657
1265995691454758912
1265946339382263808
1266127889747120128
1266055558290976770
1265987337131098112
1265954260509958147
1265938137114644481
1266344188976783361
1266015428284989440
1266324432966094850
1265967407585202176
1263812148771381249
1266126597427470336
1265986251070541824
1265961206273187840
1266011483319795716
1265979569410113536
1266081624128655365
1266050207223033856
1266082407616327681
1258144069882048512
1266354056894742530
1266043440162320384
1266027860080431111
1266025582778814464
1265998482537697280
1266029883140050944
1265998642873327617
1266113405905223681
1266112594823217152
1265952022156713984
1266062971505164288
1266037744788258816
1265943251535749121
1266007361338126343
1266026860250628096
1266119973942026240
1265993412374921216
1266029931689136129
1266074988139945990
1265996612163317760
1265947934652334080
1266023047976439809
1265981861744062465
1265948067196481541
1265977389328355330
1266076038745985025
1266072878426046464
1265963406131171328
1266123887663874048
1266090786745188355
1265978429217951746
1265944037384691712
1262617351419318272
1265968201390796800
1266113685141012489
1266125099335331841
1267072962903060485
1266050332880244737
1265981136393646080
1266097155107893248
1265976101400125445
1266025399244521473
1266338114651422721
1266017948814184450
1265994485604986882
1266050729007087616
1265939298819420162
1266111326415466497
1266056434812424199
1265962625478922241
1265984830996709377
1266084577342349312
1266013301856665605
1265992396296409088
1266341304260341761
1266100682597302273
1266057685641895937
1266047796093882369
1266037313601241088
1266036176735125506
1266005633318486019
1265990214142623744
1265959105166028800
1266295960000290818
1265964501343633408
1266024653400801280
1266032599291609088
1266070833727827968
1265962653433954304
1266289278029410306
1266033684873908225
1258885640059416578
1263097948386320385
1266003988601810946
1265987735103442944
1266062442150461440
1266073211608993795
1265993882917122059
1266091356000305152
1266076775668502529
1265971861378170880
1259523004482105344
1265981546491777024
1265976683011727360
1266077930511380481
1266095817863110664
1266026890365677570
1266004995251601408
1266011898459365376
1266072853230882819
1265956571202404353
1266792220407009280
1266035418828623872
1265968865068101634
1267183491357323264
1266121090167910405
1265994743932215299
1263809276621045763
1263522408893485056
1265974344892723205
1266060908087914496
1265966592107646977
1266060366716551175
1266028610281967617
1266056500264435713
1266041304779284481
1266022556424966144
1266111684504162311
1260005418505510919
1266016498180657154
1266017743263993857
1266029124818210823
1258521478405865472
1266101032137998339
1266019046732058624
1265977072725483520
1266004372405784586
1266119385648959489
1263808239638110208
1266002541130760193
1265999150136557569
1266088401188552705
1266055571725258753
1265956651129016325
1265954600231862272
1266042991174705158
1266336428142866432
1266116300335730688
1266017361745850368
1266012123601272833
1266020631977566215
1265952219368693760
1265978884702572544
1266019838683762688
1266024096392978435
1266052180571815936
1266045019909246983
1266086095948779522
1266030678086422529
1266036059869196291
1263428866770681857
1266085497983717378
1265997192180965378
1266016961298825217
1266115176933228546
1266027083148464139
1265938776540491776
1266068519239725056
1266023099851390976
1266688623736471552
1266104158324654087
1265987113398472704
1265964052683128832
1266434346879197186
1265943636925198336
1266103207488557067
1266016323773095936
1265956301747687425
1266109103941787649
1266007623247245314
1266004192470106112
1266087983947681795
1265972957429542913
1266010978736648192
1265163957150646272
1266104854180704256
1266068277140258816
1266004822270136321
1266129621587763200
1265965714650943488
1266045990072614915
1266008013888000000
1266036488376143874
1265941797110456321
1266056009258274816
1266090911139758082
1266291637623197696
1266070388334829569
1265972396818870272
1266012842676891651
1260252113013215232
1266016372234092545
1266005030110363649
1266053823317118976
1265998978275053569
1263844780108324870
1266120477061394432
1266047089051648000
1266022139657887746
1266100934305820672
1266014400328196096
1266022520945356801
1266042735594745856
1265986133948841984
1266067134653882371
1266033421626810368
1256945200926085121
1257045488324534272
1266012477889875969
1265990513955680256
1265998671298080768
1262291304249266178
1265985976654012416
1266018350943084546
1266018026719248386
1265994202288095238
1265950111890321409
1266052377716633600
1265958662562078721
1266014390563856387
1266012546907213825
1265994614479224834
1266077617129697282
1266105983006277632
1266058016895512577
1266017147177893888
1266088264965988352
1265999298728275968
1265988138167611393
1265979897715048450
1266007526262407168
1262068946028593153
1266104038233423879
1266013319963566081
1266012714956136451
1265980519017336833
1265967512530935809
1265947782696894465
1266128306015014912
1266012232116310016
1265968845942030337
1266116791924936705
1266069875979620353
1266029334537666560
1266012431542779905
1265956002127646721
1266045624467808256
1266040109088079873
1266045989300862982
1265942842368839680
1266038103699005441
1266068721375875072
1266036829804994561
1265989528743030786
1265979907118714882
1265979326018859010
1266053345791348737
1265944537945571329
1265961996228464640
1266030628790820867
1266091889004097536
1265976313464213507
1266111357260369941
1263116923425841152
1266705941342441474
1266077181513543681
1266056347780603905
1266031693808492547
1266038598450778112
1266005177770917889
1265966985244016641
1261698905135169536
1266057537641762821
1266299499619610628
1266020160420433921
1266121907390341120
1265987130960097283
1266002287484436481
1265975433360748547
1266016110362722306
1266125356475600896
1265976219427835904
1266058243249451008
1266126493387591680
1266108507822198785
1265943618822561792
1266081388874342401
1266036968279941120
1266041437289938954
1265994322761125888
1266009460591464448
1265993523498749953
1265954979711508481
1266061277622947842
1263845783071346690
1266098052366024704
1266001891974156293
1266035729894912000
1265942261684207618
1266066067660722177
1266063519071506438
1266009709343014914
1265965731608477696
1266012870061576193
1265954379875733504
1266110617808769038
1265949300946763784
1265972028844249088
1266033460000575489
1265995823734759424
1266101552705605632
1265995783888928769
1266103028643397634
1266091047098241026
1266050372986077194
1265968655445213184
1266118376109281286
1266011821309386753
1265949689460985856
1263807232858361862
1266017985610858496
1266074803678707712
1265955610971049984
1265945883897729030
1266110986274123776
1266013020326674432
1266011443629088768
1266069635667017731
1265980063905918982
1266057627164979201
1266004806017191936
1266015834050355201
1265941586774495232
1266021510474534915
1265944465924976641
1265951731051122691
1266044808667303939
1266029929877196803
1266036867000160256
1266034567527444486
1265958371141865473
1265960832996913152
1265984277692514305
1266035233540976640
1266082391560511488
1266122957782487044
1257861917198053376
1265945114695946242
1266103504550199301
1265972304066076672
1265962247035158528
1266057304367120386
1266036884528148481
1262000064148447232
1267087046809714688
1266059920241307648
1265941733801709573
1266100746883383297
1266068551309365253
1266041282742423554
1266765381286400004
1265976562458992647
1263451969009614848
1265990739051401216
1259946727655780353
1265951815989899265
1266040751319900161
1266029528280776705
1266012785873424385
1265972143172575232
1266049250087092230
1266380736954859520
1265961039310532609
1267192352352976896
1266047724232867844
1265996590126370819
1265997010009837569
1262012408303882241
1266122315525488643
1266103016924631047
1266124226844594178
1266018678308560896
1265963343073943554
1265959456061480965
1266086258515812352
1265939884415553537
1265999582485454849
1266035811847413760
1266026723327520769
1266038346670882816
1266106047334420485
1265999293187592194
1263164408995500032
1266013963868876807
1265986300965945350
1265991412690161664
1266083293285486592
1265983781875453954
1257837298168799234
1265959212087226368
1267202121050591232
1266031383882936320
1265987909406142464
1260761131615948800
1266070219635687424
1256585709877702656
1265943570365796352
1266006038047834113
1266081445489016839
1266111405331116032
1266290523226075137
1266010168229273600
1265982717172363266
1266337337128165377
1266012539097436163
1266073059896721408
1265985058231537664
1266045077308215297
1265976562341556224
1266888504065159173
1266101698759725058
1266091777880137735
1266092457986600960
1266125255774535681
1265945319407222785
1266106290276884489
1266046291504762880
1265944959301140481
1265999205119725572
1266082819882782727
1265957457840480256
1266095951858499589
1265995493307559945
1256586686651412485
1266061272426127360
1266115294810066944
1266080210069393410
1266123627923202050
1266009096563634185
1266013133501579265
1263641972880932865
1266036785915793408
1266016080629243904
1266057970858840064
1266106085741662208
1266047793950601216
1265943358922543105
1266029717100146689
1265955813186732034
1265965638473957376
1266018399215370240
1264618174294765568
1266039157278814212
1256710679177854977
1265948375960166401
1266086913062121475
1266025836894920704
1266022617531768833
1266031700947148800
1265970984911282176
1266105109819392000
1265944009140248576
1265999579373277184
1266120434929618944
1265958332621340672
1266061351191040001
1266118022609190912
1266028306668929025
1266064286297849857
1266014486911242240
1266129889788297219
1265952289996619776
1266054211223064577
1266070718963421186
1266014716557737984
1265990930768764930
1265982554856927233
1265979075673325569
1265944918175907845
1266041585059454978
1265948230208061440
1266025052174274560
1265994658129248259
1265992666396995585
1265957550702440448
1263471494249807873
1263538748047884288
1266117959182934021
1266082779671990273
1266033412294561794
1265972194116620289
1260899691325280256
1265993920682561537
1265990650438311944
1265985239635177472
1265971319465816065
1266299132592840704
1265948462954274818
1265660587167621122
1266020059589283840
1265979091032903680
1266074200701370368
1266129673752379392
1266005440762167299
1266121428371456001
1266124077485494272
1266008381099253762
1265991877746143240
1266075513891819528
1266293791297699840
1267134146658340869
1266770691690553344
1265954673229512704
1266013239109976064
1265974429831573505
1266079839670411265
1263056312797143041
1266069542075355136
1266065663300382722
1266363358694879233
1266117167289860096
1266019897588547584
1266003179260575746
1266018975365857283
1266000293168402434
1266063369469079554
1266028956005928965
1265961678354681856
1266013517389406209
1265978694398599169
1266033876914372608
1266024131394523137
1265959281951748102
1262695974826369024
1261708646368542721
1266018778355240960
1265975797749293057
1265958734687358977
1266026381328211968
1266119451373703168
1266377500076044291
1265942462931128320
1265990346800054272
1261575597081362433
1266013370223902721
1261466477162426368
1265954874413506560
1267081120241332224
1266006639683014656
1265954287512944640
1266078449938182145
1266798312377679875
1266030513149685762
1266025327723151361
1266019407521886214
1265967124872343552
1265965407418097665
1266108135552487424
1266029314904133632
1263130745742245888
1266045806047617031
1266001269862346752
1265998920129351683
1266008616508817410
1266076510429024257
1266010899682385920
1266021630901354497
1266292960141828096
1256349551117598720
1265999611082215425
1265951263260151808
1266293196889313281
1266027563706732547
1265990226289319936
1265943708094038016
1266040309429022722
1265954928507453442
1266066358959292416
1266028146341658625
1266024200629891072
1266051087708106752
1266065087942594560
1265994581633531905
1265970589262643202
1266044857488945156
1265993895671934978
1265981551235432449
1265987438280835072
1265999157547982856
1265944426272231427
1266124877838397440
1265939820217536514
1266107246586597379
1266067643972419584
1266066912997511173
1266108721903669274
1266041333799694344
1265998304757927937
1265992650760564736
1265949956034236422
1265941159492419584
1265998248138981376
1266746215837970433
1265985700295557120
1266073606565527552
1265947847830245376
1266339839848439810
1266073151991152641
1266045961077473280
1266011271666831361
1266084162890579970
1266018996249341959
1266121843980861444
1265947480505663488
1265987389635395585
1265952487699292164
1265964631010545664
1266036447724875777
1266003398438068224
1266085332681920512
1266079367450562561
1266025298677694470
1266025161414914049
1266116795552931841
1265943413414862848
1266021426101960706
1266088547255308294
1266067843398983691
1265957575734026240
1266124458907054080
1265968686445342721
1266869679840276482
1266016554917015552
1265948031435800584
1266121593123635206
1266036808565043200
1265960992204259330
1266263353472606212
1266424681822904320
1266109018956877824
1266096088404185088
1266097172187099136
1266044005491539968
1266102509350854656
1265998617355173891
1265944943174049793
1264389607745114112
1263866012073672706
1266045430758023168
1262403685478551552
1265977811459870721
1262035799731777537
1266068559249190915
1266012756395917312
1265964662979518464
1265983235735027713
1266128412252536833
1265968071044485122
1265954041768656896
1266084035543121923
1266344036199260161
1266042948195672077
1266092045195784198
1266003358583795713
1266106948346417157
1263549265898622985
1266080460117028866
1266031563977998336
1265938979125329920
1266005480259936256
1266307723790094338
1266286554223239170
1266125958647549952
1266007927443292165
1265996428054274048
1266025260903813120
1265973109389221896
1266102653244837888
1266295170267443206
1265996281643745280
1266030065382576128
1266297990232211456
1265991581875810305
1266016088350957568
1265986933639045123
1266069036082888705
1266029660288299008
1266005322226905088
1265999998812110848
1265950740696219648
1266117811899899905
1266109080294260748
1266770047885881347
1266059013822779393
1265967141855145984
1266040030277120000
1265966374209363969
1265964120349847552
1265975841999261696
1265991997430607872
1266004165542756356
1265987250531295232
1265977771089702918
1263867212751933440
1266129395661639683
1266071584508465159
1266030495177019394
1266015615044763648
1265967886151159808
1266084227201802240
1266115719793704960
1266021310427279361
1265971594620538881
1265984220717092865
1266418552413847557
1266108798659432458
1265962313024225282
1265969229389586436
1266014092482891776
1266098928958803969
1266402754953728001
1265960936415866881
1266119001740058626
1265972180296351744
1263807185370247168
1265999469671219205
1266105269056086016
1266059301908553728
1266084966238167040
1266014935513018368
1266032090669334528
1265955855968673793
1266125044905840642
1265949556824510466
1261262390206828544
1265959379532201986
1266088751559737345
1265992596134002689
1265981274629570561
1266044366675685377
1264649792107491328
1266088188038316036
1265944249041932288
1266043294976544768
1266128453927043074
1265970437227458560
1266024645469364224
1265947269406359553
1266127894549495808
1266033027626524672
1265971177161469952
1266063077692387333
1266104692595200008
1266123274930524164
1265995563759255552
1266110791792701440
1266062742835859461
1265988760711442433
1265972886432632833
1265966472511266818
1266102837022470145
1265967496408039429
1265956208222990337
1266074072540221440
1265996337050464258
1256877011076874242
1266020683089350666
1266084976950423552
1266014063240400898
1266026146778550275
1266008043856240640
1266021512773095424
1265963333775241223
1266099610860359680
1265989447092514816
1266108888639815680
1263399997325877248
1266127843727155201
1266123669056749568
1266079120095657987
1266047250272321537
1265941005079117824
1265997490618339332
1266031057939374089
1266002329318367234
1265945784132009986
1265660910472962048
1266019019280322561
1266285621934358534
1261743191436468225
1266026536706039809
1266031830463111168
1266080811666866176
1266064359031287810
1266099539452231683
1266005493425811456
1266056634398375938
1266015331128139782
1266064417495662592
1265972309384364032
1266114235358154752
1266098975435825152
1263808256226492417
1266026401867628550
1266450068707647488
1265008504231940096
1266055448576303108
1266052032030543872
1266036645528248320
1266013114329378817
1266120509709828097
1266105296495263754
1266034062164099073
1266011197188554753
1265965005389860864
1265962844794900480
1266071021582499843
1265974728541552641
1265983308464349185
1265946163339018240
1266107740096692225
1263161245332619271
1266060275108777986
1265948331068608512
1263740577323106305
1265958685341253633
1266037219036409857
1266065327789682693
1265968490319613952
1266119866714673153
1266027096981286915
1266059354970689537
1265950727807160320
1266321403978158080
1266061389921206272
1266083883134734336
1265968512356540416
1266124094614966272
1266101208638521345
1266098503215984643
1265945189740355584
1266119384772358145
1266045262834937858
1266029089531535360
1266028726225117184
1266102695330447360
1265989562763038721
1265994195124322307
1266010772674686980
1265962661075959809
1266047665109950473
1266099595861426182
1266057866097635334
1265660766880964608
1266047047276380160
1266111550231916544
1266062513516556295
1266102929158791176
1266056871951171585
1265990394426404866
1266835526952398855
1265941157034569729
1266056642333941760
1266038372117684226
1265981413779746816
1265954286774685698
1265942504299470849
1262035704655286274
1266026024766144519
1265946501794222082
1265959980752154624
1267206905358925830
1266110339634147330
1266070047178588160
1266374266355769352
1266066288885055489
1266082725104177159
1265976338860695553
1266116974154833925
1265965609088622599
1266025409700868097
1266058287172247553
1266068144134725633
1266026564375973888
1265987894042398720
1265944664022102016
1265959096777428992
1266301948967321600
1266083225878827009
1266031868455108610
1266015926320840717
1266064134371717120
1265996230271926272
1265948349238333442
1265994748264878082
1266398894033981441
1265979215083704327
1266009344690335745
1265954535211708417
1266854636297863171
1265982080502108160
1266101860861128705
1265961649531387904
1266041392876474368
1266098307241254913
1266045252852424709
1266113077130530818
1266064041690234881
1265969757171449858
1263809287975034882
1266118830335672320
1265945333810462721
1266083582956777473
1266129980536360966
1265942981959352320
1263211973275201538
1266128363862863873
1266034526012297218
1266032679142776832
1265951255509295104
1266083171050967041
1266082802061193216
1266293269547237376
1266015539635326977
1266044491229691906
1266014910879797248
1265982992658415618
1266062922423447554
1266096931111088134
1266067334076170240
1265949887486705664
1266030431725649920
1265994041575038978
1266281820556951552
1266044455934660608
1256606339851341824
1266108227449692160
1266100009554137088
1266107505471623175
1266015234793316353
1265989766564253696
1266048368922460161
1266114718617436162
1266097896321159171
1265999585224404992
1265984219983106053
1265971302529196032
1266104518242177038
1266079219567800320
1265977252606406656
1266090890906333184
1265974239724630017
1265945539134324737
1257307822259204099
1266025110768680966
1266114437984980994
1266043808040529924
1265973627503235074
1265040247643082758
1265950602154192897
1265985854276882434
1266120209401864193
1266039041524469762
1266019359538974721
1265997445030436865
1266003376166354946
1265999802367643648
1265972274663915520
1266048084452282373
1265995416639807491
1266019708748341250
1266106871301263361
1266037306223464449
1266075354675937280
1266017828471287808
1266117336186175488
1266127738328530945
1266006904880463873
1265959070760079361
1266013530832154624
1265950286583128065
1266113918818271249
1265962078726164480
1266112938814967816
1266089647169581056
1266066139928580096
1265944013317836806
1266057369831825409
1266078188125458432
1266017033365356544
1266097831724625921
1266104517176766467
1265988803891728384
1266080425233039362
1266037003596050433
1266015155369934850
1266001950417530880
1266111897541238784
1265999265303875586
1266013596791844864
1266082484971802624
1266015602642214913
1265988974352498694
1265986409770487808
1266042544976248836
1265998126596448256
1266043829414756352
1266105773932843009
1265980457759498241
1265968406823608321
1266120861356081152
1265956959909543937
1266034394596335623
1265943311786835970
1266051242918391809
1266013095044026368
1266009274423132161
1263397192359911424
1266012509540147202
1266365024819437568
1266013228586471425
1266064493156630539
1266111234233040896
1266012314400153602
1265994483642044417
1266065414649413633
1265944912446590976
1266292427221958656
1265967618898395138
1265952705723404288
1256724805321216012
1266120202330214405
1266008298236661762
1266082377153024001
1265952712790806530
1265966838560837633
1266005301301596160
1265993346117484547
1265957491025862658
1266085488294793216
1265940062480596993
1266104749969100800
1265949747036258304
1265961662768713729
1265998588066349057
1266093782824558599
1266093657830174720
1260291031326584832
1266111006557835280
1266085249928376320
1266094590219739137
1266023057883348993
1266070348275101697
1265985142407008258
1265985955913138176
1265984488741449728
1265953604902563841
1266046141390557191
1266020469213405185
1265995733767000065
1266084759358394368
1266008757902942208
1265956383704469505
1266084878354911232
1265972400878948352
1265949823137693697
1266105982544904193
1265999941069135874
1266066897214279682
1265999318697328641
1265947426277535749
1256364620018843655
1266030735019913222
1266007316022939650
1266110522589667330
1265962882803601409
1266016030557642756
1266095307932172291
1266114829774991362
1265994017424191489
1264558972125810689
1266090839652130816
1258092654853869568
1266113042053554176
1266945931993387008
1266297997593178115
1266108827373535232
1266074163686641664
1266032760952668161
1265973582200549376
1266023431260254214
1261995889431842816
1266750699230187520
1266040294182617091
1266028477674917888
1266126575344537600
1265997992600928257
1257674586231058435
1260688682522157058
1265960094283505664
1265948401159606272
1266068244814757890
1266014028385652737
1266104974750158854
1265944901709115392
1266116670449430530
1265996783806799878
1266029280925974529
1266326670031687681
1266017891423576065
1266019122455994368
1266010479115350017
1266073035964112896
1265941805922766849
1265978489322254338
1258111077608456198
1266074063333720072
1257099152745472001
1266123469076471809
1266094862425784320
1266020906196971522
1266028074115698691
1265999416030363654
1266316087026757632
1266064647544877056
1266028571404972032
1266006550025588739
1266011136584974337
1265980264351772672
1265968573211717635
1265938320728743936
1266121472998809600
1266045977913327618
1266088017967624192
1266003140421320704
1266044186073104384
1265939817088651264
1256351656670900225
1266013295548522496
1266007501184647168
1266060522425856000
1265942497202712579
1266015430155657216
1266002611163062272
1266079068988080128
1266076133893824512
1266748144425021440
1256725373670342656
1265988745137971203
1265962632047140869
1265969611377389569
1266097370586140674
1266073952230744069
1265976452152950784
1265944581994143744
1265944041339961344
1265952590908489728
1266014524307628032
1266004118566559752
1257409798083088387
1265985791798509569
1266129055289618438
1266035035100119040
1265951540155764736
1266079394143092738
1266065630828126210
1266090813559357440
1266027058888675335
1266111171473571842
1266043068618289155
1266013463345848322
1266043441282244608
1263159291646816256
1266013279316475905
1265972388426104838
1266091998634741760
1266305803914379265
1266016291606986753
1266079369207984128
1265962071658844160
1265962004528988161
1266102478485020672
1265987890917629952
1266102231662759936
1266084803901894657
1265995015626665993
1266070153550323713
1266013184760086528
1265985224585986051
1266061067282767873
1266013581050548224
1266034420877864961
1265973782537175040
1263410653689151488
1265973642174664704
1265988283030437890
1266043586484854787
1266042973009121280
1266037378973609991
1266019451004223489
1266018275084959744
1265968180478070785
1265978939090055170
1266020935016108035
1265994547278106624
1266123446209122304
1266124981190176773
1265951279060340736
1265966360162717696
1265976933067698178
1265953433703583746
1266098226379317251
1266100146841976832
1266088568633647110
1265997185788850177
1266362712176631808
1266028604464529408
1265991152790011906
1265984355857465345
1265980317384478720
1266100431186464772
1265987321058463747
1266055867876757509
1266038133763846145
1266032033798803456
1266010866178277376
1265988132840910848
1266123971050844160
1266020787590508549
1265995495236947969
1266015828870418432
1266063754128695297
1266018039700631552
1266036588494180353
1265962640364441600
1266019689081245696
1266014583095021568
1266015592320032769
1265985723678830593
1266041462720016388
1266047756893904897
1266036147509174274
1266012766248280064
1265951810776453121
1260183557890363393
1265970780552278018
1266124713727754240
1266066202855702535
1266289608750362624
1266068391854563328
1265969646525722626
1265962386080649216
1266101241098141696
1265706366875906049
1266044662185373702
1266864771279859713
1266049887055097858
1266028235789344768
1265983780738793473
1265958379333304320
1265993698103484417
1266126395891163136
1265954138162171906
1265992425459286024
1266025187318935553
1266027830804168706
1265977041117208576
1265940869963800577
1266304499410522112
1265941275993427969
1265964847814119425
1266296171896508416
1265986956657332224
1267059386310103042
1266343205404016640
1266108444484022273
1265996792908349441
1265982380059344898
1263697959918530560
1265983908782526466
1266064980861956096
1266031663097819137
1266121476689793029
1266010325385650176
1266022000776163328
1265972346881441793
1265962086338908160
1263578859623997441
1265965990157918210
1266046231081627652
1266382762346450945
1265950773231353864
1265962162469703680
1265994562021076993
1266077113997840385
1266075527124856839
1266097721150255111
1266058972949340168
1265997276130000896
1265999796634038273
1265973436335128577
1266000760002707458
1265947341233762306
1266107665819881478
