1410953224383762440
1410918192260816897
1413653233952862212
1421213272808861704
1421222289098559488
1421158553193172992
1421133479882940420
1412022975566594049
1410914594969821192
1421131003259723776
1421483684008546304
1412201879036219393
1412337016994512899
1421124500746379265
1421377962088222725
1414188831369273352
1421243842628657156
1421426228079304704
1413677784493350916
1421189954445643785
1421133714386419712
1421137389733486598
1411324778607267842
1410918453553291266
1420026663828664327
1412841497645420544
1412285511864041472
1421130381441617927
1421124774248521729
1412060691033432065
1421246724002258945
1421145633528979458
1421128361951256580
1411096279388758021
1412310838581542915
1421155936182341634
1412434396825767941
1419936396136095764
1421146480262385668
1411005667985477632
1421162494840786946
1415667285256286210
1412076622392532996
1421610226311118851
1421234927362785280
1412195031138684929
1413543262107865090
1410928191141728256
1412360234782298114
1412164661848555525
1421162882876780547
1412326434127888388
1421154487159468036
1412053908831223812
1421206214868877321
1421191565276557326
1421135799979024385
1421207453555994624
1414346107111583757
1411431833573670917
1412687350547746819
1410979097841389568
1411204918417973249
1421149242740068353
1421142852508299268
1421164852266078208
1421208499309133831
1421129777415704580
1413934701337776134
1412125530414014465
1411605120085905408
1411218662632132609
1411000910805979139
1412904793593552905
1421443929950597126
1412250348501278723
1412093446349807617
1421360889203208193
1421192758077755393
1421248940511531015
1415282931845668864
1412288868594982912
1410995241600094209
1421141642875187200
1410963192247955456
1421209959195451393
1421225836481552384
1421128990098657280
1410960133656662017
1410877165932101632
1421280515626307585
1412392616403087361
1410553168686194690
1421132517718077449
1415644698740408331
1412328781977640965
1412087369872941061
1421168122363629576
1412277050493353985
1421542502620966914
1412076251439943684
1421393599070146566
1421189353364131840
1421181641234554880
1412467165383569421
1410956923998965761
1411025993310031880
1421136050748076041
1421198556841582595
1414477517415751681
1421140050109153280
1417200427997794304
1412295322496389120
1412181736012845062
1421235108531560450
1412085847663521796
1421125626107465730
1415635454020526080
1412327843044937733
1410991713745780743
1419957028185903104
1412919355755610112
1419998232458022915
1412313716327124992
1421170447736098821
1421143063133577219
1421142655942209542
1421127160874606597
1411042492854722562
1414835993207877632
1411920177445355523
1411254603665055747
1421240514339344387
1421136192817541121
1421242331991265280
1412688197323272192
1421132918118813703
1417789815014232064
1410938703548227584
1421230545233711105
1421169265684668427
1418143057971716101
1412084110764425216
1411040389826551822
1412767320355782664
1421138513291104258
1421150338183270404
1412324537744642049
1420769075505008651
1421134927257604097
1421543102247051267
1419312779316580353
1413807183796576257
1419365921739657225
1421131909451718660
1411038723127529472
1412289932123590658
1421170730834743297
1412116709335605252
1418237177687859204
1411069703313842178
1410540805924741120
1412652416584105985
1417776349218058241
1420097845244350465
1421170856420679681
1410979800508928003
1412300034750795784
1417238504506118155
1421195467183071239
1411770429992321024
1412484298049982465
1421171169089232896
1411073241259577353
1421162103440805891
1421125638442917891
1410919287309713408
1421474457948917769
1421197371610910721
1420060819379920901
1421168816437010441
1421182989229338631
1412504671885926401
1421170631236857860
1421124741981687822
1415402996335263750
1421145872885293057
1421139850397425670
1421143449831624712
1418227424236503045
1421169477413216259
1421252570190856203
1421375244313546754
1421609867308150784
1412385971224682496
1412417347240042516
1420497023258726400
1421151783532077058
1411967608153325568
1421127040024125443
1421212275931811843
1421167628396150789
1413222915315847176
1421136704367480837
1421403617936953344
1410930071464988676
1419906866629562386
1412350257078407174
1421141223843184644
1421439681418383367
1419935739630993408
1410932344903639040
1411168971278139393
1412899932785332227
1419950827024879618
1412653292493082624
1411388674185519105
1421203061297532928
1412201488940732417
1421129850434244617
1413911666732015622
1421482657838518277
1421378002676498432
1411450110924447751
1421434669602680835
1421149561456824328
1411683337270407168
1412080999262003207
1411670636938792968
1421158340713926662
1412128704566857731
1421412133242290178
1411071430356258816
1418236785348448260
1410926659440623616
1421373290145325056
1421127261768622081
1421184981720879104
1410992645044908038
1420410040566091782
1421201383286579200
1412325084757385221
1421128593715994627
1411978884208332805
1421157771232354307
1410926969806536704
1421178285917147142
1412126012452880387
1421165619714613255
1421139025214193674
1421129991824236545
1413798733989519362
1412373478884491270
1411014880329715713
1412350569101021190
1421369310023458822
1411362586378084362
1421194845218033670
1412413422407401481
1410929463722905601
1420920428009332738
1421131098919260170
1410910723895705600
1412416014286008335
1411078738859659268
1419314420778426375
1412317850635747329
1421167682389479426
1421139278021677057
1413471189255692290
1421196046269657088
1410957865301549060
1421138338682179586
1421183073992028169
1421128721524740103
1421141958559473673
1412330557615312902
1410910691058409473
1421134638588866562
1412673767269097474
1412011071888670722
1417827210992529409
1410950210583420938
1421220161063903233
1421151914138419205
1412408719044923405
1412415832379080704
1421132705681625089
1411017991177883649
1421128005695459328
1420385149724856324
1412337573767303170
1412190397309329409
1421160491775373319
1421176231517634562
1410927104875696128
1412108454240604160
1421452497319874564
1421070281800564737
1412078414731923459
1411333164367290370
1412477431060049925
1410934333729345542
1412411101468311561
1421126288216141825
1421147057256022025
1421126146155032590
1411053837297893380
1411034606778961924
1421575194993377284
1421124980998381569
1412095159823749124
1410927065826799616
1419957083982663681
1421148452147372037
1421161385988399107
1421219246743425025
1421060988862873600
1421144290735149062
1411020012261883905
1411000506898595845
1421436255410262023
1421256169750994945
1421134863508426754
1421492837871460354
1411271536753975296
1421372564136284160
1421210703235633163
1419961331789279236
1421163422511665161
1410942021091708934
1411011477583106049
1414115430445297669
1411057178589470721
1421141760202493956
1421125410578960385
1420724235207647234
1412150936827580421
1421132369315123206
1421128188869201928
1421124898190241798
1410912018106830850
1421223595200630784
1421184808781287429
1410913490475311106
1421430743528521733
1412464361914961927
1410922621995257857
1421457422548361219
1421131366725558273
1410536861894860801
1410949399585361920
1411041631126659072
1421052146187964419
1411069717205377025
1410945241067229187
1412409871744577555
1412021712045187072
1421274628635430913
1413809027444846592
1413235847651106824
1420663188291530753
1410969088772481026
1410489310030307332
1421366775254601728
1421175660568002560
1410970416622059522
1421544511193423874
1413550762542645250
1412389152243466243
1415686118847094790
1410919085660065797
1421131919253725184
1421376657399627776
1421396591634755585
1421125716679274499
1411174941928701953
1412398178649976832
1410493159084154882
1421424243280158722
1421194388772904970
1411081970017259524
1421156889170268167
1421145627984113671
1421142487129788418
1411512673393651713
1410920907971907587
1421163089135906817
1420166536141185024
1419186129128075264
1411220862485815297
1421404078983290887
1413134600394641408
1412296144277938179
1412107549160189958
1421162318705090561
1421151123935801344
1419925426995142670
1411011076683141121
1421612597930041347
1412092047717277703
1412139712790335491
1421138699761471489
1410451526800265219
1421162691863977984
1419934468253655040
1412314879000780803
1421161247454683140
1421528851587403776
1421169761577230340
1421149103417925641
1410934023422201860
1421166505459322886
1421040757260095489
1411056334091456519
1411110475471937544
1421130206723682311
1421154441961541636
1421188863335272451
1410994332560134146
1416707324157337602
1412294145541128197
1421181888165818377
1420429215149838340
1421143764375121926
1421125581844926470
1411284018683854849
1421145084163133452
1420026259510288386
1421242303415476225
1419768222908358657
1419985560710619136
1412076481644204038
1421144109931278337
1410925065609285632
1421159972390555652
1421138847342149640
1421189336230465541
1411380971258122243
1412282694977925120
1421358155922132992
1421125124158365705
1411037207742271496
1419952124490829824
1421164072272343045
1412083745109258244
1421144103295897611
1410461689204539392
1421159145420509196
1421198398154285064
1412367603520184321
1410911133821714433
1421582572535042050
1412360557596979203
1412426675053342725
1419266069282398211
1412066187916238856
1410949663822385160
1421175665521537026
1421158670738542595
1421135718970232838
1421248939878137856
1414935429040721950
1421195972395274240
1421127624995348487
1411442745101664257
1421147988995579906
1421444382058762251
1410517064184438785
1421143873691193348
1421134226771091460
1416700443368034308
1421132371663933445
1421384769586225154
1410977616488771591
1421141426587455491
1421151113026457606
1421391934585720836
1421142971949502472
1421162407641092105
1421319414914457604
1421143421486604289
1421569119351021569
1421169509583446018
1411822497100701697
1412297334273216512
1411299925489598464
1411053189487542274
1421326317191061509
1421235572979417093
1412060027968495620
1412326641762770944
1421135793989562369
1410938591715397634
1412363043821006850
1410499538331344896
1418279406431346688
1412181659831652353
1412463165242318850
1421369877290491904
1413506822086938629
1421414437458694147
1421530897975758848
1421184400633511938
1421132570503286796
1411245135707398145
1411261612544122883
1421165582586634244
1421241000903729153
1421033478670462981
1412155599312261127
1411369895338594305
1412035140474347520
1412368601768681477
1412306348637892609
1417780243490816000
1421135288789778439
1421134644670607367
1411331440759947270
1412362386464464896
1412082456384225286
1412123484193439747
1418273916330590211
1421549588670996480
1410996215425163264
1412349453655216128
1421125940973801473
1421123945646919682
1416063830157893637
1421124819240824835
1412149058920194051
1421422096593428481
1421198470921302016
1417205011881283584
1421195816048398336
1412380294284550148
1421205586260201476
1411162790006509569
1421130814549630980
1411095401999052802
1421232705098891264
1412154403730100230
1416862883108081667
1412422289388343301
1421190698494222337
1410936265659269123
1421137128331923463
1410917385104674817
1421364928477282305
1421181740303982594
1421203706654167050
1410943918619910149
1410939728023719936
1421196355674968071
1420348578569064451
1410923891019681795
1421125534327709697
1421137092843917315
1421393117966647302
1421394897500839936
1412405819233144840
1413617431772336136
1421158559769837575
1420166372596850691
1413503292663947272
1421154203075063809
1419257850946363393
1421138981119475725
1421231881345974279
1421418848612388869
1412465963350560769
1412905720987758595
1410929532710887424
1416433587281403909
1421429515667001349
1421143856729493509
1411083863984676868
1411211100360695809
1411073790008868869
1419260704750772228
1411086775293026309
1412338002651664391
1411010471436722180
1421441909608927236
1421189203405246470
1410956871012388865
1410912439382818816
1421126784679137281
1411094196665077760
1419297848823324672
1421162982743097345
1417910300217597955
1419232726796877826
1414935482178408449
1417853329628180482
1420151586907643913
1421164001501777922
1421165558008012801
1412499719713140737
1411684721759768583
1421125304228237312
1412410300016562184
1412117472287903744
1421205189453811716
1421187795016687622
1421171927004205061
1421133910893907968
1412501078940209161
1412152951083241473
1410986050483277825
1412212046326808576
1410909540636372993
1412419693583929357
1421128021877133319
1421222143438856205
1421186602714505219
1421208046978617347
1412305687875665921
1412055934013222912
1410949316785676295
1421171704345268225
1410972930499022849
1421163215573196802
1411868512067276803
1412702714371448837
1421343769509646336
1410946395557797888
1411772410374807565
1421133352703246336
1411116315402715136
1411279851202437120
1421383593755037699
1421195375361286144
1421241273814601736
1414823839830315009
1411040693171232769
1412316155751059458
1410998562863919108
1421363259500859392
1421141254520418310
1417804673357070339
1421172152821239811
1412377722828034052
1421124863075536903
1412415904273534978
1413887320739229702
1410940354665267201
1421134620435828737
1421173488879083520
1421245733370478602
1410965416017596417
1421143933560762372
1410954113920212997
1412132714325630983
1412467296455610371
1411277941116395531
1421213083767382022
1410986047920541697
1421203876691197959
1421158359009480712
1421138890119946243
1420182590858858497
1412466057340755973
1412370931289317376
1421264081105866752
1421145488468873223
1412482167918272516
1411245714982715393
1421127185352515588
1421134788744957955
1421195115868082184
1412623810721988611
1421124581847445505
1421126451160571904
1419316911268155393
1412322715076337664
1421445182017388546
1421140906057547784
1412340916124372995
1411268936688091144
1413795208068751362
1410524194161430530
1421389586463350790
1417888143727075329
1414183608978452480
1421157989956923395
1421132380937588741
1421143685014642688
1421194787563180032
1421129642442993667
1411833919067013120
1420875866209464329
1419935823684902926
1417138785121411073
1413807453179895809
1421161754671910916
1421238177080172546
1412516712759578631
1421131774327984133
1412161291708518405
1411229401400893444
1416276710115393539
1412429697712115713
1412321400921206784
1421184689696563201
1413789906061742084
1412310602098352134
1412081934788870146
1410964403730661383
1421129301429260290
1411447665108393985
1421194810019524616
1421146048366620676
1421126843470647301
1421252165239144451
1410921857759518722
1421142654566420483
1410908690564239363
1412160863054798849
1419260049705349120
1412900363922022407
1412130446893273092
1421119837196230656
1420711906017435649
1421160212313018368
1421217797636505601
1421209971019194372
1421136047489093633
1421157547004805122
1411061774800064512
1412078505395884032
1412286585454858240
1421142552124796935
1421126898495721473
1411791793189003270
1410974338803765251
1421455998406037506
1410926533301186563
1421041937193308160
1421469035187875842
1412125566833209353
1421193724206460932
1421142811806683139
1421064413851889664
1414185197550112768
1421139186854342661
1421167358891204611
1421424225609474049
1421155909464698880
1421150558904360961
1421133675228499974
1421124256134537230
1421172372619546628
1421145624318185472
1412021680524906498
1412325651693113345
1415376725559685129
1421238180272029701
1421154986701082640
1421134974841982978
1421127529914671111
1411185589043486723
1421126592466673668
1421195258600333312
1411275194627395590
1421149175677325317
1419952707520053277
1412077832319164425
1421132082227654661
1412271625295302657
1421192017003040775
1411598346968522755
1421140400425811971
1421092215674314754
1421577854505078786
1421253993314099203
1421195538066726915
1410952896850636804
1413162536300646401
1413088210075389954
1412300818699665411
1410511242268139520
1415952674332319744
1420029406366547983
1421200526667096071
1421175007154216963
1412046587078008832
1411140733449519114
1421140254006808582
1411236040082345988
1421197470294491136
1421144832605663232
1412160218906103810
1412316262038966272
1421428813658005510
1421221147430039562
1411100280368861185
1419250408413929475
1410916449342918657
1421151344505856006
1421154370650099717
1411155720071004162
1419932235499806721
1415579129999671297
1410972055718219776
1421487452431257600
1412231059895431175
1421209318742007813
1412194299693969416
1410924570165534728
1413805831376809989
1412159875203862529
1410910738554703877
1420466371083767809
1421149909005254657
1410922505913647104
1415365416097128456
1421153668351541255
1421126868523233281
1412078394574000128
1410574121927389186
1421433959305646081
1412309994410741761
1412328553287458816
1419911591416549403
1421156761139040262
1419248154927579137
1411222091454615552
1412306167792033794
1421204723227676678
1421148197473423364
1421334554808307718
1412189523887415296
1421160986820681728
1412122063050088453
1410933570269597698
1411035706017861633
1421246542783172612
1411013692418822158
1410982433097490432
1419386041048440837
1411448799902453763
1421131775330377728
1411205731177709570
1421415333156491270
1412150382839668741
1421131147438956550
1420024083157241856
1411328080623423492
1412313061759893505
1421143946181349378
1421129312107905028
1421198018380976132
1412341534331228162
1421132277703184386
1410664853337952260
1419659307910635528
1411060899968864260
1411253828041777156
1421127860497096713
1419681479496552455
1411288110848262146
1421224339668717578
1412347672325918727
1421164885539500040
1421200945325690881
1411460601218543617
1421157264178679813
1412327230777217025
1420044727307677696
1421130301166825488
1411831543388151810
1415380589339947008
1421242408566677504
1410916865120026624
1421154721834938375
1421141765717901319
1421126079192915968
1410913242512232448
1410915079508344838
1411086951600594944
1421167748416262151
1412309298768646146
1421014258796711939
1421125297269772289
1412324889244188674
1412090451902013444
1412419912627372045
1421376680988495878
1419279692973199371
1421363833994633218
1421195222613123072
1421169190698995718
1411079996697985024
1421123737190076421
1419244128026648578
1411223283291373568
1413230467197898752
1421132146014670852
1421353827001847811
1415355411608317955
1421156426718892037
1421180303687684104
1421159906128941066
1421166878169337859
1412392296243470346
1421145877360660483
1421232711910449163
1412304864613486592
1421308588488855556
1411010132188831754
1421145843877437445
1421209895446142979
1421125035729817601
1412519159020261377
1412587327050895361
1412310136580882433
1412300489144815618
1421128553119289349
1412131889016623108
1421256807322988546
1421126870498750473
1412085530418892805
1413461743817297921
1421176352569495555
1411251495035670529
1421166176411979783
1421139211797860358
1421150375940349955
1421401734866419718
1412316680898977795
1421188320667873284
1421387945580417033
1415676884222836746
1412354513508474880
1411801092523020289
1411089168189493254
1411035663881887760
1421196983314833412
1411069293568081927
1410950518424457223
1421128613206888453
1421126021915365391
1412066064738009096
1411364249432121344
1410553637680603136
1421152693763072002
1411065778393190401
1421204013266186240
1420078606026477568
1421162572028448780
1421138268805083143
1421167345700069377
1421127255326085120
1421218232065798144
1421224248044048385
1410965553846669318
1421246725159890947
1421125048740585475
1410945823266029578
1421392595322904578
1411231401450606593
1421197867960741889
1412152015443136515
1421336850103472129
1412337832438415361
1417784757975404544
1411081781189693446
1412534008148377602
1421161895394951178
1421130807553531909
1412087310070566915
1421222542325342208
1410913618150019077
1410955196532920320
1412276816124026882
1411743246955520009
1421128538317639687
1421127161742778377
1410962196314591239
1412315326172250113
1421129795086262273
1412201016716636166
1414919334355476482
1421149641178030081
1421162912031420419
1410956619228266501
1412406210352058381
1421203655638888461
1421164943211106314
1421127967913172993
1421373671990509569
1421429413330276355
1412283066563842049
1419027681405018114
1421201493261172748
1419288232420859905
1412203660495437824
1421401955604353029
1421404448300150786
1421150451198746638
1421215672412037122
1411363858439098371
1421154342418137097
1421130649835085832
1411315873403572224
1412294159633895426
1412426579486068738
1413439133758808067
1411056262566105089
1411086401593032705
1410983648392892418
1410927710180941829
1414954042799837200
1421125539415433227
1417862333758537736
1413512665465450500
1421161372029698049
1411200991349854210
1412309493497663488
1420047406901694464
1421198143689986056
1413500627901026305
1421126450640560128
1419956216160206873
1412291283276734465
1421159825648627722
1421125743564763138
1420876045377589248
1412313933130706951
1414335113916207110
1421246111596130305
1412423214337347597
1420397201029844994
1410967645797728266
1412431396640022532
1421298840863453185
1413791205285052419
1421140754513154049
1421140065221283841
1421132015114522630
1412194239526707201
1421189749352681478
1412025786492665859
1413478153515896835
1413632296373137411
1412023734806921228
1421261690570686467
1421184463095144456
1421478671978795010
1420071936009310208
1419673180713652229
1412143459948019712
1420074454265249795
1411044419244003329
1412295409972744196
1412317991501500421
1412536018914394115
1421343534024646658
1417742596802322433
1419259135284191237
1412461463625732101
1412131357153763335
1419958511564374041
1421462534649954316
1421380617275691009
1411231344340967428
1421130645259030533
1412764523329695746
1411023075039223812
1421213707112230922
1421149993323401224
1413906413408202752
1411025755715297290
1421257320781209605
1421124688684662793
1419315288672198664
1412076789204230148
1412286044305825799
1411078441651343360
1421134686395510789
1412034615347486725
1412055469594644484
1421179117328863233
1421149926013145095
1411028249774284800
1421184825667596290
1414951437944115202
1421166366455959554
1413697166175088642
1418240516123148296
1421147808896327680
1412069801611173894
1421125185177104385
1421162949931061253
1421176867441229840
1414695259817357317
1410965454533836807
1412361388002009095
1421243708951908354
1412086386056908805
1421163586664210437
1411009721520230405
1410912393480314881
1421384304475656195
1412090297203531778
1421426092427055107
1421182090985549824
1421169247250755586
1417916246201360389
1417734990520102914
1412242085982392320
1410487071014281219
1421068362675798017
1421170890310574080
1421136775435665410
1410924800952967168
1421133510673321986
1414230103911981057
1421171036058525697
1412139596461359106
1421393466140110852
1421218458377801736
1412092564128342025
1412340637836484608
1421372047175913472
1421128807109603329
1410945818543144961
1421200860550508548
1421392475239944192
1421150620745150464
1412107494663634944
1410940601336487936
1421159491354210306
1420710932657983496
1412280497225482242
1421216552867799040
1410945258725195780
1412042868223533072
1420114399113715714
1421595912686682119
1411020585812037639
1410941060566720516
1414658836435177479
1421128121277943810
1421191086874181638
1411057435280920588
1421185693640953859
1411474501880188931
1421127390533767171
1420743946045517825
1421190014449369090
1421171324429479947
1421149273236905991
1421129656305176578
1410931128245030917
1411448123315081222
1421145208239046658
1412331009530531841
1420098093396201484
1412533198731493378
1412326235670188033
1421148697212117003
1421372855049199618
1421158592841977858
1415270028774150148
1420970400272551939
1411212699032244224
1410988102735257602
1421215336985153542
1421191485740011521
1412357746494787589
1411085219394904064
1410937063852199936
1421134113860370437
1421123877598547969
1421142169671319552
1414496871465238529
1421127149403217925
1420104539349430280
1421233696070324225
1421218265242689539
1411006209663111177
1420320209315979264
1421376030409961472
1410957051900174336
1412396777790181377
1421150102698217480
1421378023673278469
1421153462650392578
1416111082041643014
1410472299397066752
1410931017444122625
1411228250857250822
1412902146966757381
1421134305129029638
1414810492787429377
1410932305502380041
1421184254726320129
1421139924875632642
1421184371256614917
1421142402971078662
1421201274909909001
1412385345711312899
1410985432892981253
1411234476101877760
1421131412095262726
1421341512332419079
1412188921954451456
1421164291458322433
1421182485975740424
1410981716383121418
1410921490674073601
1421375637579829250
1421138656434196484
1421132937832148998
1421187141510606859
1421128960860098564
1417201061929029642
1412311741158002691
1419242644157390848
1412490996676444163
1421155809170497540
1410908521122648084
1421129962057252868
1411982802124513283
1411307527732617223
1416895560032821248
1411096624147877889
1421133553161617409
1411050178514141190
1410915512083795970
1420148539053776899
1421127317200556041
1421370235693719557
1421156068202254337
1419257392412479489
1415592839568928772
1414448022688313348
1412115134223466503
1421140260302508040
1421132212628594688
1412293433822220288
1421144882429767684
1416132387986104321
1421219161427095552
1410932678199812099
1410958171225526280
1412346224284471300
1412314278632243201
1421134020285505541
1411051953476575237
1421131462456270853
1412360288410734595
1411072899990044674
1421148868977233934
1410977591645847553
1417856479151939585
1410935904135487489
1421197719796961292
1421198630120210435
1421170423425863681
1416280947641757700
1421128251548839942
1412453058559229962
1410622256905129984
1421130855083384832
1421205743315918853
1421152023681064962
1411322967817175041
1421194979062452236
1413501579286638592
1410914705573560322
1421146718758965248
1412396873722253324
1421167917929058315
1421285616252243969
1412606860897787913
1411838799878017024
1411278213574270979
1421212526734413830
1413501246112256005
1419271176816402434
1421168465394683905
1411213234393190400
1410931926953869316
1421207776542564359
1410935303049723910
1421183833823760388
1412352923519094789
1421161161731497986
1421176630140145664
1410741934058983430
1419927630493716481
1421133616956936201
1421127824530935810
1418745188411969540
1411565118211739648
1421361386093957121
1412322624043106306
1421438766498078725
1412107860239130642
1421178105222291458
1410896987965300737
1410654297285697541
1421451981588254721
1412411086062694407
1412319024038428674
1421169224194613256
1410934525010628610
1411239843049480194
1412415171356774407
1421205695052009475
1421372135776346116
1410950677665288192
1421135472068268032
1411097056282820609
1412353346397261828
1421195895664693259
1412618004781744128
1421172711682973701
1421195446094028802
1421412354844205058
1421189967133483011
1421124004555988992
1412363232602435588
1416100664879599618
1421133979030331400
1412296283021320193
1411094198527352839
1412472900398075905
1421202833983086596
1412352007822790657
1421212484598386690
1412056804578709507
1421161073680453635
1414650878775238662
1412199821079945219
1421150233266896896
1421209663253585923
1412347399813615616
1410921835877838851
1421129200124284928
1414988724044173314
1410912524271300610
1416858241116540929
1411073496831172608
1421431147465252865
1421175666528112644
1421149594659037193
1421125858723512320
1411081508870295553
1421127567642406918
1413507506391830534
1421146126896533509
1412314547260694531
1421072737355935747
1411431741768835072
1421147502603087882
1421157418159988742
1421168627831685126
1421205674923630593
1421125018449321986
1421123930715197446
1421207063204610050
1418897962558701572
1421198865643016198
1410488855027912704
1410947296339038211
1419955721785982994
1412708942002655233
1410992068533624835
1421560590728826883
1421354350346129412
1412802630208868356
1421049111600635907
1419752942454771731
1417841561245786116
1421139982102761473
1420029602089639936
1421211210914091010
1412161280262221831
1414169213678366720
1421159854350143499
1410984308446216194
1421169243182309382
1420051105136906242
1420031287675564046
1411038854178652172
1421130120794886158
1421124731357515778
1410918513334788096
1421203199734820867
1421124304058597380
1417816880434266116
1421124759140589572
1410924681310490634
1421129452491350021
1412324255342252036
1421150370265436162
1415776123942805507
1421196121318248453
1420806094255964160
1410584329160466433
1415996468876517379
1410996344601329674
1421135783138897924
1413766004623265794
1410926515567595522
1421197842249572354
1421583643667992577
1421179897419079684
1421143769316012037
1410918756180713481
1421125065039560707
1416193509246242816
1410954170648178692
1421140780220047361
1421135195407884290
1411771028825690114
1420491907617247238
1411653377566593027
1421508360935985156
1421211126067605504
1421195298769195009
1410950872218152963
1419939985558437888
1421188736612716547
1412439812364189697
1421137669686546436
1421142439465824258
1410945709600350210
1421138523709657097
1420024402285146118
1421210786484170752
1421127588496515076
1412572895973457922
1421207809434296324
1420922520073609217
1410490724932595713
1410929868120932353
1421211583339024385
1412706390511128576
1417840744241537024
1421222916256116736
1421129740363223045
1412346201400352773
1411255722826944513
1411080586945499137
1421199368355450886
1410945720316829703
1421194937266327556
1421147233362321409
1421353187240550401
1421126583918735363
1410514149923241984
1421127506631999488
1420757984452349958
1412303081870614536
1421129079517073409
1420029817152495620
1410956369994436608
1421182405675687936
1421129908781203469
1421202492327596032
1416985827712905217
1410952854987280385
1412690149838893056
1412363367273177088
1413500387328462848
1420931704626233352
1421193628404363264
1410940544696602626
1421150269614796800
1420784314455834624
1421135889485508608
1421237886020726788
1421125107322396672
1414662902339022859
1421211654046588935
1412399783872970752
1412399681804636163
1419969644346187785
1421428113251123201
1421195436132642817
1410908870415994884
1411112780413997056
1410939470854098951
1412348508422774785
1421372446192685058
1421369358027268102
1421216004299018243
1421062902820261890
1421191556699148288
1421124783383711745
1421174261675352064
1421142199920734212
1421199290605744129
1419273037329874951
1410928618855972864
1421124439803146243
1411004813857394690
1411432077501906946
1421366080992382978
1421227765819396099
1412031699702235136
1410939843769778184
1421232654419177472
1411125699407192071
1421128321342058496
1415676298354073605
1421415657321730050
1410397044955623430
1419960232336367617
1412315434678996993
1410675605117538304
1411112586381234179
1411063391683330054
1421365815480303619
1421164030752866307
1421127634323492871
1410508388782518272
1421552224279400449
1421190664780455945
1421434903682502658
1412101766779441161
1413918911846830082
1421157420328538122
1421129997713121280
1411447971871395840
1421169669348765696
1421236873045942283
1410941787468926979
1421194809776254977
1421125316441935874
1412150914304163846
1421169398203752455
1421388408082083843
1410921545812348934
1419954298767687682
1410922395955875849
1421212394433433608
1421190349431709700
1412509415635361793
1415573023202099200
1421363889262977024
1415712272811536390
1417731447515910146
1410408466817163268
1410560621456863237
1411000259560476672
1421141702061039618
1421131248035115013
1415635122142027778
1412164423800823816
1421124913293930507
1412866407629529093
1410999100644990978
1419928243872931850
1418596793789521926
1411000951566127106
1412036897657008132
1412466167671934983
1417841694825799683
1410952611759546369
1421129162241216512
1411357612239736833
1421226453321011204
1412107099052589056
1419256110687694853
1421151944769421322
1421153965119578114
1415595459654131713
1421124927143489537
1421128290115497984
1421187590808612869
1421426211784470529
1421133033730723847
1421128688960253952
1410974689778876416
1421395756074868743
1421172809489948680
1421124913985900544
1412055453249507331
1410911683493740548
1421183979722616837
1412421130753921027
1412132596709040130
1421196651893608452
1421155572095782921
1411191940931112960
1421247027145449472
1410510783461593091
1421138642488152064
1421128329105657861
1411014046845972480
1421152071286497291
1411208244903690240
1412908206611910662
1421371066442817541
1421191484427149313
1412336049032925184
1415706563369709574
1421167869015035904
1421142668357341184
1414253759501377537
1421147584605925385
1413046059769663488
1411366727770939392
1421159360655511552
1412349382574358531
1421195346894524416
1419963941770481666
1419957726260641804
1412184629319249928
1412061814632980482
1421178871605518336
1421150045580283905
1411385727309516802
1421124981434601474
1421150260655796224
1419392848043069443
1421375360445341696
1421179692422467587
1421137642972880896
1412711850488340480
1411158112518672386
1421199795956371470
1412359838605119491
1410970271197114370
1421132452135936001
1410933907260903426
1421129220038791177
1413450737879638021
1412061880370270209
1412554075657457664
1412163396414459906
1412418545573679120
1411215269238816773
1421196093237469194
1412309108296982529
1410955326183067648
1411055196487159824
1421407881547718660
1412111397782228992
1421382108933730307
1421179118880710661
1412283999943380992
1421126759316131840
1421159808519004162
1421244857759289349
1421155577812635651
1421126954535866375
1410931423985475588
1419975102733631489
1420045623911493635
1421144821524205575
1411204869072039936
1421383684943384579
1421161401754730498
1421127957775519751
1411273920880259075
1421135073898795012
1410961056986509313
1421158126510907392
1417105982325465088
1421206232250167300
1421194396637224966
1421156920564621315
1421145722859237378
1410980219083763713
1412248191320432640
1419269948988350469
1421138112021946372
1419961932979843073
1412295167948865537
1412076386160939010
1413861418902986753
1421244484499746819
1414232553867956229
1412037335546531841
1412296062811901952
1414687753787297798
1421134017429180416
1410982062773788678
1410949094919524354
1421157229772910599
1412218225119617024
1421135425821974531
1421134578060861442
1413142899152228354
1412130268551450624
1421435802144358401
1413107675118907402
1412309411012427776
1412304611487125504
1421188834776203267
1412363794572103681
1421203580808306690
1421178585931567108
1421198806188797954
1421132107452190723
1414054166801043462
1421146528857591810
1421357319720419328
1421240832770904064
1412343286761725953
1412030151102287873
1421170759867801605
1412376159736713216
1421379416081457152
1419916940034908179
1421423358680436743
1411089418962735107
1411732781386940416
1421015935750713345
1421127995176230917
1421440259179663361
1421124565539958787
1421395979148959746
1412410183494651904
1413391559761043458
1421157248647286788
1410389764285644803
1410591090395262981
1421162184118317061
1410588760446754819
1421375750872223747
1421142857776254980
1421123914298703874
1421125004037693443
1410972374481186819
1421140539022381056
1412037952549625857
1421208822165741569
1411265920220139522
1419914986705637395
1410524861131374594
1411079217329098753
1420056490145103872
1410988319807311878
1421131643755110412
1421164047551107074
1421196803022729219
1412750296175030284
1411370343101521920
1411076461168103426
1421370832509673474
1413529416223891467
1421374133879848960
1421127737901817860
1412474519575482369
1421167794700361732
1419952389721833498
1413506182124249101
1411511165239414793
1414894519137542151
1411729676784091142
1411046063918751746
1421197990266609675
1410949006897946626
1421148051369046018
1412129809442955266
1421567188402544641
1411029732221726727
1411215921721524227
1411027050266255363
1412070551988887555
1412191060625870848
1421137829271375877
1421146295620800514
1410995591870619655
1412870980914065416
1412317655256731655
1412190113556221952
1412207215411355651
1412028471317045252
1411774904874196994
1412350852145238024
1412312371951984642
1421133678588174337
1421124886358003714
1412371061044396040
1412326020540141568
1412533772130598915
1421152110603816964
1411219601590001669
1421162229957791744
1419939386729324545
1417174279024750593
1418892911522074624
1421185574057254914
1421169216833654792
1421457161960534024
1421244736174706690
1421126963675205632
1412778799310282759
1410916779958931456
1410928468578209793
1412385790861139973
1419285141189431299
1412327064368304132
1421162097715593221
1410938425583222786
1421168826910134273
1412351917259362307
1421174336615075843
1421134534142267395
1412428141763629063
1410956587716513801
1410929265475047426
1410920587694903296
1419935826205679641
1417784217283481600
1421127026744954886
1419932977304379392
1421147223509897226
1410915349843828736
1421144405839392770
1421129958882267138
1411367428282540039
1410910592001527813
1421434608374231040
1421181216288563206
1421126986454511617
1411381745698672643
1410910765759008768
1410510409124257792
1411004324247900169
1414165226774216705
1410932747741323265
1421194848581922822
1421123976538071046
1411142561121583107
1421149269218693128
1421247145957539843
1412121370067148800
1412087377296756742
1411603055720685571
1412320607455399936
1413463728587223043
1421428792086745091
1412528741364998146
1421378547889868806
1412363362395172867
1421352160990793729
1421128590368907267
1421412197457145858
1419932141069246464
1412037282358497280
1410971415822704644
1421379484956205057
1421165488172847105
1421360553407176705
1421405512080531457
1421166025656184838
1421413035772633092
1413078885650993152
1412510365775273988
1419282245689434112
1421169612893327362
1412057942757609473
1410918881200386052
1411071389612875778
1413421255076859913
1421162671798370304
1412329033707278336
1411098338309644288
1421151614606487556
1421182904240156676
1421217593927643144
1413810167255343104
1421196510658695173
1421182389120872449
1421123844786511878
1421188302460362756
1421456862659194888
1421176658472669186
1421146209486520320
1412982998908145666
1421137155062128648
1421137697201135621
1412522033875984388
1416762917320544264
1419958182441533448
1412637800286068746
1421125436575191040
1411060459550224385
1421127122727362561
1410976546005848066
1421204481136599043
1421132603659366404
1421161089421692938
1421154689333215234
1421130937723768832
1419367546319482884
1412139897230663691
1411791020707258375
1417771204677668864
1412652685766152193
1421145019612864512
1411220349442736128
1412278018291216391
1418897237204258824
1418081087503405056
1421136613577478149
1421175807372845058
1421172343439757324
1421212389521907721
1421203270727524361
1410935660492509188
1418197107572453377
1415647827254984706
1421448702158311425
1421124584569548813
1421126701027893248
1421186976557019147
1410553870967791616
1412120904335757315
1421145124206268420
1411771971742978049
1419943996168839168
1421193625455714314
1421137579571810317
1421138741142360070
1421136722142846983
1421135996670947330
1421157001023954950
1410912080270663681
1421470249954709507
1421218578041348096
1421193252057894916
1421134880470089735
1418896517348401161
1410908210140229635
1421144832634990594
1421126343622856707
1421216338555645954
1421382825803190275
1411047347254136834
1412390688696770560
1412407734104952849
1412026780907540489
1421165020092801029
1410963441259515907
1421248224552226819
1414154969406656513
1421194829158129667
1412388453468225537
1421145878962786307
1421148236467822592
1417797614972678146
1410900311598944257
1420525961674698762
1410962183152979968
1420053157166477313
1411366722209255429
1410986736872837124
1421162860936417281
1421128377105276928
1419911858383998985
1421128193067700225
1412077175331864583
1421342717561409539
1418129957465767939
1410926961417932803
1421178458403704834
1421385279965909003
1421174558103674885
1421131337684111362
1421177922522583053
1421084789948493839
1419975566955094064
1412121428229562377
1421145619805220867
1421125104701001744
1412096550159912967
1421126195916197895
1421127461585264641
1421248804158951424
1421403824644927490
1419928316245643264
1421139585472606215
1421126922931773442
1413177139768217604
1412043165775937539
1421196777546559490
1420128432269283332
1411448594297729024
1410920443247267841
1410967345061847044
1421147740776640524
1421156283110076423
1411040656210923530
1412439876897755137
1411030366241054732
1421375076516220932
1415066033837199364
1416073378750947333
1421151817140948994
1421170898401468417
1412153844256186378
1419663373063557123
1413197346310180865
1411039833011765262
1412792635509686275
1412296377204346880
1412160919279448064
1421130870577057793
1415635301050032129
1412086178006900740
1421165469864796168
1421222480757338112
1412333780346548227
1411267161285349378
1421202241122455561
1421410612370944000
1421132322389250050
1421193356248600576
1421129131975233540
1410504142196555776
1412091017503940610
1411068954978758660
1421144839048007691
1421142732278571014
1420447164778663937
1421235545263443977
1421130428598128643
1421132574471168000
1412456815116394500
1411591994267389953
1410926969177481224
1412193218767298567
1421145652327849984
1419952525642448904
1419908914301263872
1412410319012573194
1411706823938351104
1413843282577215489
1421208806474792962
1421575902090104834
1421142683108749314
1411006930689085444
1412446249173856260
1412342604268777475
1412117315563540480
1410935638917013505
1421192770828574724
1421125600455102468
1421178500854202371
1420976500753510408
1412411140043427850
1419936074806272026
1419284782568071169
1413698327330365441
1421363857172357122
1412401224947834880
1412330805309939712
1421211928412708868
1410996615851151365
1421369432257990659
1410940183378288644
1421191800992276481
1410963147830312962
1410916334137974784
1421143268520349697
1419397510725087234
1412308499351150592
1410980314860732417
1421376112685428737
1412412603889078279
1410984498771152899
1421152972491329549
1410909419651616768
1421171559067181057
1420151471014825988
1421376293921345538
1412042588291584008
1421146270157127680
1412621979442683904
1421141976158769158
1411011177971343362
1411811401736376323
1421457470237642759
1421440942217777152
1421195537496346624
1412339509744766978
1411017554051710986
1419940488619208704
1415538113179492352
1421198302910033924
1414217919366578177
1412015025452113925
1421161620223442949
1411795957948325890
1410936894809116673
1421169573764739072
1421150668694429700
1421148093911810052
1421135753996816385
1412137914864128010
1421124645923823626
1421152199535648771
1412087674526126087
1411306012053753857
1421134444929425411
1417843319275675651
1421132820198666240
1412039328499388418
1421212211289149444
1421148294672224256
1421194696907501572
1421124625006727170
1410949754008264705
1421170549749952512
1421225893964525572
1421393178654040064
1421172411463094273
1421124235758641167
1413770135484215298
1410678072467152904
1421124649711284224
1412128091795767297
1411248875353034754
1421230603559710724
1412238205211054083
1411075867992854533
1410991926413860870
1421369836966490114
1421448520364658694
1410970350846984199
1412105202228989960
1421185342829379588
1421132519072743432
1412083061420855296
1420147824595976192
1421140423968542727
1421603928320393224
1421135908686995459
1410943414359760901
1412209668420669444
1412408987606204430
1421186211192971274
1421176819609477124
1420773932303540233
1421146231758331904
1411247417010368516
1421144840654491649
1421382790541611008
1411048604081561610
1421143072654729216
1421182071649755136
1415727594473984001
1412559510254899201
1421351802109366274
1421179585266425858
1413947704485502981
1421237753811984386
1411118141514584067
1417851432993280004
1421603868861997058
1421375941918527489
1410928497384693760
1413469530215518208
1420170088137822211
1421153626593107975
1417844319134879744
1421401910192574471
1421227172002467850
1421197219424833545
1412354042366398472
1417049126995365891
1421186532422176772
1421184029064368137
1412173658936811526
1421153157774721025
1415621914001825792
1421126807894495234
1421132927543435266
1413071277003362306
1412413057574313987
1421146862246146050
1421103928779882496
1421210106201579521
1417112211902935044
1421135410999222277
1411304743776014339
1421140466234445830
1421146700484317193
1421125755849908225
1421131015863537674
1410473879257104385
1411079039712907265
1410921041791180804
1421143483084156934
1421151435073392651
1421141591675318283
1410950794170585090
1412905380259188736
1410916401888612357
1412801820074909697
1411669059662405634
1421327248083259396
1418913810925096972
1410938726000349188
1411287242790817796
1416437784080961542
1412138457472851980
1420019613203681296
1421128726713151489
1410971951372410881
1420014619456901124
1410965368563191813
1421202171228561408
1421380265784528905
1411009850381934600
1415694052985655307
1421042312889655299
1411437275439849474
1421208615994765319
1421124883354898434
1421172764761800705
1421314663237574662
1421138033026519048
1421139089433235457
1421381280516743168
1421259874583957505
1412397861308862464
1421135142597365765
1421129749368299525
1412370692729868291
1419964917210304512
1411263660559941634
1421221310034763783
1419407469328191491
1411068851907923968
1421128308729729048
1419234088184070150
1414710905774956546
1411447836802269184
1421200611794694149
1421155584078921739
1421129403208196099
1413504759617626119
1410951329363726336
1415441716648325124
1413996567372214274
1411082758223433730
1421224127826956301
1419915301823696984
1411874106706993158
1412092667442479109
1411418637106360320
1421125789228150796
1411242676519845891
1421163292756791296
1421147281294823427
1411215782470692867
1410978159080652800
1421170399266627587
1410716669673185280
1421172016741244928
1421199368632340486
1412159037127409671
1420053013612351489
1421149930790563840
1421137729837019143
1420078752143482886
1421195850655621120
1421196093874900993
1421138541271261188
1421139010441863178
1410536438488313856
1412773056662093827
1421206006407778307
1421124650076151812
1412296478882664449
1410965416168542211
1419327727530819598
1419968682155991040
1410908097162383360
1411015479502770176
1412095447863267329
1410919411456921602
1421340659311681537
1421520342879723524
1412082503200956423
1410487512376750083
1410987106529419268
1421154300269637640
1410922610372845572
1421418575424851968
1410958697908539398
1411323146809098241
1412148482543075332
1419212020130402306
1411026149212311557
1421363461385240576
1421389716570742785
1410574078596063236
1412324226862706691
1419980011214458880
1412824726943186954
1411197778710220801
1421130388794224646
1416492020542095360
1421190320709148679
1413573280984883206
1410981588356288512
1412092388059881476
1421219704321060865
1421198219573399564
1410947037491830789
1412189112673738752
1410908249629540352
1421127631236440064
1412324009858015234
1411181372081852419
1421372506439622660
1410594483528421376
1421031952891711489
1421148804062064647
1421145206712328199
1412188776017899522
1421209558656159745
1421199715954315269
1421138760071319556
1420003443222188046
1421152754375008259
1410979311960608772
1415695376456245257
1412481449966637061
1412300106922086403
1412150148898099204
1411026752965689345
1421138826953728009
1421225074787594247
1419236959407464457
1411100447553691651
1410957771818819587
1410945961413709828
1412035668700766214
1420002864638877699
1421396133914501121
1421194763471052804
1412080920568504328
1410919322621513728
1421139751449595904
1421374424578678790
1421147497473486853
1421179826975686660
1421161909475332100
1421156217733398533
1421154978845036550
1421311030446239744
1421160612210565128
1421271269098536965
1421212450498748425
1421154696367165443
1410953153810472960
1421327012598255616
1421128446684680192
1413547118762078215
1421125572961394688
1421147274999222273
1412336995699994626
1421211108552085515
1412303868185165824
1412187900058472456
1421129991870353419
1421232901941760000
1421123760804048900
1414320239228166145
1421205690509635586
1420751148164673538
1412091533772443649
1421141943854190593
1414935829760421900
1410937980651511810
1412192603693592579
1421233993870049280
1421452633445908486
1416436112101412867
1412348969586413571
1421125005975425030
1412322687448408065
1421161931877007360
1412386373319933955
1413626695895158785
1421206438966353922
1421365832274305025
1412286771585601536
1412134553855086595
1421124387516915712
1421222976712810499
1412462266503598082
1412129966213447692
1412200105214685192
1410943923325898755
1412406948574765059
1421230098292879361
1412429893493743617
1421464317829029889
1421166853406220291
1421155888539344898
1421252528507871240
1421124510003122176
1415083586164756482
1421125767283499013
1417732077710102531
1421183444596428814
1421202159534739461
1410936908079931401
1421173786775363592
1412190197798912000
1412075453272166404
1413198992419262466
1418151107621232644
1421240115121250314
1421523737510285316
1421257159124344834
1416751585594679297
1421219842867216390
1412037313337737217
1421144654955917314
1411050257572675586
1421454334718586880
1421259529581473800
1421237293159960576
1421142456360488960
1412366082371993604
1421207273175719936
1415652587580297216
1421179998292094983
1412085606264549377
1421206938499620870
1411055444244807681
1411049445781868545
1412057272323280896
1411005950299971585
1411056424663330818
1421240548380262408
1412127834303250436
1412082759955369986
1421398940319162374
1412309840920203264
1411450508791984132
1421125645422284809
1421124552193683458
1412422484452950016
1410522871231885315
1411149680365424641
1412460044977950723
1412386617847955462
1412299906509938689
1421221333845880832
1421148049091567622
1412347387268435968
1421166536669138946
1421205860244725763
1410999233361104907
1411069309884026880
1421169830573531139
1421138553548021769
1411896923611664387
1412649792220499975
1421392955525509120
1413781987761000449
1410980194010214403
1420414293892292610
1421462133435297796
1412527738817237007
1412422614220480525
1411434897156317192
1411706129957232643
1413604540641943552
1421512239056662531
1420128103469395975
1415717215538749444
1410507803513475075
1421195095026634759
1421362475379875847
1412446659641028608
1421444250957455363
1421339386562727937
1421162471679741959
1421176110193250306
1421191913928105985
1410922002706321416
1413859145200062466
1420033282746589188
1412396613838966787
1412312946634543105
1421124561068773387
1421126732409708551
1421190250924216325
1412408659984986127
1421162810424299522
1421275777199394817
1420015551355707405
1420491594998980609
1414168520703848450
1421391636148412417
1412476826895761418
1412538541175885827
1421164976232861700
1412519852372279297
1412645854557749250
1419986757332914179
1421604283863216128
1414215537249460229
1421325616050286595
1421220944169865225
1412411924717899777
1410873152218054660
1421149636182564864
1412101759254863872
1412452572322009090
1411088321539944451
1421139137118285829
1421149567496728587
1415698866746310656
1421124432270143496
1413887965756108804
1417802971228905477
1421356906220855298
1421130018533658629
1421124617859649537
1421215082286133249
1410572412819841029
1421233933304410115
1421129064295829506
1421124381758136323
1421130775509012481
1414956921749131269
1421192672765751296
1412311344607645699
1421175318057033731
1420520663744450562
1421424761519943681
1421127280181514240
1421124894071402503
1421220998926553091
1421136855731408897
1410911304416731140
1413063614378938370
1410921170124394497
1412086385448828929
1421213338957189120
1417818224431935489
1421151933474254858
1420048211675389954
1421154361338699776
1412357975533031424
1420807032387645441
1421133206745751553
1421195858989752324
1411035103745265669
1410679915997958150
1411007242472730626
1421125077538643974
1421151532486123521
1412299828621680642
1413846863170711556
1421323723420966912
1421167331389153290
1412092362684354561
1421219074961551374
1421146399605919748
1421207273397948425
1421200238992371721
1412315397790044160
1410490523706707968
1410949201765318659
1421187464903921677
1420037003907842049
1412342143579009027
1412296457575571470
1421455854222589956
1421145709395554310
1413790472359845892
1412431070474108932
1421134247411191819
1421138986320420865
1421199912671322113
1421138427160969216
1411051733976031232
1421199790466076683
1421127678489513994
1421129554756780034
1420629036880048128
1421153393960275968
1421150915416018948
1421410498378096640
1421155678979252228
1411006763625762817
1421173152269414401
1411432422470819843
1421422298352001030
1417786470417436673
1421131446429929475
1419984484359933956
1421173169638055942
1414235466950447109
1412316919147941890
1421145572782878720
1411255494661050372
1421141263240376326
1421124688172961794
1410931941860380677
1421233353919959047
1421128339054637062
1421141996178186247
1417848733245583360
1411434829711822848
1410943643217707010
1412477460567007234
1421167066309136391
1421156268987846657
1412471917542621185
1413464613904130052
1420793916694138881
1412046249575030789
1412344257713692675
1420053432782790660
1421231264594546689
1421211368297050113
1421124582052872201
1412731745753976833
1421549651006828551
1412076309677740032
1412670386148421638
1421154684648165379
1410975241229250567
1421153857829232646
1419311838676885508
1412434505361657860
1421165507261128707
1412085099659628544
1410960014446108672
1410983715967279104
1421244614741303296
1412278308646047745
1412054742109462528
1421125113081118731
1421394845621530624
1412311139602599937
1421253479243341824
1421143041826504718
1412398045032026117
1411011304458960897
1412479297504358402
1421473104765796353
1421159386467217413
1413462437970386956
1421373946063114247
1421140008765906947
1421183828647890955
1421215137386618888
1411222914712678402
1410942829174706184
1421268294456291334
1410679392720801792
1421145134650044427
1412404150097399831
1412222363798802432
1421201432275992578
1412294173152137218
1421367582133735432
1421216810003804162
1412039452898308100
1419270081285173251
1421124364892790785
1411069080514318341
1421276934567235591
1421378951180607492
1421240012977446913
1421231783161569281
1412103679151329280
1421371249381478401
1413908967898718208
1421198176401383434
1421173068303585287
1410911920295747588
1421132789060149248
1421158404651950081
1421183200378998784
1412353813407801350
1421139047569928198
1421360711683477506
1421131750110114019
1421151839328874499
1415823025925246976
1410522160465068032
1421367151622082562
1411183788181409796
1415376034632015876
1421375531967201281
1421133989172162564
1412117646116593673
1419934471105699841
1421129945661820937
1420107675602493440
1412307959716233217
1421417955590615041
1411003494153269252
1415701112968171520
1412127162967150593
1412295698784178178
1412077513627652105
1412010279999881218
1421602074815500292
1421405779521949698
1415695265546264576
1410931053024497666
1421124497776721924
1421162050827476995
1412131817000407040
1421132966923849728
1410933969399521281
1415609448157126658
1412431175017189380
1410910123543904261
1421129562872815621
1412365883410989067
1415980658808209419
1421125843003248642
1417233326956548097
1412901490746871819
1410548569329876992
1421136878540136457
1411060321968705539
1421287257386983426
1411019365881892875
1420761263617974293
1413197524391899143
1411098067009511433
1410931581024358400
1421173507103285249
1412573207241056257
1416177574812819458
1421218056131555330
1421360079564120067
1421234747762741248
1411082546381836289
1421156754809933830
1421128018114777089
1421139150233751559
1421126800059637768
1410466950334095367
1412288737669795841
1421243369246838784
1421375008539037700
1421216382121807873
1412318828567146497
1421141755429367812
1413110576109211649
1421428391815913477
1421196708306894852
1411521624373858310
1421170912431333384
1412109133613092865
1421139356799180808
1410914337133412352
1421228192891801605
1410981555003068422
1410512967381233664
1421161179183988738
1411031522774294530
1410975401392939012
1410947549985394694
1421167614311682054
1421402128518635521
1413481587006525448
1410948947586203653
1421204094799208453
1419961301099548677
1421145690063974406
1414181789233553409
1411027088358973449
1412415919469568004
1421154071365492741
1410494495846711297
1419992615735418880
1411265059997851650
1412128095373516803
1411841624364273665
1413821449744404488
1411181981837180928
1421212838367043588
1421137140625420291
1421127242164416512
1412903477609697282
1421170292702040071
1419970026510196745
1410925214423302149
1410612541261193216
1412159541014261760
1412085563499466753
1421129175277178881
1411204530834972674
1411192061127233542
1419271752581009417
1421202440997720067
1411042821411270658
1412122130339278851
1412485061392453635
1421147547075293190
1411009049760571403
1420360758546870280
1412394645825503235
1421179599698997251
1411052895450058753
1410986819236372483
1411221966988746753
1411102829171941376
1412398847096233996
1412422738036334594
1421128353483051015
1418133489933815809
1412515503139135492
1411011530804629506
1415696345344745477
1421199894518325254
1419265072539525124
1412325760115875841
1413197193591377924
1410946999227199491
1421124322089897991
1412414212698148867
1412157728714375176
1421228393920614407
1421128324953354243
1412482852378267651
1421149987879145476
1412108608263921669
1410963553847291907
1421135943105458184
1421129976737419269
1413609039007735810
1414657536750497794
1411030306061262851
1421132241023930369
1412144731472138241
1412282927988232196
1412902109620604933
1411452229031280646
1411181884634185729
1410994339384336392
1416114536030081043
1421355346636021767
1421207066195251207
1421146891249721350
1421165059234009090
1412312648935526403
1412402006745137171
1415598823762714626
1417838060264427520
1421452880930824199
1421150983808294912
1411456160134279172
1411224142817398786
1421144204282105859
1421127913047576583
1412331668795428867
1421132466295877636
1412160603741995013
1421507530006667266
1421170789395664897
1421156233369751562
1413910108803903490
1419941234483806214
1411788029161885699
1421128781339693063
1419916192819646465
1421126332356956165
1411621335625781251
1412338890036350981
1419969042899771394
1412295789037109249
1421130140566818819
1421138743306694659
1420388926523592712
1421546666356879362
1421126707302514692
1412316635080298496
1421158319784333315
1421195363902496769
1421544113879519232
1412805698828869637
1421194861496123399
1421213415037718534
1412361027212165123
1421140958800982018
1421135734795341839
1410916616183898114
1412027016782700545
1421460213971001346
1411059087534706691
1421204951871668224
1412069755339542531
1421130418288484356
1421174059774136326
1411285085286981634
1419227416078299137
1412286829903159298
1411327550874337280
1410935737558654980
1410991955618811906
1412381150497148931
1411462043257999360
1421197692148064263
1421124719764557825
1421031961099919361
1412870608753360896
1421242357962448896
1413077027683540993
1412307566743412737
1411023531236892678
1421125077920272392
1415291816572821506
1410933266476056579
1421143182168018947
1411433458577117190
1410966420880506886
1421504804677984257
1414005726326951937
1421126954976223236
1421125955892961282
1417776042350202882
1421215642976391168
1421262796700913674
1421203109641166859
1412093486241914881
1413359886373634054
1412124639292268553
1421133931185938432
1421164507855040517
1419966637055283205
1412279984580960256
1421147948205871104
1421151804398706695
1411253653017706497
1412107618588504064
1421157388053368843
1410536420654170115
1421151447383687170
1412300767910899713
1411090368200859653
1411191375203389442
1421194882794803207
1412411794476474381
1412301770018152451
1421193843110785030
1414835933120192514
1421139997260922883
1421387435611672577
1421127303170609153
1421195572615208963
1421160677734064136
1412471491401224192
1411014416699740162
1421280189720498182
1421166932410183682
1412014598081896454
1421194823575515142
1421151250561765379
1421177458787823628
1412297222172119040
1414283457316917255
1412668246088683520
1421126016651649024
1410947385468071937
1410919123882844160
1419616348703952902
1419945998571421697
1411129801298132992
1411372364974206976
1415579508426555393
1412095043654062081
1411367361962184707
1421316046552801282
1410982466958106626
1421138346131218438
1420805250257100800
1421145903428161543
1421173799635099650
1412327548416110593
1410979579687227393
1413600042863271936
1421218521082744837
1421178059865088005
1421144478761590791
1421125375753695232
1413496361555738626
1412344349279625219
1421143289340866577
1412340755759251462
1410940203938766850
1421129177747632135
1419254213369077761
1421178674682990592
1421223118954246153
1411617402144661509
1412076151242211328
1412559565116301313
1410925563510988803
1412178895084863489
1412265150640496640
1412451594805858311
1421176096473722885
1421126023006019585
1419249912802390016
1411085045842993157
1411456476300857347
1415613381277622274
1412051114527166466
1411308091174535170
1421125965938401283
1410966291679223810
1421141362683125771
1413553228621438976
1421131952254590980
1421126818229325839
1411989921804558339
1421125037642326032
1421136800706449412
1414230712115474433
1421131955253518337
1421185960239374336
1412122037846425604
1421124790253985792
1411075109410967553
1412037361383489536
1410930808647475200
1421239615541886979
1414201814568800257
1421252099128664064
1421141999072301059
1416031296116207626
1414599145478926342
1421220462307205125
1411229600429088770
1420050643792891909
1412159301750296576
1421164426066075650
1411055495692132357
1421192515567460354
1421174576415916035
1412298940410740736
1410991681260994566
1410952907768446977
1417523651633627138
1421139538940993544
1410973757175435267
1421487799061069827
1421157845303762948
1412282660446220289
1421138790215819274
1421372232195092485
1420039016712445960
1421134016615440387
1413547205529636864
1411236340675526658
1421126667381129220
1421346267058393088
1421186264137703424
1413199471685644296
1421124156817616901
1421128459405963264
1412264268561539073
1417778652096471042
1421124147795701760
1412347511940001797
1421253143522910213
1410993939763675143
1421573722033504257
1421147432327467015
1421158847520063493
1421004228055773187
1419943487894601733
1421442273259233281
1412097743133233152
1421169147434749953
1421171467392327680
1421186250631962624
1412399709516447747
1421276964304867329
1421141952720953351
1419974264489496577
1421509541301260292
1421393281989201920
1421384748404989957
1421215030192873477
1411694561773162503
1421154239108222978
1421209899229401088
1421130464547512325
1412122446417772549
1421394135391559682
1421134000282800133
1421133223946555396
1419966125014716417
1412009615445868544
1421147006031048714
1421172891140431877
1421127771171004417
1421128876831412225
1421154434072170497
1416986038719946753
1411043106481491968
1412307349105217537
1411038641946832897
1411043411096973325
1421184898707214343
1421149434008653833
1410956200112447494
1410918355549163526
1421390135338352640
1412353959486971911
1421430347036774405
1421143185514971136
1415319133047111683
1411269769026805765
1421181141474816009
1420091180923199489
1410932123909959682
1421131833325064194
1421199330619314178
1421218430011727884
1414689875975151622
1421141784609046532
1411409625484873734
1421127459798495241
1421150143919894535
1410930941040680961
1421124678358286337
1411209518181240833
1413898308754497551
1410923875941167104
1421040916517765121
1412038789443248131
1421127543747497990
1410907974491684864
1421152086721536004
1412301669983997953
1411243879026810881
1412292760179183617
1421210417993555968
1421141361244446720
1412437928794546176
1417247207661740036
1413638216822005763
1421234093530943489
1410953095534743560
1413079650360758282
1421204913015726080
1421124802639798274
1421129678853713926
1421606140991975432
1421522129166737413
1421400444207865857
1412483775611691014
1421200542009905159
1421199136859242506
1421125123785072644
1421602744226521096
1421484187798941703
1411002573914578947
1421243051465453571
1421039172282949638
1421203011876053003
1412201237232095234
1412287253552979972
1410938190991593475
1410996789461848067
1421175666649743361
1421463901401763847
1421157588847271940
1421135240039383041
1412387094140436486
1412413284624523267
1421127047645220867
1421133040714137601
1421128827871408131
1410930639134773251
1421200590076616706
1411226903877406720
1421233339806146566
1420106180756746242
1412516120196796420
1421158781870911488
1421139637217767424
1411353009125273611
1410958127357476867
1421187668126339074
1412410526144110595
1411114594601521154
1419904469593112577
1421136087859310594
1421567462567522306
1421194997794320387
1421145166790995969
1412028702796533762
1421170093036294145
1416296053444423680
1421133334487478280
1414870940442406913
1421171732392591362
1421166519426469888
1411080924956090377
1420899420925800451
1411033434206638080
1412047540883755009
1421139676849639426
1410919665564622849
1412016028884738050
1411650257545486337
1411213471635681282
1411205836916076546
1421231484451557376
1421232138553266178
1412891580177035269
1419985708375289860
1412202644731478017
1421144952738914305
1411231845577003014
1414612140963553280
1412531622445039619
1421136108595945476
1421149464908242944
1410969222457483270
1421340704081645569
1419927051612659713
1421380040038682624
1419955817093152797
1421203231137583107
1421154892215984142
1421125357554520072
1419946446573477888
1421125748694425605
1413365888951230471
1417811427306446855
1421572808136699908
1421379195872100355
1421228909966807048
1421138514385715201
1413247494524387333
1410974464024666112
1416716914315997184
1417913553265254405
1411005942561390592
1421176180183650304
1421342953864323078
1421129879224037376
1421195415005929479
1421197038851592196
1421126862990888965
1418120714679472128
1421141623216476167
1421152962026647557
1421136289563303943
1419938299607715840
1421246433651576834
1410962852320624644
1411908699518537730
1421171812956844034
1421467689864908800
1421341568619929602
1412193529313497094
1417597433157087234
1412641917616205826
1421185721512120320
1421386083510669313
1410909932396875781
1421341296053084161
1412470558390951946
1421201855586185222
1421345511051825158
1410923360872247300
1418900952455733248
1421128964160905221
1421374346887585795
1411037873193771015
1421129026110988294
1421032538575974403
1419559690288119808
1421376564378406915
1411209637651681284
1421149113710784513
1410513190547562498
1421162012789428229
1411006871494926338
1411020180885495816
1416114649343344643
1410925624122920964
1411093610364391431
1416483054735040520
1421149753073672200
1421181619600252930
1410919549067726852
1421192275422482432
1411061078235271174
1421125413582032896
1421142338714411009
1419906747163201548
1410617917960458245
1421124687015317506
1412293137670803458
1421128074922532876
1416376614296985600
1412411895039119365
1421131340892844041
1419950458349699076
1412050245744222216
1421220833213702145
1421125235613605892
1421196782353145861
1412371185812258816
1421145863494242304
1412198156373217281
1411063142038360065
1421126169534111745
1411084089977937924
1413633875373400064
1411410309051473925
1421182308686733317
1416770583036141572
1410796405824831489
1411067757047726084
1421171935879258113
1420105695739920397
1421133918946873346
1419196801240948737
1421253349928841220
1420049630109347841
1421144445077045250
1411097693171109890
1421144143619891213
1412199408536522753
1416434998362705924
1412348712639242244
1412153685426200576
1412050174600437762
1421158335701716994
1413092585040715777
1421137716058730496
1412506846590607367
1419934164531486758
1417782927543443462
1411404738596376582
1421144170647990276
1421405086278893569
1421134633807327235
1421127585589780483
1414568049269747712
1421131784809496578
1412380278140637194
1421145430679764997
1421585568337645568
1421186373483208706
