1482061797553225734
1478509093145006085
1487223452012584960
1477827067475640327
1477402786820198402
1483564519632822273
1485638913599365123
1479790247013756929
1481585635744002050
1482300988526665729
1478014528503926786
1487235844268335107
1483558907662544902
1487075353906405378
1479768027658956803
1486740524019044354
1487051461225680902
1487080827011928068
1479411654056108035
1479919530445094915
1481667977258881029
1486769316930285570
1482377108487868416
1483814262405488642
1479452687158726658
1486759201544228866
1483480652599201808
1482814555793367040
1481950157293989892
1488127095704227845
1483680544399532032
1477364837059637257
1477614787135688704
1483711129780207617
1479434571489980419
1483061429833981957
1480703661084844033
1486754435665522696
1481985767014547458
1486885730584432643
1477833689128214529
1487169775038078981
1479021549730545669
1488217533505105920
1485353354649915395
1481702375350013956
1487020945747316740
1486993870705643523
1487598237842395142
1487051368582074371
1487348521506385930
1483118280332431360
1485568927942025220
1486748343397232640
1477146050699972613
1482988840168140802
1480470635696513024
1486855618119880705
1484158789146263558
1484574678341595139
1482125452848377862
1486131580460433412
1482044783044575239
1486768272779341825
1477232894796079107
1488125392179269633
1486806140214259715
1486727956302950405
1486814577287385093
1483500933988646914
1482690512574459906
1479737200937943040
1480863180683423745
1479748932393738241
1483505333062488068
1481958675535351808
1486734088371331073
1486903923759738881
1486815539087425536
1479765118338711555
1483864929568542720
1486910969322381315
1483725919739076616
1486745971585388560
1486797121076539401
1483184333657714690
1487013374898675719
1487144876961677327
1484310667259641861
1484194260987564034
1485410157119127559
1487113474924756992
1487126843908055045
1484588116895801344
1479939616727785475
1481005239427866633
1482161410541031430
1487120236042145797
1483774170886549504
1487325475517218820
1481799041684062210
1487142155768504325
1482853329864736768
1488229397807128577
1483731846366208008
1477601064891424770
1480884388288204803
1486770137466167298
1482051533189615616
1481951706791489539
1486725608394551314
1487137787916730371
1484421401104850945
1487216208176979970
1486127892509638657
1487414874099625994
1481264849334292488
1481543416232173577
1482676170760110083
1485975027853971458
1479733546940051457
1486388380212596739
1486125154073776131
1486072572781514754
1477449940683132931
1487018148247179268
1477254285998141442
1481983839077642245
1479842342341419008
1479777738491940867
1479464317305171971
1483679750128381952
1477378526609301510
1482243061069529091
1486811549163397120
1477087099622936584
1484797714139430913
1481906749875621891
1477616615906852867
1483774077093490691
1483901565757014023
1479420642244112390
1487040958050955267
1481038420369502209
1478775689906114560
1486776925267890179
1482081167105052687
1485205797877473280
1486804016281505792
1482328256791695361
1487442682989330445
1479815926329614342
1482530569409941504
1482729069007491072
1479732616001728513
1487042613123301379
1486774666626838534
1480263774992883712
1486768812657627144
1482111047699996673
1487754033079087107
1486615271985012737
1485660444807380992
1487201710736957442
1484848111881269251
1479875242688458752
1482358967305228288
1479796479128702977
1484671162554724354
1482358286733258757
1487193781577424899
1486781111078297600
1482097544029220870
1483567801256316933
1486765354655248384
1486810622369144832
1479826637856325643
1486797959316443137
1479737022004740096
1477199120813154310
1487026263286034436
1482103630740262918
1487232232917979137
1488023937237749760
1483546762564485129
1483193848897716225
1485412464971980800
1486753767143862275
1479956288620613632
1481609867811074050
1481951187423346689
1477086374192992257
1482456604213665798
1479735812665270272
1484650877747089412
1482009389880029191
1487527800194088968
1478054632459014144
1480489491148288002
1482100466389561345
1482123907331239938
1481332215086817291
1487054531707899909
1484576717104717826
1479778339703463936
1479860620304474117
1483029643225710593
1485688753867923466
1487130010171232257
1483747722343731203
1486926400393154570
1488013669745233921
1479747217149906945
1483192402114342914
1488025442535849985
1486937641895399428
1483068917589364742
1486722547466924041
1477394874341240835
1479733993448820743
1484444589138321408
1478032828495396865
1481980469419954182
1478354673904099329
1481717943532613634
1482103604555173892
1480728670830411778
1477900901859876865
1483912127979077634
1482062475445084164
1483457390771163144
1483215947154563073
1480492087221043201
1480203008910630913
1486769109635317766
1483540249443807235
1487015409660444678
1483422493780152320
1487448619066265606
1486755907203571717
1483465933662437380
1486800174764679172
1483794235723849736
1481360310242054151
1486865767891017728
1483726187998371842
1487227379932037124
1488265840319516675
1482140071906185218
1487325579770748928
1487770734818648064
1480670788273405953
1486745898994466820
1479445742779613188
1479756458669625348
1483709685052190721
1479726870799298561
1487359760261435394
1481218692956499976
1486339471356346370
1480237949988052992
1487201213712154628
1487267799445684224
1486079027295268872
1487088121841868809
1486866227700056064
1485654801904025600
1486907456487714816
1487002373029449728
1483682925828784128
1487096111462555648
1486724478084141057
1482040362457870342
1481865286139760645
1486906346951917570
1483445099480723460
1482315633446592514
1486743301822685187
1483070672486207493
1477558481607696385
1487204615682596864
1482178576946544641
1481711157392158724
1479843059328237576
1480145712616779779
1478830380446887936
1479737561476128776
1479770311931346944
1482086316493967363
1480532737127858181
1477250091236868096
1486766974398918660
1484027955512807427
1486908007485214727
1483012279176253441
1482555298120224773
1485259055308357632
1482293301290143747
1486764732132769792
1477189211400904707
1481045010120388610
1484055263439114240
1482764575212720133
1479767660497969157
1482369179911180289
1478137147651674116
1487150905183117320
1478669014989783040
1483235154881560581
1486552640154652673
1484813273270829056
1487131962426859526
1487121446656569344
1482332679517483009
1486801025629569031
1482078510265024519
1482026780370214912
1485713221570809858
1479934859049066497
1479410079854219266
1480450603532836870
1488156287250702340
1485715956609474563
1484275733761564672
1487402775659044865
1486776787233390600
1482072986228297739
1483479224027693056
1480973603390857223
1480120375921029126
1486758117622779906
1477261071228493829
1480757525607714816
1486736986643783686
1481950824301477888
1479758875612098560
1486669068631425024
1486872735611437060
1486780770345799684
1480958774953197570
1478138673036201984
1486788183073476611
1477655285120569347
1486124484515954690
1482106504329273348
1477363068434886657
1487403320432074755
1479802550526304257
1483567418874150930
1483489335915724802
1486753188149547010
1481700850699575297
1488255153090314248
1480520273082396681
1485275418324254731
1484852710767841280
1478215582671540225
1488203560680628228
1479905593393614855
1477367877653209090
1483763864386822144
1483761476078874634
1486819242783633409
1477427556135669766
1482112095286091777
1483541555793338371
1479204695369560066
1487264924778778627
1482059940734943245
1479763141034708992
1487133380294684677
1479847010861731844
1481412107077881857
1477238203283386369
1481739848834863110
1483721160944754688
1477678774145757184
1487075737420976132
1479896630627348485
1487008442011189252
1482027116090822662
1479930112984465416
1486845808301461504
1482009055325470724
1486763589511696386
1486631689493299200
1487238354248867843
1483573970171531267
1484875263095623682
1482780532085858307
1484198799882997760
1486788938199179265
1486773664527929344
1486421205594906632
1482120756125437956
1483444360855359500
1486771479752548355
1481743034261909513
1483140467445411843
1479798602604109825
1482298743953182721
1487031253559828480
1487349024180998147
1478283012106248193
1486923372994998274
1487812164027047942
1482038353348505607
1486807127767142401
1477328498234699781
1482102243918856203
1483250841456889856
1477433213614280708
1487244453316157440
1486751243552935939
1482237396901113856
1486786977269751812
1479857753552310273
1482002928982450179
1479841116233031681
1488117363732094984
1487130531930284038
1486727845497892875
1479864382377140225
1487766125429547013
1483243715888128004
1486797212378189830
1479827861825638403
1487236735461474304
1479759992584560641
1486722940271951877
1479749597962641412
1487026169262313477
1487100762438045696
1482008865801748483
1477762337448865795
1485636809820450824
1482004773050195975
1479844849016885255
1486899579807092739
1487211493980610563
1483549495090724865
1480741179352354817
1488125434873069571
1486796141014437888
1486774746687623176
1487189609410797569
1486772022080417795
1486883161078476805
1486901824296665090
1485708759733182467
1482151023741386754
1483230008474800140
1477241709545377792
1481796397972307975
1482127489954680833
1486993070658768898
1484716564003934210
1481973814028349443
1483913867742883846
1482853137497088010
1487407430447239176
1486777302310600705
1481649425634054148
1483548940670803969
1483745164581609473
1478121544975015937
1483319379441983488
1482038381496487937
1479970853253259266
1477428340667699208
1487133017495719942
1481774437527691264
1479738407022731264
1487129992370671618
1482452845186240520
1483572512239796230
1483570190365429761
1483507750864834565
1484750221401890818
1487164771921272832
1487213391030759435
1487174030847320067
1483711591933747203
1479972146138996740
1486806055883468803
1488017152946982915
1486910831417864196
1481961491028918272
1481993066798059535
1488131361709834242
1487425483239268353
1486741943191228424
1483367824097751043
1480663518252785666
1487414428610056196
1486822860094066691
1486740811924398082
1477356396266065921
1487142988396437505
1479765949028909059
1481968838120022016
1484511604028821506
1480843518151204865
1486765984853594114
1481365732101435392
1487401572229431299
1487126328105185283
1481996759253585924
1488114471457468423
1486753895825084420
1487432916334489603
1480886755196866561
1478055348590325773
1482033034111160325
1478148597644419077
1483936165141037057
1479988263289073664
1486898287034580993
1479789738995466240
1487001603395637250
1479748007532941314
1484253596707348482
1487437288732778503
1479751654119464961
1487129088670248964
1486799533950443521
1477354306978394120
1487152988472889348
1479752761029935104
1485516672886792210
1483297519400624129
1486933365068480512
1479733112728920070
1483039508211945480
1487001969592094723
1486774701389058048
1479425055423709184
1479766039273607169
1483507882868056064
1486743796331204612
1483883244026306569
1479916474487693313
1487189906279612417
1486817479976493058
1487271412624732161
1482450967790596100
1479370206472515587
1486818139316768772
1481280836993355779
1487178921158320128
1486766740172382209
1482284181828902914
1483541499719659523
1482585772377182210
1479593730009014273
1486771497012240386
1481989563778220032
1481954454425542659
1482365314667102209
1481369477459681284
1479757066755612676
1487321122974617601
1482129138978856968
1482280400496046082
1487261238128041991
1486879471697285121
1483165617662291971
1477924039784116229
1482868600683782147
1483735528063352838
1479764607002632193
1479756015809835009
1487916355848445958
1486783846825832456
1486739476541939712
1487122501117399040
1481980695115411458
1488128209501794304
1479780853962182658
1481743059289321475
1480741771164491782
1487295441289023494
1479936436107362305
1484550356944232457
1487014961121411078
1484706118375034887
1484205605963407367
1487153493521670153
1479738199236829185
1477368198559371269
1487000007177760768
1477885185723092999
1486728997794840584
1483743021602648066
1487083421394427905
1477682957498437632
1481430381979222019
1481367123167432706
1482787680962371589
1481706077993459714
1486760534745567232
1481988737408147460
1479874260059500544
1487317606532988928
1482503631958163461
1487014637153386502
1487597255171452931
1486820297957429254
1483729537972244481
1487204567154581515
1486070362467098625
1486784018892963840
1479789627586265090
1487438274826223617
1486774361512054788
1479956480128389124
1483728313109696513
1479747171079573507
1486773596047429637
1483418597619867653
1483726848815243273
1483214458243760132
1484260392264253440
1486824410405236737
1479744823158525954
1486867362640977921
1483067989989597185
1481317339589140483
1483935044678955014
1487137522249572352
1487190850673287171
1486903985575383040
1487128988078256132
1483735799136985091
1477456192159064066
1486884954189578244
1481709852875444225
1487057646318338052
1488121622603177985
1483560004384956421
1484635361775173633
1486793318210027520
1486814094107811848
1480893409137238016
1487014387093225472
1487104027385028615
1486451782909935635
1486761623771488260
1482103987167977477
1486747694852976640
1486848458162012160
1487151136121532422
1479775972585005059
1478391314144243714
1483880985322266624
1481944864711393282
1482009422624866311
1484182724399218688
1483417541338972163
1487150675121164291
1487119551863078916
1486727828619948045
1487128509889892356
1487177933189955585
1479572372155944963
1486523824522809345
1487503150374428672
1483117942376177669
1479741829042032642
1483559401432694785
1481960005154873352
1485390772190986243
1487491485637521409
1477796392626278407
1479172352244080640
1480273674636869632
1483293505275502593
1487121264401657856
1480869208753786880
1484265092749406209
1482119249795633155
1487012501656989696
1479751280331575302
1483242990999121921
1487291729577316358
1486775997731123206
1488128180083126276
1477210811055714304
1486740648224985088
1486724881496502278
1486844097356713985
1486845484161388545
1486808457126846474
1486736881760960516
1477357482087534600
1486842152441171969
1478121225754918915
1486793527216455680
1487067663968784389
1487094611382358017
1480610300458057736
1487241210708299778
1487197271737483269
1486506616841125889
1486901572009398272
1486782386914398215
1481993944305131523
1477702899300016129
1486798295418781701
1482120600848060419
1482038118052155394
1483756444692455430
1482131765401731077
1479737543205830658
1479863298799640580
1481750448860192776
1479969705553240066
1485682594989576193
1480293317887860741
1478692375874658304
1478373376787947525
1487094436702081033
1481745436562145286
1487378899176767491
1486793651007246343
1487138887470354435
1483506544494919690
1482321076021510145
1483480615186010112
1482264961757941762
1486942725006000130
1488022933742182402
1481906408077635588
1487516297202130947
1479854052775186436
1481664296199278601
1486721632831819779
1483192114603302915
1487143674177798153
1486825222267301890
1483776655348883457
1487207447269761026
1486783984931643395
1479403969239818242
1483699483380756483
1484457736284868612
1479765725283770369
1482954760009494530
1477287943077302275
1484444943498330112
1486810320605638658
1479824962076688384
1486749512475500551
1482118598638383113
1487171222362214403
1483041315260665862
1479760094602661889
1486828646878875650
1482812698974990347
1479784489656238083
1482330542666391554
1488221222823469063
1486902506382786562
1486841902293032960
1483550870474313728
1483510831526686724
1486902009575792640
1483346057274798081
1486097764895318025
1477393339527880714
1487146600447238153
1482107283261775880
1481962752293879810
1486812865772371976
1481739919680851971
1486809637672398857
1486405980678201346
1486791639314092038
1482000904954036230
1483563758702182402
1479757955851501569
1486866008690212866
1487305454313086976
1479761231368097793
1477436723017748480
1485950972895666180
1486874547785764869
1487159310555697155
1487019238489563141
1483426088588128262
1487408351403204619
1486489792967630850
1484863120128548864
1483485872515432449
1482105758149976076
1479874910956793857
1487160429302403072
1482103897997070344
1483743803974602753
1481153748907044864
1486799952764280834
1487111469124579333
1485343262705692674
1481957047608430594
1482069291151368192
1483934336768430083
1479454452192927746
1479800194141143047
1487152916892897289
1487080187581792263
1486758251945332743
1479097538183585799
1481981154358091779
1479747356564377600
1486735527592140800
1483469192917618688
1484264860238155783
1479866491935862796
1487061854996377605
1482088563261034499
1483571136281649158
1486769207350112256
1486778822334812160
1481704420823945216
1486734040803594253
1479488134857596928
1479771336155217922
1481711050932330500
1483505199327199243
1482792809652436992
1486812108897538050
1477110657199845383
1487127129955385352
1487165222833950721
1486335754934505474
1484273459777712130
1481664091148230656
1479729905428578305
1479472599281418243
1477070387821395971
1484448932717547522
1479763316058771461
1480654060654977025
1486764987297193991
1486925687579557888
1479752748660932615
1479750432419364867
1481949890523586564
1486725777500475398
1486875681309048836
1482118479209803780
1481963258609291269
1481079899586715653
1479470449998413824
1487341658408640521
1482303731328819200
1483681107023474692
1481793309869846529
1486867049938927625
1486933499319767041
1486788508413009929
1488122791861837825
1483310865646555136
1479736880883245061
1484577277321129990
1483730374782078977
1482130986276204545
1481675294427815936
1486893365484421121
1486799419093700610
1484220723019268102
1479155151034359815
1487264582334881792
1483141995031896065
1482132667445485568
1480108993586606084
1482109752029159424
1483382416920219649
1477555993127141381
1486881644778643456
1486801246526783491
1487432469943046146
1486770497635323906
1483739438492663813
1482199494611681280
1487042998798061569
1481656601018712065
1487495640716394507
1482146969753722887
1486850010620649473
1486722029764026369
1477215466762518528
1486881304771657730
1486909041163091972
1487838583050354688
1481356983563427843
1479738062502608897
1487083509822992387
1483773269304135681
1483457271099187205
1487063086041337859
1482024331135836164
1486799462160732160
1481973965878878213
1487513623341813761
1486872151869198336
1483755086761402373
1484474162387296256
1482099475040686080
1482363409266094085
1487191984393576453
1479227508281286661
1486812932788920322
1479754027361525760
1486383831464747015
1484864222362275844
1484529003260092419
1486787006667665408
1481974503584452608
1486883562863292418
1486919799829585921
1479822032112173056
1486909304909217793
1479890923303677957
1483455740555767820
1480468370445287424
1479829538473496577
1484093350168997888
1486425082629087239
1479733971978231810
1479959766243893248
1487171249088327681
1486742461955264513
1483553596062928897
1487010631475728385
1487317522747727873
1486798765457645578
1486768945650708484
1486867453967679489
1482004962506944519
1477457376823422977
1487011915893121028
1486865895465132033
1487203956220518400
1484575523154051078
1486737059368763394
1486864310815137798
1486876372261916673
1483249622432768004
1482102741287817219
1478149667011633155
1487252549157666819
1479870632439525376
1481976719674572802
1487463290645139463
1482744474602192901
1486740469199552516
1486110301036728323
1486766217377374208
1485513230319603713
1482056690556194820
1486767680598200334
1481972770028367872
1482319400732659713
1482908832519147523
1482066570658603009
1486891585832898563
1486727737456824332
1486745346017398784
1479163368191713284
1482051190330478604
1486752680735244291
1486723305868447749
1483129888194367490
1482076871265296385
1486967961524977667
1477703055680450563
1479739880519389187
1483203071429812226
1483349174372515843
1483483574926024710
1488249110977261568
1487275352116375552
1488126940330422273
1477217281859993600
1481769645564735491
1486766283051843584
1482362708079038472
1486724369204215825
1477356438574059525
1479772092862185474
1481986390921523207
1486743069340979204
1481970442239975428
1481226995866513411
1487124315116032006
1482030518224965636
1486916052361560073
1485942559939588099
1486768565965389824
1486756095569764358
1488267834966691840
1487282004085420032
1487001027484303362
1483839409766215681
1477264301358391296
1480982893270872066
1479733604527878146
1483383091427254277
1483477619433787393
1479772493787410436
1482299766407053316
1481885298242035712
1486757246042193925
1482495978578100224
1479920482493546496
1486766296834490371
1481965909984096259
1478475072541282313
1480259440842616835
1481330303008485378
1486915190008516611
1479264357884252163
1477320624863420420
1487276648475119619
1486732646004649991
1481739506755715072
1477193943142092802
1481739376820465669
1486840755624677380
1482343476259921925
1487488552476811272
1484433454729154562
1477260881985744899
1479892708281966592
1487545747050582019
1480109422177402880
1479893991072092168
1479405775445446661
1483793860946014212
1483244339392307204
1487497113210662916
1487133634322644998
1479733512131522562
1487327887820824576
1477368790354698248
1482518691115847687
1479442529045123072
1487141464329142274
1477067179166158851
1482747684591214594
1487069422690856965
1477967285205848064
1483529412033265666
1486921738680164353
1485909100542242819
1487149537512890378
1484476463160123392
1481983164989980673
1481956341543575553
1477371495563337733
1486825278986874880
1483516171760590852
1478308785823358977
1477587054158561286
1483938415741652993
1482849013200216064
1482435407082045446
1480146660525318144
1479890919268749315
1482160290460577796
1484198238660009986
1486752592604512257
1477631831977730053
1486745863539941388
1487063839241871361
1483516326316498946
1487076968382152710
1480303966584020995
1486420676009414666
1477726149388251136
1477250536021835776
1487136584751357955
1487006597381599232
1481955522525999108
1487057445616640000
1486725340093239312
1479802274318884866
1486215695444713472
1486882522864799749
1480264696536055809
1483741575100477440
1487037396818538500
1479470589303787520
1487262756407500802
1486777119032098820
1487006800138280960
1486726870527733773
1486816180400640001
1482016930185756680
1482116486265249792
1483246197091434496
1483303868020797440
1479763672364990467
1477264715168501760
1487129689621676035
1479778416433975299
1487199590520537090
1483070978615881731
1487011988446146561
1483572796613697538
1477539194209804290
1483786228323520513
1487328925181165569
1482645418714480641
1486953392773685248
1481698298436141056
1483930842552573956
1487248177421979652
1479887068994146313
1482470404061020160
1487794365791678471
1479154424652181515
1486775260204597251
1480332935689555974
1486878603371773953
1482361374198190083
1484146685991395328
1479790020349374468
1482122743197937666
1484115877771587589
1481967249535778821
1479621148421894146
1485709151946821634
1487742061189210116
1486724581024944137
1486827419143053314
1483739383685595139
1482113691726364673
1487567431862304772
1486763086467846144
1486762703116898304
1477390537112100867
1486722812576342021
1482267170365186051
1483447903968452609
1487199926735966211
1477936113306251269
1483546109423280131
1482128688447635459
1486913315825537027
1483577821767344129
1482937083123716101
1478187730517508103
1487141392979746820
1479906685934309377
1482304606264827906
1479937633174368257
1483737243088998400
1487262627361349635
1486884110677254144
1487262670130712596
1486762223762657282
1479769760002981891
1487399936287199236
1483436013364068359
1486763677676040192
1482300687815950337
1481984081336446981
1486836866175275010
1477196325548699652
1487172016159412226
1486741498452328451
1483034789548638210
1486801373375053827
1487320956523659267
1485672432451129349
1477430032343744514
1487123176253501447
1481950956870848514
1485514470063587332
1478004294804779010
1487301985573523456
1477679787074277378
1477368708871958529
1486968918388273154
1485017622752206852
1483857471479468038
1487157087872458755
1479807673226993664
1479456447440330760
1486923449687810050
1486907791235190784
1483791225299865606
1486802053653405698
1482131897950027780
1481959469395423233
1482118549300785162
1482078266450186244
1480225363510837249
1486887769767137283
1486784297570910208
1481979856338436098
1487234739979243523
1485289126375084040
1483904206847332353
1486874318906839046
1479779373918081027
1486851878029697032
1477356244440600580
1477290242847686659
1477074012165529601
1486754814352506881
1486992468281282562
1481060980666904580
1479726728301924354
1481744933883191296
1487182561365442564
1481713166849429506
1487087114600734728
1484110820736970753
1482293981606203395
1482040882203443201
1487009744866873344
1481949787356344324
1479571979976036358
1487006004801728514
1484254828482240522
1483734686383976450
1483359254392279043
1482000023848161282
1487138616468021254
1486727336376475654
1477321278860234752
1486870516447133696
1486866889246756873
1483680553945776130
1477308614998122499
1483299725587668998
1487047340586266629
1483216668784537602
1482067482269655050
1486803422783283204
1482263360540401664
1482110686624894985
1478419326034132999
1486768002016161793
1486739227400364042
1481303539691540486
1487153081368428548
1479760261808631811
1486777790913523719
1486765858424864773
1479868020168220677
1487415913733406721
1486764269546864640
1483336729809543171
1483927208129351694
1483705901802352642
1487062366869147657
1487003188100321285
1486810955392729088
1481425319315791872
1487233407780364291
1483469180376596482
1477194292544389129
1487455642919055361
1483546276750925832
1481552775641186307
1479744651737370625
1481636232027381761
1487264773788127235
1486757740617818123
1483756544919588866
1477343691899641857
1486757744656977937
1484465077650698241
1479215643291439104
1482110245610700801
1479939570535907333
1481911031731572745
1486729482186608649
1486799543949742082
1486969896638554114
1487042455010750475
1477785852759715846
1483877147353788417
1481063671971393546
1481832408009822208
1486779631025987588
1477320050403168262
1487238051139141635
1486860001603768320
1481764466165436418
1486755939784876036
1485639152821547013
1487903955065585664
1479417713319723012
1483087683496910855
1482828178070679553
1481771085368635394
1477358096263561221
1482099706859765764
1486788578223046669
1487244066374885377
1482393971066294280
1479911280685293574
1482423540754395138
1481704862060621826
1480553509112229892
1487080718803030019
1485137559562989570
1481764103408467974
1484519429157396480
1479766182987288576
1483379388322357251
1486723840193417226
1479801492873920514
1481996320487399433
1479920767085154305
1483930105114157056
1486821552259801091
1486819767017213952
1479744666069344263
1481323192484614149
1483480214009262083
1479645404358533121
1487254983540031489
1486812685043834880
1487050843564253196
1483625736414314499
1487110474780999689
1486758629860544515
1483520836409638915
1481785587552108552
1477354392663859207
1481987942059069440
1487081827646980096
1487082683637420038
1487371497391882241
1481323315763589129
1484797580290764803
1482014789228539905
1486809410219352065
1487125239825936388
1485597250160111621
1479738233089056771
1482296361437614083
1487192745487867904
1486431979767619587
1480326031487741958
1483508097872236545
1487296822674477056
1483917479206432778
1484146936512978949
1486749155787624456
1480556055063052292
1483536192507461634
1479737124303872002
1479729150286049281
1477359703843815428
1486793720703983626
1483355774634151938
1482285362403762176
1481957114281091074
1487006961803489280
1484805528983416835
1482937841722220544
1481976882589483015
1479816105019518976
1486801949668347908
1479881272814153733
1486803707249442821
1482127433264513028
1488102007802142721
1479478970752118785
1483560440508694537
1481914155921772550
1481650193200123905
1483070966557290497
1483314768219881473
1486755002005786626
1480889637656801280
1479762412496723968
1479845269508345872
1487280171778514945
1478216694929756166
1487141412730818565
1487077436898566149
1477580716439449601
1479742497752555523
1487379188533313541
1481740049712566272
1487122057414512640
1486792129066287112
1481610453495201799
1487162307738316801
1487416507420315656
1479739720519331841
1481323085185925131
1484448475572051969
1481987364142657542
1487123447050350597
1484028001176195073
1483218532867399681
1488128348794413056
1486788490884964355
1482106858886287361
1482078408951668739
1480133613433798659
1486768258422239232
1482001022314819589
1478372759226966017
1485949436736032770
1487164735845851136
1485900033102917636
1481953583583084546
1483713178613788674
1479892303431049216
1480263854181474310
1487160644319252480
1486834528429563909
1487128580257726466
1487140416965292041
1486897436304019456
1486808337379651584
1486763764875681792
1482470020261330945
1485643574914031616
1478142727023849472
1482012703606591493
1487304242612387841
1486867962250235904
1486816423926185990
1483603948879630341
1487023608903831554
1479805878563975169
1481953086084112389
1488072478287138816
1477920796639219712
1480281110512865285
1483817702527574021
1483767547816206342
1486860242851794947
1477437394211246080
1477174054146940929
1487192735148920834
1480665452057698307
1480149000300937217
1480887040141111297
1480175087944937472
1486093155284004867
1483741761977655300
1482078968249524228
1483567648570941441
1483089784390180866
1487231673808863234
1482640825561534466
1486821431941947398
1488131870256549890
1483795807551823874
1487374748153753600
1479773436431982597
1487188599871266818
1481741985992040448
1484261580175032325
1483750462943899653
1486641169408925699
1482135972531916800
1483502239918477316
1486788434018676744
1482452641963778065
1481949198237020166
1486797978417332224
1486770352118140930
1482106480484622343
1486759964848922626
1486805818754355201
1487278677536612352
1487231278080528386
1483216106500276227
1485636379073732614
1482037408132739084
1483418230534332421
1478248971151757313
1479762032421392385
1487494103340396550
1486751887688974342
1487337536108257281
1488125471464116224
1486827258635374592
1484194114065346562
1482064901338066945
1487434372693245962
1487341663911653377
1480503518867951619
1483730292410040322
1477353933832134656
1481983839492878338
1481052346574684163
1487204883497377805
1486997225876111362
1477357569408647168
1479739380663308292
1486922327006846976
1479901503137722369
1487044526963412999
1487145473421021187
1485967601062797315
1479942113408294913
1482122940724432897
1482787285963878402
1482435186658844674
1487906619455197188
1486772365816221699
1479815605855338498
1481985262859214853
1486764889297219584
1486799573506998278
1486780472457891843
1484454531853438977
1486933824902774789
1477594000949493762
1486269282786889728
1487170739845353473
1487183682377031681
1481978546084093954
1481801875271921668
1486768551818002432
1483450976023556104
1480629239481262081
1478334441160384512
1486733981877878793
1486766812842926090
1484857812106817545
1486775224943136775
1487404641860173826
1483426840920432643
1487008775068217345
1483408184987504644
1487189344901378056
1480554621294854148
1481984617909559297
1487196708350177284
1486766351012306945
1479468653120786439
1482302565161308162
1477838797027033092
1486820403121201152
1482038286050865156
1479759285517176832
1482026122707668996
1482146976984674306
1486722116602892288
1488128885275303943
1487043150715703296
1483554852089344005
1485637021183975428
1482045507346255877
1479893054727372810
1487261577308880898
1486792646479781894
1487199008485523456
1486784401153396744
1481085995411935232
1483572465980874755
1483896705082961922
1482316046740692995
1486731278493753345
1483709272697487360
1487750284302376964
1486764046044958720
1487052526654406666
1480896146579070979
1480001759565303809
1484283322524123136
1486804507547811840
1480889376552980488
1487153137135890433
1488129087348428806
1482310940775309312
1481755397698600965
1479998423612940289
1483837276648095747
1482729831662034948
1487032168425660419
1485504313116041219
1486811024422408192
1483530703124025350
1482103133971128327
1487123320512606208
1487273868641320960
1487198313942335493
1487178139516215296
1487155610885971978
1486804628331139075
1487179175370936320
1486798828242030594
1486804757180260352
1479796871514238979
1486814999267872771
1479769915171221505
1486742965804572675
1484315716639551493
1483505855744163840
1479794325353549825
1486736494416908289
1483991427076005889
1487244493615157249
1484084639912366085
1477400344451813385
1481997194798546949
1485886803127246849
1483848279964196872
1488128124390838273
1477086151605460992
1481076660694831104
1483730390514819072
1486771378804166664
1485343080194711559
1480399946314657798
1486771885727649793
1482080747653668875
1486816716697001986
1486762399201775616
1487132527525515265
1481976315205017604
1483504287330222082
1487649226918039554
1487197498305249280
1477341153825538050
1484152729601810433
1479770126912147456
1477761239241539584
1479759715659915264
1482902940025245699
1487049839267364869
1484313369024761869
1479747832710107140
1482022333661556746
1482736690213044225
1482041111203954690
1482128521182994439
1482078290185707526
1481970090463707144
1483513073239478273
1477070104819032065
1487358034477305864
1482131861916766209
1486817246727090189
1479786895731163137
1481951255375327233
1481352147103010816
1481975045668982791
1487150207305502727
1486801125940551682
1481951511433338880
1482080669782220809
1482050788809711618
1478019867500498950
1479729931722674177
1481664295700205568
1486805102514081803
1480176283996860419
1477358012562120704
1486725584583495689
1479752773877051392
1486914897342607364
1482122856649707520
1486827677164007428
1480702997382545411
1486888180880080901
1488254984772849667
1482778421944070147
1483507276057092096
1479923229796012038
1486081293104205826
1487088746059108352
1482459431539552260
1482105780262293510
1479829121299537922
1484599490866819072
1486781616043134976
1481418278732025860
1487162029223952386
1480610646391758849
1481319159363428354
1485723455194497024
1487069577150447617
1481268055976120323
1487335840967757824
1483197560512778242
1482086726537551872
1483351693131755522
1483233768001486848
1486325991509159937
1477367666822291472
1486748925080051712
1479876252056096772
1479799144579534855
1486787640154202113
1483797059698368517
1487179182090199045
1479773378860830721
1484075019659587585
1487170879461249024
1486749340408463362
1481874008253644800
1483504915314053123
1485668963577118725
1477393242400468996
1487238626777960449
1487139499134136322
1482754439870038016
1486950487526019073
1480980482435158016
1487285345091657731
1483146340637020164
1485788738936446976
1487150945637216257
1487096998381555718
1483483380046049285
1482060075330068485
1487018989834235904
1482008825679028232
1480945032660193286
1486907635236577284
1481198395154960384
1479883199819956224
1486766778336178177
1487093223319293958
1487178553502355462
1487132752528822273
1483735881701896194
1486830883424194563
1487297570674257923
1487119690619043846
1482012399205031942
1486498309267202055
1487030657326923781
1488248944249348096
1486816276722995212
1487128359620521993
1478430514453397513
1484589429134082051
1482847851939971072
1486905641180413952
1487066217470840838
1486792257680261122
1480201950482345987
1479802012950749188
1477183506581049344
1477358293098151944
1477392307741769729
1480996080359776257
1486380936329674755
1483004255405416449
1487163381996036097
1485085950380232705
1483546667710308358
1485266126854664194
1486725411681693699
1482461543161860096
1482023193753829376
1483519850710503431
1487108529928347648
1486806085889667072
1487595549763244035
1487086187319857154
1483477795787485185
1487246737395916802
1487436734375743488
1486746482090778634
1486751139265597441
1481693800502337536
1487424817720545284
1486793843685007362
1483783805441871876
1486732976725454860
1477210774569373696
1486590417537802241
1487071571088855041
1479736174168182786
1487315955583799296
1482097131053846532
1483129941495586817
1487414298188165122
1486814296315158531
1483652732867260419
1487233054766772229
1487070233978408960
1477580182676455424
1486862653100380163
1482372074266140675
1477076053059375104
1480472156836405258
1483723661324566534
1486793712692723714
1482302978346426376
1482047872937992195
1484260524120588293
1486799185441693699
1479801293560504321
1486781980461215751
1487140890422431754
1486777379825541122
1485672201651163145
1487244527819702276
1479861541008728065
1482576979320836097
1488209283300921347
1481704141747634180
1486859547876610051
1482125279732670464
1487567342783516672
1479802453256200194
1487122630675243012
1481997332099051522
1481321279928119308
1481754151998611470
1483851676884684801
1483697476515160068
1483526600616464385
1477709973803130883
1479780460289011714
1483458176058077186
1479151936326746115
1487249790643490817
1487167805564891149
1481991267160666116
1486781529636446213
1479734774851723266
1487119537677942784
1482109344061829130
1487580902796533760
1487203121046638595
1486738871404703753
1486881428151353349
1487137646291959813
1486752829821829120
1487479827401687041
1487584850127294465
1486889419856650242
1483179808838328323
1483499907319275523
1482038631019778049
1477362150205267972
1483679939706638340
1487144080048103429
1482790835343265792
1488125454552760320
1486769310701920264
1477324010149105671
1487408329466990595
1483414899141271553
1481957345362071556
1478990600624128001
1484350518960869376
1488169793106563075
1480703199178805248
1484055153846202369
1483833427132624905
1479473575228841996
1487087031503052801
1479744179370606595
1483399572554661888
1488257123385495567
1483713541047787521
1482014524429541380
1486464908854243332
1477206709827420164
1484790910730833924
1482259072422498306
1483042646687993866
1486728469627080710
1483504450673201156
1481953287817633796
1486793191064018948
1477914275465383936
1480665367383003140
1481796153800810496
1487846747804246029
1483193179553906694
1483186215407046658
1483794232804581383
1484836147331219456
1486978876437901314
1486397292563222528
1487077484713676802
1479880755660701707
1486892094429941760
1481930684960759810
1487132358058856453
1481369038445965312
1479741716634681344
1486722215215206412
1483195663429120004
1483870786368811009
1485157793258778625
1483758014176051203
1482712449274896384
1486749093506420737
1486788036281126920
1481945607791001600
1482075729777115142
1481682471708147714
1481995980610449412
1479405326051037184
1484865403729895425
1487220280728690689
1486761116986318853
1482742795827879939
1487264469407444993
1479777619667296257
1479771682088837123
1487159323830726661
1486730353796476947
1486915264079822855
1487139520336338952
1477379949069799430
1481951864342126592
1484268805484421129
1487234474639343621
1486909167826833413
1487063042844246019
1486898939509059586
1481705650115817476
1483587653656272901
1486823377163538433
1479887713298010117
1478064711136600064
1487122014724841479
1486688046116442125
1479818825105391622
1486840496974561281
1484144586083770369
1486797330422513666
1486754173513191425
1486884766288789506
1486892747818635269
1480726957029482497
1482466081591762946
1486768212624695306
1486814385620271106
1487510889888575488
1483799470580150274
1487081732704813059
1486926774395191302
1484578162952527878
1486761154613432320
1479529175233056768
1483737845844127746
1478201791531597826
1487384128890757122
1486773524366831616
1482056303480508416
1484434091198062593
1486746201688973319
1482175033057366019
1481985479037886464
1486892056652001288
1483416422126702600
1484230555176742914
1487417068815327234
1486777499904323586
1487029247927623681
1487128847569108993
1487143002967625728
1487323809191497729
1479800829943164933
1478301557477236736
1487074529880932352
1477250901119229956
1481970258609160195
1486759713224151049
1487952273724432386
1486759917029511173
1483443491363430402
1479505739202891777
1487150001125953537
1486886554127769609
1477203896565174272
1485953495886925826
1483827563780792324
1483308982089490435
1477627708905504769
1484897147648675840
1479962881529634827
1482150721353138178
1486895998022471682
1481318665748299779
1483752462855069702
1486490409211764738
1487137342594990092
1487068329072336897
1482719928809623560
1483406357562806273
1487849869721190403
1479743722892009472
1488100050349789184
1486828082908434434
1478754732499996680
1487522535348613127
1486743319178887178
1487100348531720202
1479534007280975875
1483373011466080256
1484783727322402817
1487445168605253638
1486845395363901446
1481880164250357765
1485670953866698752
1486745272164274182
1482310659710803969
1486439233678032896
1481962704898301962
1483202823890227201
1479889361755951124
1486837456418717696
1483576734578618372
1487148632424034307
1486868153657278464
1483750222111121410
1486859657402585091
1483735928329887744
1486949553685164034
1483467123720658960
1483546571233013760
1483795730162724864
1484705792926392323
1486892947224281097
1477075567589699590
1482040700967567361
1487119110723014658
1485605644258455557
1479968610298875904
1487128380726202369
1483222340561420289
1486124466027433984
1479821888193019906
1481988164961058817
1477918339964055552
