1517283686684803074
1514254433034674178
1517602111814471680
1517892921445470216
1517497998275657728
1514178332333645824
1517076916758536193
1518465300441833474
1517549034151591936
1517256421787717632
1516885465743429633
1514945463031455744
1518351407279230978
1517091288595763200
1517160038086885379
1517105645450899456
1514549368359108610
1518305803056332800
1517046919842959360
1517037700418838528
1517458309191802880
1514230121124835333
1518653879197618177
1517132502590128133
1517113669607428097
1517272362403651584
1517104385192517632
1517508446119149568
1517043153324421120
1514190052456292356
1518285138827882497
1514342381490950149
1517122748073578496
1518297606589456384
1517758015776210948
1517089249979518976
1517153570826559490
1516947731390111744
1519044786547658752
1514726299968942081
1515318548557611011
1517494226023559171
1517135178665058304
1517526704226541569
1517074575842058242
1517100572461129728
1516539371821965315
1517188025729662976
1514502846342914054
1517070953980870657
1517401607683649536
1515928606052163587
1517051209084977152
1517183412712394752
1517101559548686337
1510698853619613697
1520175854885740547
1517058679295594497
1517501841097072640
1510378567259115520
1517504919590387712
1517009999729410049
1514216252385943564
1516784322522591244
1517061134293114882
1514331621654159365
1517051723155746817
1517097069932077056
1517800513710051329
1517601313047162881
1517120551948632067
1518373112169041920
1517097969052528640
1514193667891908612
1518991084575154180
1517077547548352513
1516532019857182720
1517078803239079936
1517443886448365569
1516524297329721345
1514297012090515457
1517140688038637570
1517069943111622657
1517203292606054400
1517816518255558656
1517233350490177537
1519707711885258752
1517157619714203649
1517402853714845697
1517888535780634625
1517085808699793408
1517752885920079872
1517101864638197761
1517120834707640325
1514185652036063236
1518291300361154560
1513091882007638019
1517234036195958784
1512411038884507650
1517308234104819714
1517201709117976581
1517110048195063809
1517039145239121920
1517239375091875840
1510274431771418625
1517121425227894786
1517161946079920129
1517059211854852097
1517065375069966336
1517467697537241093
1513692311321939968
1517573244055920643
1517095210630754304
1514298838403751938
1517054935065632769
1517490791584780289
1517074141005897729
1513628235568926720
1517533925349994497
1517465698473283585
1519577776101150722
1520049701663428609
1517506703884959745
1514238906681724929
1517074780511473665
1517063005359546370
1517814771453681664
1514207334997938182
1517563870575013888
1513214082345754626
1520187119309893633
1517447509899157507
1514328991792087052
1517451753620443137
1518342908881121285
1517455785722273793
1517135201792671744
1514280252482203648
1518388378261151746
1518339344012087297
1517892307642720256
1517089638376161281
1517111642898763776
1517238508242489344
1520503701365997570
1517629896448782337
1517057582875164674
1517045992545214464
1514961767377641480
1519037487506669568
1517499536968663040
1517110065836216320
1515131030092627970
1517158555534639104
1517054011542802434
1517088461668466688
1517053704557453313
1519921161701892096
1517481978727129092
1514510116866904067
1517048361383346177
1517057181237010432
1518504926506373121
1517077636454957057
1517455702809264129
1519713494270152709
1517144371803525122
1513885236836409356
1517089865816543232
1514176905750142980
1517542185931051010
1517068541261979648
1509769601520963586
1517521910179020801
1517184649805635584
1517116038550368256
1517475001057882113
1514328626073899016
1517852484332621828
1519907431555477504
1517041083632529413
1514231077623287812
1517118764185182211
1512269487617179649
1517141305595351044
1517093193761923076
1517087073991278593
1517202254327070721
1517196285576626177
1517472006576431104
1517512369458536449
1516826165150994442
1517052073174523905
1516813634726502402
1517549195917471744
1518332548384018432
1514904727896666122
1510238893882454018
1517127515961188353
1517066547398914048
1517614889119985664
1517577614147428355
1517706740992823296
1517216961637150720
1517500833314787330
1517187419275247619
1517115400286310400
1518294505874722817
1517196058560020480
1517105470716137477
1518373455275728896
1517272714591064065
1517048013314838528
1517073616810164224
1516840807860424706
1517094854123266049
1517134019242369024
1517083144373030913
1517110247583846401
1517173851884511233
1517638518591344643
1512584250150858753
1517461796122251268
1517512050112614401
1516944445341536256
1517101581057015809
1517050966771707904
1515329104945442816
1519707847034122241
1513413695275077641
1517447897494736896
1520174373696684032
1514246679511375877
1517238031538864128
1517035196314492928
1517242186995310595
1517115293197377537
1520459309074817027
1517062031182118913
1514474037422010368
1517240825545166849
1517494866292396033
1517188898656600065
1514000788644896774
1511455497873985536
1517093382169972736
1512035149780815876
1517113128516993024
1514913810859147269
1518310299845156866
1519400466358374400
1517579197220372481
1517240519964999682
1517188574352977921
1517118769109381120
1517087376111243264
1519085119188910080
1517047898130817024
1517612504872013824
1517113846401585158
1518273360958005248
1517123726613139456
1517103531911794688
1517080884180094977
1518664690305736704
1517081080410656768
1514194815910621185
1514192141463003137
1517063242534866944
1517206325717000192
1516407927757844490
1517174375757328384
1518456050369929217
1517545057649364993
1518178124642627587
1517086892113682432
1517071561295077376
1517085446957903872
1517051517701873664
1518485948237029376
1514678282075185154
1517055609811656704
1517123652113903620
1514209177220141058
1517272534458290176
1517112563657498624
1517141693463613441
1517057550356783104
1518330516671545346
1517130759206752257
1517215874700267520
1517147552830738432
1517055929245646850
1517128552935833600
1517114698256293888
1517101158136963072
1517079949148045313
1517078949049819137
1518287992024096771
1518510192509571072
1517021476611833856
1514178617697308672
1517527781105668098
1517042017129439232
1517176519529054214
1514194906381754374
1517071950551654400
1517041698999783424
1517804485267144704
1514246247112232960
1517260465658863616
1517147122285436928
1517449868666720257
1510554298198990849
1517110074765885441
1517115070723104772
1518166938421276672
1517664291930914817
1517230800680460288
1517097228162281472
1515778570580217856
1517124143476527106
1517060433500413953
1514151537509081095
1517186547006808064
1514220017327484934
1514165927352414208
1514268166146375680
1517091385291247616
1514277048436494342
1518612659519864835
1517227973258186754
1519707721041383424
1517250396321943552
1517079622000820224
1519712437276131334
1519284214809731072
1514486039573839879
1516866145600557059
1514731209242427398
1517065905011888128
1517604648097517568
1517282673366032384
1517144454414569473
1516853587099410432
1518271941169360899
1517228521931878400
1517096586249187328
1516882445190242304
1516923011311583234
1516866153221525505
1517054504176398336
1517482915764002816
1517202465397284864
1517110445374595073
1516827726434476033
1516855651695476736
1517049958725296129
1517495464253431810
1515778376325160961
1516879751742435329
1517119431620677634
1516855754191515656
1517125580042420226
1517037816345239559
1517284924000284675
1517155236313325571
1517132865812811776
1517095560968380416
1514156953764868099
1517903591058595842
1517219668049735681
1514580054482858002
1517031860370558976
1512302298264965124
1510258701680222210
1517102415836852224
1518720306352992262
1517229407336812544
1517150084248399875
1517074820596473856
1517072147469979649
1517472926106271744
1517415434114510848
1517089003891310593
1517118359032274944
1517054857261293570
1513161502651555849
1516971940522741760
1517151359698542592
1516707671411462147
1517398415449153536
1517410158078529536
1517076621051805696
1519693995055718404
1517288417167560714
1517212871515590659
1517179142327967749
1517104258549792770
1517498442112720897
1517074276914016263
1517569639886299138
1517058798283804673
1517242674541125633
1517090954645327872
1514159975442046977
1517413732422500353
1517139766835220480
1517219405075304451
1514188954442121219
1514200180962349060
1514151459406897153
1517401440175759360
1517207246215778304
1513991568281280513
1517088444379451392
1517584981140328449
1517046492401475585
1518971775459250179
1517627683265462282
1517686088516653056
1517143583148576769
1517389430738325509
1517104047995879424
1516911962587869184
1516558229915983876
1517336884237721600
1517134538807205888
1517054090911625227
1517075761999532033
1517061725857722368
1513623708342042626
1518495315321630720
1517032787454406656
1517086251576397825
1517064346064543746
1517052954041364480
1517480797598531585
1517104298278195202
1517068343852904451
1517059567737262082
1517034072144551936
1516519613139496964
1516490022979051532
1518345253027209217
1519339208598564864
1517118389277368320
1514230020499283979
1518302366608642049
1514353522015363072
1517340745274998785
1517507509845700609
1517626819398176769
1517047923699240961
1517197903537885187
1514290873311322117
1517044535439859712
1514309330799054854
1517231014271238144
1515319545430364164
1514231508374069250
1517542751256170497
1514330129501151237
1517181587699417092
1516902453035388929
1517204215990558720
1517389763459923970
1517087988207001600
1517238945029017601
1517318083349725186
1510557704951054337
1514182214438817795
1517525643247992837
1513576675782631430
1518543105359761409
1518272738040889350
1517344190077808642
1517156535360798720
1517218071924162560
1518535605872959488
1517806209755238400
1517256665074180101
1517209426729619457
1517622333766262784
1517122036799348739
1517504452869120000
1516865419994447882
1517489236324364288
1517089781238411264
1517048166985650176
1510228534853357571
1518315132551581697
1514217561835065351
1517066483758686210
1517905276325748737
1517035510635577344
1511086431703289856
1517055567466049536
1517473950405738496
1517163103510745088
1517043928209498112
1517104838399692800
1517433756528918528
1517145686042550273
1517114637589823488
1517405074653392898
1517051887261990912
1517137562707456001
1517744300972560385
1517052239147372546
1515739203614695430
1516439432378961930
1517386405584023557
1517437880028782592
1510395547760271361
1513496341925748736
1517073025971236864
1517128994898038785
1517080990161817601
1517108096639844353
1517060261462654976
1517231807141453829
1513905919909928967
1514156587828629509
1517102160831565826
1517155669463289857
1517179087252443138
1518353056081096710
1517445960485543936
1517375884604416000
1517104384252993537
1517080544441520128
1517060521308168193
1518250729487613952
1517210827346128897
1517388201492729856
1517350884811972608
1517496593079013376
1517398454703640576
1518512882715172865
1517234677081325568
1517156708035952641
1517147041104683008
1517245897356328962
1517098747754340353
1517086128767213568
1517400490518233088
1517842612102864897
1517109126387707904
1516528713109852167
1514215644933369858
1517656282794127360
1517197870943899648
1517092404972687363
1517245579746816001
1518691247170457607
1517094749915725824
1517214480219914247
1514651996833341443
1517095058146738177
1509832106825900042
1514296754602135557
1517475733123342336
1517448857080246274
1517384311925882880
1517211459641618433
1514378734878474246
1517235089549180928
1517064960421117954
1514860986112610306
1517701458031906816
1517475022591475712
1513894112637956098
1517108602070306817
1517358378548449280
1517054334642659330
1516805328943427585
1514361103610007555
1519914157805608960
1515745949229985796
1517176136333242371
1517107019957911554
1517048565666877441
1517120868157214722
1514188327657914369
1516832274356084740
1514156814979502083
1518273464943226883
1518385283317784576
1517303096250191872
1517148414907019265
1517056143880867840
1518351049949683712
1518326357884813313
1518290130821394432
1517149311275995138
1517146459035996161
1517145831689703425
1510959120010158083
1513980661610262533
1517044025936723969
1517080373628448769
1517072629185789952
1516931819698102274
1517107821199958016
1514366356694745094
1517524232992960512
1517186437262761984
1517071885078519811
1517041709678538752
1517040420684976128
1513989931219271685
1517149657922564101
1518631192005906440
1518330330733854723
1517470597764337667
1517255322309734400
1517250698660003840
1517133641603686402
1517489148906643457
1516730454447116288
1517157757387894790
1517110823621042176
1517589099061915653
1517001828667478016
1517108248331145218
1518063434797047809
1512042651033477125
1519300736995184640
1517518101696466946
1518346945756114945
1517172789903560705
1517168718329036803
1517478439170842626
1516921041452515328
1515123706359595009
1517254186068496384
1517199775027896322
1519756315555475457
1517235378134077442
1517061818459607041
1516823267990020097
1517407799793397760
1517225217906679808
1510647231858327565
1517068139665805313
1518287641518690307
1517093363605987329
1517136656557477888
1518621583962783744
1517050944617336832
1517553788818702337
1517106821202329600
1517239249422147586
1518567575034212352
1517255415813320706
1517089215812673537
1517053148422103041
1513257397154119680
1517131483030470657
1517076116078571522
1518344343861538817
1514310513869660165
1516413315957903364
1519719100234280963
1517287784565907456
1517447174698803200
1517523611887747073
1516882328123023360
1517207541578711041
1510559094742130690
1512239660419928076
1517447506468220928
1510305201596547072
1518134286637015040
1517085364292362240
1517051520449196033
1517043258286870530
1516508059262144512
1516725087646461956
1517197563740438531
1517130628608761856
1517116324891222016
1517072861139251200
1517132428346748930
1517044216890900483
1517237086830698496
1518474017526722560
1515080677468917765
1517382119575764997
1517480052346216449
1517103462303027200
1518328999298187265
1518292045366022146
1517225610334306304
1517240317174497280
1517106745277038593
1514215057437175809
1513089093084848129
1517210129116147712
1517167841560174593
1517060885461745671
1519682998542782465
1517075245940842496
1517102032494206976
1518950864387465219
1514348282142679046
1514197042578481153
1517112395562373120
1517127951317450754
1517650615865905152
1517501828379852801
1512650144415633412
1511629614904401920
1520295552382025731
1510614977396330498
1517133595457900545
1518325428372582400
1517184878420365321
1517101603869933568
1517053608772218882
1517324737848004608
1517161613870174208
1515318722197528581
1518507855686643714
1517161966967664640
1516834726224572420
1517781668559474690
1518310904378626048
1517645686258479104
1518295120118005761
1517078411130413056
1510572983563210758
1517613221645099013
1517123634535575555
1519753567795617793
1517060741995671554
1517460332733771780
1517234239162527745
1517503518688563201
1517150513980010497
1517254844742090753
1517248230974791682
1517209314166988800
1517207895712092165
1517777119694270464
1517118240253779968
1513691906189967373
1517045679675244544
1517099947019186176
1517100344974708738
1517344072545017857
1517053705954205696
1517388478417416192
1513086786536419330
1517025923350020096
1517251083940384768
1517085544488050688
1517151727383826433
1511832019822694413
1517108609590702080
1517218810721357827
1516823707230130184
1517573971222355969
1516524711383027716
1517539912618328066
1516840298147721217
1517550155263881218
1517025776671068160
1513113159141310466
1517557362428723201
1517079126238285825
1517138149067030530
1516908825806315525
1518316622200590338
1517136998120624129
1517638465990582273
1517574867536723983
1517119766078631940
1519603752554143744
1516821410680868865
1519504635756691456
1517232909807149056
1517494280532680704
1517077229175455746
1517236752817213443
1517344902694244353
1517076562243428354
1517170297442549763
1517055192331661314
1517125578041741314
1517086182768881670
1517206587567390727
1517143630128984065
1517485892440580096
1517049694333161472
1517796457637679106
1517802426413293568
1515318990117105676
1517123357983973376
1510272689860136970
1517096508113494016
1517271799968509954
1514217398957707265
1517104816870375425
1514506593227919360
1517050018313777152
1514263092703678466
1517270116068732929
1517125208280387584
1517098244316221441
1517063369546776577
1517046690666139648
1517155379070742528
1517494766262444034
1516832845754515461
1517129918416621568
1517828870904373248
1517067559593463808
1513884990219722752
1517055275089465345
1517103547334246400
1516768254492094466
1519037989917237248
1517088679235399680
1517047289503793152
1514151738009591813
1518582927583584257
1517116042287407104
1517138886320787457
1509873722303389697
1517194671667261441
1517451128945979393
1517721243104907264
1514297395697356801
1517065499619827712
1517078518210957319
1517045534699266049
1517044732555415553
1517385751448727553
1517191988185116672
1518663586473775104
1517211705914310657
1517121812810899457
1517089003169894403
1517078346072563713
1517056367919611906
1517031901017477120
1517141273081094145
1517254116782784513
1513596854746992644
1517650579320885248
1517390404831911939
1517102779944378369
1516921176676868099
1517100607710150657
1515538676637474818
1519613908788645888
1517241873001328642
1516408579934330893
1518325585616986113
1517496563110715393
1517212903312707584
1517419577696821248
1517151024074526720
1517483489549029377
1517118545565474816
1513903321576321026
1510228029016002572
1517149939477876739
1517953078724505600
1517188684428328963
1517504185809485824
1517127666658332674
1517145797120253953
1514644202138869760
1517228159472750594
1514214301443452932
1517212898174590978
1510273576024293392
1516850019139260420
1517056722443067392
1516455255336230915
1518283691050651651
1517419468149989377
1517216583998971907
1517162614278737922
1517086592762101761
1517084978504478721
1519719596319723525
1517882902725513217
1517150961579438080
1517157696067325952
1511915127825698817
1511574881154093057
1517156816744062976
1517458913771278336
1514938682385567746
1517536597733953538
1517221943082209282
1516822392533827588
1514549214453370881
1517083305774133248
1517084845452713984
1516811730625650692
1516884831522672640
1514343445426589699
1517032890542002178
1517186231221821442
1517593505295749123
1517044260314488832
1517259251844096000
1517034427255304192
1516462059701030917
1517448816034828288
1517058163345960966
1517180908025098241
1517145477065560066
1517230782141677569
1518545525611585536
1517180974873858051
1517091129556090881
1517221107253841921
1518350038740709377
1516878464141434892
1516746080066617350
1517120503680544768
1516484316850761729
1517150722755743745
1514248633620832257
1513897901839339527
1518638205783969799
1517132029439188994
1517651841550454789
1514231960834654210
1517052624205455360
1509917598925963264
1517144447212949505
1514486297594937346
1517541177255505921
1517245335835488257
1517058969797369856
1517533682252357634
1518381881649205255
1520216828936478720
1514511360423571457
1517232287074693120
1517007364737716224
1510554385008533504
1517131228910075907
1519711987491651586
1517134481756463104
1517271498146390016
1516762041347977229
1519551970155053058
1517046934724296704
1517069583282319360
1514190912829771782
1517055218399203330
1517105053299003395
1518477559964393472
1517291414903787520
1517166917546647552
1517123489639145475
1517096569346084864
1517040591107932160
1516924217236803586
1517166329937244160
1516404690996584457
1514517183497388034
1517081935184551936
1516444967622823941
1517490514437849088
1517221047929561089
1514291864698032133
1517039028071239680
1514179670224343049
1516548474770272272
1514211918969417730
1517495504325812225
1517094627580555264
1517617027896258566
1515443538045112325
1517272880052064257
1517195310791106561
1516718892944662536
1517072060173987840
1514179137279307784
1510652573954580488
1517609238981394434
1513913522312339458
1515738940325646340
1518139068068020224
1517117722831859712
1519245754283573251
1518448642377629701
1518452889513041922
1517170696018964480
1517537471361396736
1517128611987431425
1513922939770617863
1517395932383490051
1517236694239662081
1517059583805730817
1517165117355528194
1518470927125819392
1516467964412837891
1514181106886758401
1517102943367045121
1514171739625959427
1517406757521399808
1517865051083870208
1518340380059652096
1517874432236208134
1517120664783704064
1517613074030637057
1517068943227179008
1516838747081482242
1518529560068993026
1517223673580634115
1517050063486427137
1517250320908357633
1517234990140239872
1517828233445756929
1510433861565657088
1517811180424863749
1517084627797692418
1516069752917082116
1517139551797489665
1517245271234781184
1517209418076672001
1517483791832723456
1517528098681634816
1517206675056386049
1517126533655273474
1517234091619409920
1517154384232124418
1518486283382890497
1515776400959184904
1518272359404347392
1517217492330029058
1517150067781644288
1518447607940632576
1517257134081286144
1516726496047640576
1517417048258797570
1517261830556733448
1517257921440231424
1517150760445702146
1517146643832860673
1517048737817890821
1517112969724899329
1516482670720598021
1518956625649938438
1517099066865467392
1517097657717694466
1517401728836153345
1516502597234012167
1518390476143005701
1517118795361488896
1517105635447521280
1516921605368258561
1517087448370716673
1516914990476836866
1517508425890029568
1516422768216231938
1517497262380924931
1518306855663063045
1517146047335702528
1517533060358676480
1517431598572085248
1517146973886844928
1516912497571340295
1514156439190835202
1511024922788868110
1517108813832282113
1517085096569880576
1510567986306109440
1517150814153805825
1517298650707279884
1517423675598909441
1517300775948632064
1516406714815426572
1517499032540790785
1517043660386410496
1519887802330238976
1514250071428194309
1517152137062469632
1517142336697868290
1517507207243440130
1517108387745574913
1517097687673458689
1517578461006778368
1517201661541945347
1516894503428403200
1518487024294150144
1517493680529100800
1517158288273526784
1517056680302977025
1517051726813147136
1517130265033953280
1517048127596994560
1514156827088457731
1517140591011762176
1517536531585675267
1517194740046958593
1513954323964780553
1517049789829226496
1517052515417837568
1517264294198616064
1517236281071357953
1517127247127363585
1517039820685594624
1516856303682994188
1517166964510232578
1518508513521291264
1517661488260997120
1517484313041854466
1517493779044786177
1517129169976627200
1517050832704921606
1516878241801416704
1517150549644222464
1517460092823687169
1517074892482650112
1520436684713873412
1518339266065186822
1511248509521080325
1517100250984599553
1516402517378318351
1513864139453652993
1517096219541131265
1517169063700615171
1517108881821995008
1517052304997994497
1517070829049323520
1517502942349246464
1517505731125293057
1517242431300939777
1517108795448643591
1519633987903315969
1517090539644063745
1517186641638604802
1516812521675665410
1518239058564157441
1514343605858623498
1513132556304199680
1517208351486136324
1517086009011417089
1517161606257520642
1509800473410347015
1517764931495550976
1517452627281391616
1517179799181180929
1517082244040568833
1514329818233462807
1509796924488044573
1517203137286877187
1516448491165429765
1517449158357098498
1517051019942842369
1514480002351382531
1514275561220329495
1517129735490441220
1514503912669261829
1517080373372628993
1514528075794591751
1517130374123511808
1518129138242138112
1516510871706550278
1517135772259917825
1517117375019163654
1514496275026227202
1517479453349322753
1518448485644877824
1517184226571005953
1516948910459260928
1514380135671246848
1517064248446304256
1517239031314137094
1519706867840204800
1517754207729864704
1518298204877602816
1517500034098638850
1517137573352656897
1517092851292819456
1517073585931759617
1515261714601857024
1517551739985092610
1517593816412397575
1517084036161806337
1517158130794196992
1517503460060639232
1517092473276973057
1517254713972035584
1516821274517028874
1517053793623494656
1517247222240489477
1516927685339099138
1517129553109569536
1517781401612996610
1517622007315247105
1516811434327527426
1517113839225036800
1517367932824825856
1517110029123559424
1520428360698142720
1517210651952832512
1517098256853082120
1517159857597685760
1517123809278636032
1517837252096892929
1517356964539514881
1517099560178495489
1517077272397852672
1517146143972462593
1516881395435646976
1517051751169470464
1517092902966603779
1517246471258652672
1517235464595558402
1517228525132165123
1517054222633742336
1514284228783091716
1517469473871122432
1517800459804807168
1517146983940562944
1517625891534385155
1520112478771990529
1517147093218906114
1517095369460666368
1516839381214154754
1515949842220130305
1517127107507273728
1517391769595428871
1514247925202890753
1517071019739172865
1516811862159110145
1517123502947643392
1517402115047571456
1516424806811459604
1516484229672153088
1518288328885420034
1516794414324240388
1520422000212205568
1516890704454332417
1514156012785307648
1516425363534008324
1517197560053653504
1517082777161801728
1517105410548899840
1517093912426463233
1513624856981491712
1517109620921319426
1517235841181134880
1516878064281653248
1514486368755462144
1516920585053425664
1517212880868986883
1518303414362513411
1517153780445302792
1518529931063484416
1517062676555476993
1514567502529011717
1510605025197891584
1517787287404351489
1517084073340121088
1517005686290644993
1517469195570716672
1517085075413913601
1517104483741974528
1517116178480582656
1517045754312990720
1517081361676443649
1516913568461082625
1517521543571689472
1517177792412241920
1514367962014265347
1519714488760549379
1516605931836125186
1517494153445187584
1514235556456284172
1517961598702395400
1517044178181632000
1516517564259651589
1514156542911819783
1517252923163566084
1510853649278324738
1517228676349411328
1518242558060728320
1517086196198948864
1517074087138496512
1517062095518543872
1516862057966096387
1518278967597355008
1517127760203988992
1518349155533561856
1517047395237912576
1517046462710005763
1513706996343754753
1516868519136309249
1517173191264845826
1517033988367556608
1517739982491893760
1517088191408480256
1517639509101453313
1517768591969505281
1517120389780058115
1517820327480508423
1517148238511362049
1517266364800679937
1517129035700224002
1516402685603364866
1514246213146664960
1514218304868659214
1517062952465186816
1517431478073937920
1518507610076598272
1517628890075652096
1518579485364428802
1517162939400265729
1518961606184476672
1517107307188006913
1516356526235078661
1518204808167141377
1517187499671662592
1518328687971737600
1518155617810137090
1517416863214579713
1517053422352089088
1517412845125718016
1514340283038806016
1518116500271513601
1517488216030461953
1518470102966022144
1517182954736398337
1517091571560235008
1517070411007148037
1517142394247909377
1514370823460691982
1517587275135143936
1517136861885464577
1517325173988511747
1517126046155481088
1517111076537708544
1517071873007304704
1517066343916445697
1517135271233421312
1516893328813473794
1517494208810164224
1517476151098290176
1517123146419216384
1514183723264229377
1517069763985518592
1517473582556794881
1517598827733303296
1517281005492707328
1516874686419943428
1513513091178418178
1518534534601580544
1517141294283337735
1518474598693707777
1516422256938913809
1517787422347698177
1517272922737491970
1518539678424698880
1517089302987030531
1517088027264311296
1517223500817313792
1514216050350510080
1517106322277285889
1517152377517711362
1517401419921375233
1516552185714253830
1517892928886161408
1516757301603971072
1514509521103826948
1514205349934694408
1513696552203612162
1517057395561803776
1517148953564700679
1517079002132926466
1517171624428060672
1510869045213601792
1517314657693974529
1517235651242074113
1514222869366067206
1514245662031941635
1517120990735708161
1514316913077329934
1517447075859947521
1517138494354640896
1516440605949403137
1517269182374629377
1517158487859417088
1514935649488580609
1517537866464874498
1517051743871324162
1519389162943692801
1509949849445310473
1517077629777629184
1517806339795398656
1514181858485014533
1512937081563189251
1517723321886031872
1517148910275375107
1517577350770266116
1517195957976408069
1518601787489624065
1510109489063673856
1517058692629381120
1517041545261768704
1517085847874646016
1517587683962458113
1517228054694801408
1517806148858044417
1517255802867826688
1516839871607881730
1517150407402790915
1517101380787449857
1517066660288634880
1517259191534166018
1517082369861238785
1518201396750864385
1517054658052820992
1513989248583704579
1517194767439994880
1517650674871373826
1517505127220924417
1517063646538612736
1517043015579312128
1518282311732711427
1517109627447660544
1517199313822265344
1517263155390525441
1517093841232441344
1516418012118761489
1517148379385524224
1517824360228306944
1517449186014371840
1514293977708699662
1516738291990765573
1512695537987989506
1518561737032802305
1517228521550143489
1517451652541956096
1517041509786394625
1517086041127243776
1517050908244381696
1515724024571174923
1515090152472907782
1511763717997973507
1517574810506776576
1518651674138750977
1517014568630894592
1517509138615570433
1517098231792082944
1516841892553625600
1514157053056532482
1520489072476753921
1517116953965613059
1517105584729993217
1517091667718905856
1517618569021906944
1517048898342301701
1510222594603163649
1517065979485986818
1516928650557411330
1517054528415322112
1514412032656826369
1517055084642942980
1517080957467176960
1513970771143630848
1517379831704530944
1517514351153922049
1518306182506729473
1517145734549630987
1516877334384627714
1518572588037029891
1517452720612864002
1515738824160198657
1519217155245584384
1512091925830062081
1517226203572285440
1517162550776909826
1517481366006419456
1514336542621376521
1517016360299253761
1517268623400005632
1517121762881937408
1517172554426982403
1517082044030930945
1514272179990450189
1517097602759680002
1515040464025657345
1517059631318773760
1515483210863755264
1518406398870175745
1517048046240124929
1517553151024500742
1517058410147205123
1518473197276266496
1517199957215916039
1517119202271764480
1516828090344824847
1517133416776536064
1517045278896967680
1516822063251611658
1516895670141169667
1517241984691417096
1511357996047077378
1518276320366669825
1517173504457814017
1517162216809660416
1518301177913434114
1517104880992890885
1515918362991337474
1514195758836330501
1513950912678608900
1517391701278707712
1517229077375197185
1517112816624443393
1514317975943368710
1517099055016558594
1517142126898819074
1517165886045626370
1517204573827567616
1517119611510177792
1518301568860405760
1517464497597919232
1510444930560593921
1517253617505423360
1517716237874507776
1517549516001587201
1517080372802109441
1514293591870517262
1517121325613133824
1513448053193252865
1517446791515541505
1517109687153569795
1518289397032046592
1517091598923964418
1517048579797487617
1518292630429347840
1517093721631825920
1517235713573625859
1517202362854780928
1516788696732864515
1513894959337906176
1512086663471636480
1517786444210880512
1517256928132571139
1517227988999450624
1517051729006804992
1510570312206897152
1517049512962973696
1519806164254396416
1517184214843731968
1517138653331345408
1517175826101551104
1517248587658371072
1517128445809119240
1514294959712702478
1517070893494714369
1517120482172100609
1517076878363971585
1517103150519492609
1517412040691834882
1517141499749695492
1517104171408924679
1516904411376795651
1517168121584488449
1517101026217758721
1517470928380309506
1516832986330804237
1516811408268304395
1517096514660843522
1516416164179718161
1517133245107765253
1517093655810560006
1516433840201424896
1517148673469153283
1516919297473449985
1517045329560014848
1517130402082791424
1516052277823516677
1516548052831641601
1519788750150471680
1517952297749393409
1518246590158446595
1517473383943970817
1517448821856473089
1516662793642127362
1517088290733756417
1516770323198267402
1517573865513312257
1517615189285289984
1517084762523021312
1517084894991687680
1514490880551444481
1517117467537063936
1517047576058605568
1519574762611220480
1513215899368632328
1514498102589366272
1517177604230496260
1516855210081202179
1517679635307319296
1517536940043743232
1517246974596157442
1517153310091857922
1517049162717609984
1517102406965805061
1514690347271606279
1517412806290771969
1517512094958206976
1517134752297283584
1517053488202661888
1517166755151503360
1517460557040861184
1516818712942231562
1517099571486277633
1517056303952273409
1517057358299607041
1517151048909033473
1517144998021529602
1517046363330076673
1518638251774517248
1517270494185242624
1514200405361639424
1517127283487739905
1517119484682805248
1514209700954390530
1517517989968584704
1518465439118110720
1515442223269265412
1517225503043862528
1517074334438862849
1513498003423866882
1517886359251341317
1517254990280245248
1518319273072074753
1517061754714525698
1516901063345020928
1516789525523185666
1517234193465593858
1510905228916371456
1518522592486952961
1513498092770930690
1517148152561733632
1516820561430818819
1516133386221457413
1518589035060637699
1517040723870326785
1520419303354507264
1517208794295635970
1517228303316393986
1518575236089851904
1517142861115846656
1517058549792350211
1518331344560041985
1517026416344416256
1517079810035658752
1517123743327432705
1516699252000493573
1516897855960715268
1517051145239384064
1518275934733934593
1515313519880773633
1517268139947569152
1517137246457147392
1517128215554400262
1517225877532205058
1517123325180403712
1517629022104166406
1517771594730553344
1516844093157953537
1517114165437120513
1516459472205533251
1513942627539951625
1517214973465960449
1514225450461061125
1518648517090230272
1517169113327620097
1517111733877415936
1514256976175251458
1518489982071197696
1517149103292968960
1514254199181262849
1517033209275506688
1511634109717696525
1517501260982894592
1517157488264548354
1517081295310016517
1517497259960721412
1513088615475298309
1519649470786453504
1516859763451207685
1518014990103588864
1517140806481498112
1516856218517655557
1517153084346028032
1517033039091707904
1517065711788740609
1517242100944977923
1513163320995598342
1511641021804859393
1516723140746952707
1517573261483286529
1517052820301746176
1517226057149165570
1514647259224412166
1517410442200633349
1517114117907267585
1519927842708111360
1518510970192207872
1517166825230028803
1519911041718788096
1517141101882224641
1517039756340875265
1517070752851316738
1517347351672799233
1517145677716869123
1517046035624964096
1517077473812484096
1518367327686991872
1517164636159758340
1514185264054345731
1517039777543073792
1518300790397587460
1517268239776165889
1517505439696666624
1516842439868399616
1514395398856712192
1517114388028735489
1518340429024010241
1517235035576938497
1518280179872935939
1517070560227954688
1514482643076849668
1517536964957769728
1517167953233461248
1516420490524565504
1517455660153200640
1517824930611662849
1517141798547718144
1518311560648740867
1517108275589918723
1514252801571971074
1514192764140982280
1517048769505808384
1518158784572661761
1517136552769380352
1517075625768632322
1519378699354877955
1516822589758480384
1517405480812957696
1512177177164349442
1513916687984300039
1518571225416708096
1518282271358394371
1514181357358010368
1514329632098693120
1517804011914768384
1510299658836488194
1517122177513967617
1514509668198006786
1517123350069456897
1517717400094916608
1517254618165690370
1517045966947467266
1517130875921698818
1516905958747815936
1516863003353882632
1518531809306451968
1514255442423300097
1517085850898731009
1513908682035277824
1512772871113826309
1519705854903209985
1517059406541828096
1516887091921174529
1517543554746302464
1517645301653331970
1517081812585037826
1517154719839318020
1517450057674596352
1517078223166881792
1517191230538625024
1517144215628640257
1516857651698749440
1517517634014695430
1517767927788883971
1514315640781295626
1514163960139943937
1517234319848132608
1517536268002938880
1517509639637716993
1516417112146907139
1513200654084362240
1518340362175225862
1517499957586059265
1517055572125925376
1514181426048126985
1518447145480859648
1515593488448077831
1514164613721767939
1517017307586994176
1517090575899631626
1512033038510796803
1513278985056268293
1512649761798737928
1517134346301231104
1514239970101411847
1517203727693889536
1517207606963716098
1517115136816918529
1517101848355905537
1517181541855768582
1517116327961452544
1514218325554966532
1517107992025518082
1514240576417316867
1514214670021836809
1514204115013971976
1514168507973394438
1517251833173061632
1518341773743083525
1517074838006943744
1517448587105419266
1513888459072618509
1518342776064286720
1517216117361631232
1517521860635856897
1517047294809546752
1516902604160315398
1517046559774593024
1517076096877047810
1517060426894348289
1517021415718932480
1517251394444615681
1517055064724185089
1516917589129109504
1517163973820493825
1516867749376573443
1514298473587388425
1514172210172284931
1514196770980601859
1517302396124282886
1510227131112075268
1517518289240535043
1517076463866060800
1518387708577603592
1514588766173900803
1517058238864310272
1516439738818965510
1513187534792273927
1517591221820137474
1517123737744719873
1517036191094345728
1514339072675917829
1517565706300235777
1517413093013434370
1517104120284516352
1517070339624345601
1515025165008187394
1517056141582286848
1514233417445040133
1517454766913204224
1517133001859256320
1514254132286267395
1517137096690987008
1517066482617880577
1517426856248684547
1514248088923353090
1517128045274046464
1517568443461115905
1514252946237796352
1517058918207438849
1517539922697236482
1517132986365272071
1516875522311176197
1518321952024403970
1518383995058327553
1517528255385022464
1518331972552204290
1517071996475121664
1514328176499081225
1514191992607191040
1517145012298862593
1513277613317537796
1517617193462210560
1517138861486342144
1517156388358696961
1514181629597655042
1517566442266320897
1517050009715462144
1517248885965602820
1518287817675358208
1517178142166822912
1514311240448983042
1517086597052878849
1518274349551296513
1517155228696547329
1514182045983199232
1517049885027147776
1511317408681803778
1517251359929778178
1510730847107919877
1517238392320319493
1517503857689079810
1517375851393949696
1517184143079223297
1516419644839583749
1517579322487365632
1517064375546388480
1519024315643183105
1517456869249400832
1517265205532766209
1516966120405749760
1517614750506627073
1517649321893797889
1517496355001978880
1517239236642185221
1509933687831465989
1518526435367047168
1517168728059912192
1517311942272204801
1517055238024450048
1517955127482662912
1517451795055980544
1510161041635880964
1517052665380884481
1517081445021499393
1517093473576443905
1517163280627691520
1514328478237302788
1517045212782206977
1513888756473991179
1517473827722338305
1518320914424811523
1517059514524123136
1516828787396198405
1517480346329051137
1517059874202476546
1514224375393923078
1517839630078562304
1517225300333142016
1517174566740762625
1517075270389354496
1517318065222004736
1517044888780820480
1514673689136095232
1517058875328974849
1516813306085920773
1517234246921904130
1518280897530929152
1514221704008146946
1517512940785709057
1517174646059241472
1513087375504814086
1517135518500372480
1517092092899729408
1517047331463610370
1517520158448930817
1517135202035904513
1517480950069964801
1514230548260171779
1519744761925668865
1517230444726607873
1518138271968153600
1517529686657671170
1517128939239620609
1517068381165432834
1514363404332552204
1517233987814572032
1516053408972738566
1516846781614673920
1517287045302997000
1515123251193733122
1517199167176720385
1510312238590087177
1517238632041439232
1517107385474723851
1517807011731279877
1517053965434855424
1517637284119539712
1517138538046758914
1517038511001673729
1517131051071688704
1517057119979294720
1514476472991469571
1517103129724170247
1517147648590901248
1514506830411669510
1517117224825368576
1514219340429680644
1517209395507212291
1518297519826079745
1517063298230927360
1517826846091534337
1517260897290498048
1514261677184802816
1517107751930978305
1517140379652427776
1517089062284410881
1517064408509423616
1518335758834311169
1517070475926585345
1514161981573451779
1517134216877727744
1514197570964406276
1514190959403315200
1517451278921744384
1514668696454766601
1517824233648369670
1517103262008291329
1514354498684305412
1516408754144747525
1517044441835577346
1516921800516591616
1517053911324139520
1510273949963329543
1510386127705890816
1517094350051852289
1511767082555355136
1513893652208226304
1518148475732570113
1516857251163561984
1517233582300962817
1514190086543396864
1517076319254761476
1518289938780983296
1518172233168044033
1518582759618400258
1517074824492994560
1517051725487685632
1517145442445783046
1517077318069587968
1518305932152868864
1518295652807155712
1512042104666664973
1517498878471385088
1517182273514262531
1517129059725103105
1516946923328094208
1517112822618103811
1517400196602376192
1517452735335043075
1517051284192440323
1517549391242047488
1517362538865954816
1517100855245291525
1517033668086308866
1517064604580524032
1517310975212462080
1517238724651794433
1517252857493397510
1517181537913131008
1517085138257125376
1518530285863727104
1517215495979683841
1516428270010576902
1519887941748809728
1517133399554625541
1517147957178429446
1517398375569756172
1517061918984491010
1517059230309703680
1518609017895067650
1517374700019761152
1517055989979172865
1517036990893600769
1513936497111715846
1512541805832654851
1510092823315595264
1517474617102901248
1517062787956097025
1517118391789789187
1518169598335537153
1519490896466690048
1517142397993439232
1514518625461362690
1517436266782113795
1517392516139692033
1518489576502964224
1516484137510707200
1514190510457597953
1517580850824572928
1519792558406307841
1513802270550413312
1517169896995577865
1517153927245885441
1517250918416269313
1517127785092980736
1519012053154942982
1514245218262040582
1514246805453783044
1517232513625858049
1517218674872049664
1514197055262138369
1514153032627507200
1519068573444059137
1518276963240185856
1517174179061239810
1513105540804714501
1517077827736289283
1516796396623572995
1517093441766928386
1514172578147016706
1517062628853563392
1517533942156517376
1517554744495161347
1517202669508730881
1516745825489244167
1519232310037602305
1512354565563289606
1517328015180587008
1515126782768431116
1517268650146869255
1510984541795762179
1517892023386353665
1517195688425279488
1516827484377034764
1516418330906796038
1517494584275877893
1514273607001812996
1512631913940357120
1518825872312180738
1518350825713774602
1517171999977656320
1517103003056185344
1516902896339767303
1517136627335761923
1516435091710525445
1517098456355119105
1518444930913427459
1517210877900079105
1517119009170378753
1517511873356251143
1517053365204697090
1517510833202507776
1517201227561459712
1517045219518296066
1517433791610068992
1517005874442739712
1517135088408047616
1516056301075378179
1518278183421947904
1518279117304741893
1517500423657111552
1517072227648294913
1517049143616749569
1517139739010166789
1514196238064828423
1513529632816914434
1517208573260058626
1516527760684032000
1517231630804475907
1517582604022734849
1516414786581536768
1513942648876273667
1518523174211751936
1517228776056365057
1517142697806508038
1517067426948648960
1517104383577702401
1517443861190164481
1517414629114355712
1517251323988697089
1517477505917194242
1517073851804487681
1517736747718914049
1517073123362983936
1514717697438846979
1514356608020762638
1513528324022231056
1514214147667464192
1517583570134568960
1516746013016576005
1517175465328484352
1518347828225003520
1517106564808728582
1517108261111185408
1517147482613948419
1518280415152377856
1517133809757655040
1518460286734417920
1517146090717339649
1510636187442192392
1518342501958045697
1517615109362921475
1517102415669039104
1517066108980838401
1516881031395164161
1517084453289570304
1517053590501736450
1518288065038594050
1517088682922151944
1517386062779277312
1517117125588094978
1520151795984740352
1517078277206290433
1516505841033220103
1517086481109684225
1517458501643161600
1514181549243179009
1517100617042386947
1517263155965181952
1517144846321938435
1517130971568558087
1517390654330056706
1514380446905286660
1517361054417883137
1517174137038553091
1514215754291453952
1517255282153467905
1517095115956838401
1514801255800983552
1516996984925732866
1517378025368731648
1517115979939074049
1517107343657512960
1517067943540109314
1517482280188628992
1517038245292486657
1514237169258438667
1517138934001635330
1512028402563305476
1517074949877424128
1518585187814326273
1517139264282058760
1516521972095664129
1516849281042460673
1512562328918654976
1517183747325632512
1517031717944578049
1517450445064658949
1514199989844688903
1517430596414361603
1517080041871470592
1513420595928707073
1516897201292824576
1514507440703918082
1517050032142356481
1517198875085447168
1517028805138919424
1517234355621531651
1513960548769144845
1514232139948175365
1517066347104342017
1517222490740768768
1516507369320198153
1517121651963535361
1517559390290780162
1514508142251593733
1517242185183334401
1517156662427090945
1517160778079551488
1517143767114928130
1517399399873265666
1517116399142977536
1514196172063358983
1510229747577597952
1517212118206062593
1514295590766710788
1517077974834724865
1518483054272131072
1518493241691283457
1517025853145763840
1516880124989353987
1510952783981199361
1516837412084850688
1514472482413105156
1517051686682042369
1519252345242140673
1517194202077093891
1514240418766073862
1514207291033202697
1514177080438706180
1517173984248451075
1517053171029487616
1514337489061912580
1513880715997462541
1517507752213549058
1518532191302598656
1516837983667818499
1514225902556692483
1517088401358475270
1517067321008959491
1518198531512848384
1517142887149883396
1517236739554881536
1516920764632649728
1518569185919578112
1517473296857587712
1517040254657740800
1517066805390544896
1517989834924732422
1517103049357115392
1517115187140169728
1517259294634348545
1517226707303997442
1517063629878743041
1517066486665338880
1517062513304682497
1517519509741047809
1514153287607586817
1514001163020034057
1513928237612781569
1517159151742459904
1513094718393094147
1516812093542088707
1517054534656438273
1517141432242376704
1517449258487754753
1514180375274213378
1517481278605570049
1516447916377972736
1517159732091375616
1514275681286463492
1514743136014282757
1517235221585973254
1518328217010114560
1517071002362159105
1516876415186124802
1517056716420132867
1517043483659354112
1518296753262538752
1517483363455709184
1517137367793999875
1519222470351409152
1517658696779804674
1517479994292936706
1517090557918597120
1517117043123929089
1517621269671419904
1517262687524335616
1518326498993782789
1517156524832960512
1518229595245453313
1517159414108590082
1517130463651012608
1518326424314257408
1517307850095271941
1517031153781379072
1517050943560425473
1517131949675978762
1517044921336750080
1517086648353411072
1517060799847706625
1518328497063837699
1517062219858685952
1517052833597640709
1517983549479174144
1517233762479783936
1517085167336275968
1517118283371192320
1514691104544755723
1517648136403042304
1518310338655100930
1517219111381708802
1517013947748134912
1518587119270248448
1517352918294401025
1517074997239599104
1517234533409693696
1513135639952302083
1513672395793616896
1517201453986762752
1518542206696574981
1517258893763784704
1517556710344470528
1514156967299895300
1516445335526289408
1517243800053325824
1517089551080169473
1518288006549024771
1517235136198283266
1517133182805721088
1517549781312282624
1517096769548660737
1517086218210717696
1514316083297202182
1519364704287825923
1517109528373956610
1516552442204282887
1517141736467812353
1518463201117184002
1518574022904381441
1517289619737518085
1514792179780055040
1514500080933482498
1517467061068480512
1517409226532036609
1513708449376342022
1514198306834067459
1517831648590667776
1517458665082605570
1517469346884460547
1517190064379473924
1517036646050721792
1517907483817349120
1517154896927027201
1517479566582988801
1517069337844142080
1514321674002436105
1517057040585306112
1517047300752908288
1517084419135352835
1517134487615770625
1517129705836756992
1516493232837955586
1517471959591882752
1516459242546470913
1517177290354040832
1517231893179211781
1517892809260421120
1517580471659601926
1517550016155598849
1517054348261474305
1517057522439491586
1517124941736517632
1517236529814556675
1517052946323808257
1516424906841501701
1517144993038708736
1514167528204865539
1517885478384590849
1517284732672913408
1517154846851276800
1517185378293276673
1517540151135715328
1517110398469742592
1517110334632435712
1518451746003111939
1517506956277264384
1517496595796967427
1517192903080259585
1517217936754286599
1517103441629306884
1516819757017751564
1514200913078013956
1517057721983512577
1513693844621070336
1517134069976363019
1518183333284306944
1514504261807362052
1517194185966862336
1517165417655115776
1517179030860181504
1517072821394055168
1517050146089050113
1513087674852204544
1518540467973017603
1517075657968263168
1517239355110309888
1517150908055916548
1514173277421383680
1518338895959797760
1517106513248239616
1517250940042158082
1517251688847003652
1517338885097164800
1518303736526950401
1517064154686889985
1513863328774430726
1513512695558914053
1517454377962856451
1517171269590040581
1517159108532748288
1517378141068615682
1518587859506188290
1516828730148237312
1517043334300188672
1510572933726539776
1517103932383891457
1517124031895552001
1516503537580224522
1516848810571481089
1518301385258938368
1510491337522651140
1518482468952842240
1517114868226273281
1517047270541246464
1513916008477700100
1518409858508554241
1517118585352736772
1517088759984300032
1517054683302477825
1517235411013283843
1514380813571219459
1514355598598541319
1512033705946238988
1517053930395557888
1509837844931612673
1517125528720924674
1517071231085948929
1517039121436454912
1517102582942023681
1516892996314320900
1518331181539938304
1517174350864175111
1516854460202598405
1517500270070149123
1514708917368115207
1517084142365773824
1517044222771273728
1517085129121972225
1517042401147297792
1517537926942535680
1517155014220779522
1517128054027468800
1517098967850536961
1517540805052936192
1517519413536342016
1517259901545951235
1514241314652631043
1517077867691225088
1517104317496537089
1518510127384510466
1517126402734182402
1517284746379866114
1517247449940824067
1517473581550252033
1518505938944155648
1519780728808087552
1518520470907330565
1517048716326232068
1511916623384432645
1517087944355495938
1517158833553952769
1517139964324040706
1514647001723506696
1516468741848158214
1517069163101097985
1516462084527112192
1517121122902458368
1517557839488851970
1513917415150821380
1517520737803935744
1517042187011305473
1517077850083540994
1516824166124736513
1517614981868666880
1517102267878543361
1517082693082787841
1517059984261095425
1514159208954011651
1517250843665440771
1514353895329390594
1517268979861102592
1519303575775715329
1517233128766590976
1513929941162897411
1517227051656388611
1519854023486185476
1517536870162391040
1518348966265503744
1517875906131472384
1517471259805863937
1517133682976247808
1517064305551806465
1516429042139996166
1514580042671665157
1518523466399551488
1517073190547304449
1517249876417028097
1517097039879880704
1510554355598082050
1520322474105311234
1517079408565264384
1516428047339212808
1517241645548376065
1517045044938776576
1517542086802874368
1517153381336322048
1510234330001551360
1517083870017036290
1516880204916011010
1517177393227644929
1517369293901639682
1517118949111975936
1519393249756078080
1517059853814009856
1518126937184645120
1517051332645036033
1517100938904936449
1517044228140015616
1517031723128836096
1517133089067130882
1516830895302397971
1519612379893481477
1518470341089234944
1514153777972056065
1517060666854715393
1517101602150260736
1511519469146984452
1513912700669149197
1517103118907056129
1517017657786224640
1514353037841731591
1514234204091039751
1516876216648749057
1517000805672497152
1517500337103507457
1517128802148696064
1517822243941892098
1517113751102758913
1518286195549167619
1514172052281954306
1517653087464345603
1517091267288653826
1517121939168452608
1517045005155721221
1517129192554602498
1517144893495279619
1518348950532677634
1517078328427126784
1517256756279361536
1517319899923849217
1517258526703374338
1517237516365090817
1517252033945952257
1517091332585631744
1514185788925390849
1517590892659593217
1517836246969634816
1517824866094927872
1517452456350953472
1517106442209308672
1517084387891978243
1513897106041409545
1513318263148613633
1517236580720816131
1517131637225672704
1517116780216557572
1516988551665225729
1514219904077029377
1518499072881086464
1518516080234356737
1517247624625205248
1517238291342503937
1517451597344825344
1517166321028501504
1514153312307888129
1517399791189245963
1519612661780123648
1517305715605610504
1513575778243407873
1517560683570810880
1517096442011209728
1518446684572954625
1517497933972881409
1517536517127905286
1518288315702816770
1512150953780465664
1517085239251812352
1517656016900575234
1518280022292901889
1517057564181213186
1518478817198854144
1517114427069419520
1517101790696812544
1513089019512602628
1517098574319955969
1518368591141289986
1514765906806808578
1517076179760652290
1517220942199595011
1512798244371197955
1517133079260897280
1517089582692585473
1517497240763383809
1517177666494939143
1517087785710243840
1519717726771679232
1517229067224952833
1517112513707618309
1517091503516139520
1517062680368005121
1517052237591285761
1517258145759903744
1517130204870762502
1517175433422422017
1517110696865112066
1517223678479589377
1517495053387804677
1514696579860643841
1517128910701531137
1517234397384257538
1517205669346172928
1519731463532552194
1517170729728581632
1517176441858924549
1517103492900564992
1517064328377163776
1517056196213149696
1516741328901746694
1514569956087709698
1514294708121526273
1514243851136950276
1514321818215198731
1517087606684667906
1517376585258708992
1517081746294120451
1519280177016152064
1514151665540243458
1512434780666843138
1519594877268365312
1517252567662796801
1517068959652233217
1518520871194968064
1517250811876757507
1517124359525130241
1513260565338238985
1517140638008942593
1517108458029522946
1516926978259042306
1517188295821873152
1517070955390058496
1517245236250087427
1516403710708138001
1518444241567027200
1518307300615856128
1517539274132017153
1517153045942964227
1517098911835566080
1517139492183846912
1517121115520438273
1514336289801355267
1517041294345912320
1517077011063320576
1514296493590695939
1518690801219514368
1518506228766457856
1517489960823185410
1517081475618906114
1517055931665764352
1516913182312386560
1516422534266249217
1512032812211257344
1514367462925651972
1517189918702845953
1517159579846688768
1511518615396392966
1517113880622870529
1515884238540840960
1518025318833000453
1517174064565174275
1514161531574968320
1517213007461457923
1517046959894413312
1517093243896438784
1514509422508322818
1518523201340518401
1517472933752582144
1517226925202284544
1512435112214151173
1517112241488896000
1517170638653427713
1517133681680388097
1514197538034921472
1517103218857234434
1517125071948722176
1517175479459094535
1517069119010615296
1517133126614589442
1518582105055322114
1516879993917353984
1518228261192544256
1517056060250599424
1517101532034256897
1517631738851246082
1517248004302020609
1518364100769759233
1517492718204768257
1516865393910075393
1517186156424835072
1511312345225736196
1517893117952864256
1517395971617001473
1518605183890165763
1517186268043616257
1518334855423090688
1517517305361670144
1517057191945117696
1517664071147036672
1514121613226266624
1517123501093761026
1516740745901793286
1517413300102967296
1517253424236142597
1514500384496267270
1517109238803451905
1517569216253247490
1517064190682402816
1517207978998484993
1517250818994487296
1517152127075844096
1514156069823647744
1517180455514263552
1517095518350057472
1517098694423810055
1514203808087396359
1518279653982720001
1517448999183302659
1517092551676813312
1514180254239236100
1517062468350132224
1517144034371801088
1517235462490013704
1510558486970703877
1517272924289662976
1515347020197810183
1513904940422418435
1511201162518704128
1520082626614382599
1513536970051375107
1517253370569969665
1517077752045842434
1517038239152025601
1516729752501030924
1517613291350151168
1517174907725135874
1516720827424772098
1516720395960913923
1517538280572702720
1516434704760815631
1514382249596100610
1517488903791550464
1517198754952187910
1517469416648237056
1517168775547826177
1517868627562844161
1517044102478524416
1517567814688821254
1509974705654091781
1517162469126463489
1513965401318825988
1517136097356095489
1517142306272415744
1517075259962310657
1517065387338342400
1517056479576088576
1512851940249837569
1517257811922718721
1517195474062790656
1518305330928791554
1517077888008433664
1517631213464346625
1518338819136712704
1517124461450907648
1517052734851227649
1517088130381324290
1517096439490428928
1517035247883456513
1517563451027111937
1517239808359378946
1514196691783671808
1517152924773675008
1519036652701814785
1517062514105851906
1516444118712520709
1518630825092427776
1517144442532102145
1517094314320568320
1513579104041414656
1517123084536496137
1517174548977766400
1517423998761586688
1517108874712604674
1517067819715858435
1517045344487497728
1514183773671374848
1516844613243387905
1518348254483730433
1517848888316776448
1517736451294871552
1517116081894305795
1517264182177153024
1517059113481654272
1517621905548791812
1517101479382896642
1517218240719728642
1517071067722010625
1516418871154073602
1514487197155606531
1517580042779439104
1517450606599979020
1517109212328960006
1518991178657587202
1514182647651745797
1516858670822445059
1513135087545688064
1517214827206352897
1517156472240496640
1517840286873006088
1517155297277595651
1517057241005924352
1517098809188302848
1514222481795657737
1517394750512504832
1517483249102200833
1517596219727622145
1517056291373522944
1517458958272901122
1516958940621385728
1517619983832031235
1511906274673414145
1517184332556906496
1517497508657868800
1517375515815993345
1517235133077762050
1517760910022037505
1513603486298091527
1519755841456508928
1517181820277858305
1516962179534176256
1517130605175132160
1518488318111105026
1517170116886245376
1517224657002373121
1517126513510031360
1517606126140936194
1517188614727340033
1517075573931225088
1516771718769037320
1514380103505035271
1517571649570279425
1517566462684237825
1517283450348257282
1517208487985651715
1517560758871244801
1517246587990421508
1517531921408045057
1514151712692609025
1517072429398609920
1517108984733474817
1514188416044445697
1517881913863716864
1514358337197985793
1517090382328307712
1514499914675499013
1517516345725927425
1514203252597956618
1517298724300632066
1516882382078550020
1518610245353975820
1520346215451406336
1517580648403320832
1517086821037060097
1517559193934483459
1516052567872184326
1517135444856688642
1517088027943870464
1517795281781280768
1517105563506724866
1510558699747692547
1514778798062915595
1517314106503614465
1517223260219490305
1517044264634617856
1517548405584715776
1518178193110441984
1513141782837665792
1517249524166758401
1517093811452882945
1517749082726481920
1511100801267154950
1517238687070887938
1517667744640024577
1517130990338015233
1517125801409458177
1516831548707848197
1518332484953464832
1518533140280717314
1517525784776392707
1517254336774119425
1516771991059058688
1518464393738174469
1511705914285473797
1517471183431741440
1518480112043372545
1517102385574916097
1519659954562637824
1517103503067467779
1517088821426507777
1519705750129553408
1513101164669292546
1513086819440676867
1517138712785608705
1518486139971293185
1516796105484386304
1511913026756218880
1517470548913180673
1514153623038668804
1517109985741783041
1509951585866194951
1517129217066078209
1516616340299296768
1517118130610487304
1517172805800009728
1514383053455609864
1513528498664615940
1517320798146600963
1517158592175960065
1518285899787866113
1517046399669612546
1514152826993356807
1517141535510335490
1517228999168212993
1518360231113371649
1517531321710612480
1517843706858070018
1517213803737497602
1514559076264562690
1513093464963137540
1517571889606107142
1517253908028170241
1517054078861332480
1517047073685790721
1520513883865288704
1517263227595407362
1517589177835167744
1517181881804013571
1516734312292524038
1517114656057442304
1514299113139019778
1518446032551567361
1517060626824273920
1516835634396241934
1517509918005334017
1516759122129080322
1514392476290793475
1517143517813874694
1517753568920489984
1517468773648945153
1514253555108130822
1513744572974702594
1517774376480956416
1514197562210799619
1517144891008032770
1517147033903058946
1516736785015005184
1517101343953072129
1516893538864308231
1517276818918813696
1517134193901195264
1516907519041495041
1517580798920208385
1517513099590475777
1517503333388500993
1518300260946350084
1517251266405097474
1517053613486583808
1517499493754810369
1514297556712542220
1517577123627782144
1517463158008553472
1518347273532551171
1517072756646588419
1517117994354290688
1514469564809154562
1512829414253367296
1517267834468016130
1512325135537213446
1517059077729361925
1518278944092479488
1519729362198749188
1517153400932032513
1514301807501193232
1520315493302812673
1513203697165164549
1517258553953861634
1518273277659074562
1518459617705140224
1516990849724334080
1514246823443144706
1518277741900095490
1517235204791934977
1517494351655538688
1514524696573886465
1517068230208147456
1518518122893955073
1517045724059508736
1517592254428418051
1514154461572255744
1517500477268709376
1516506190825631760
1514234322487754752
1517118421388963847
1518329852256038913
1515807120809201671
1511332130927824910
1517210081015865345
1517073037241335811
1517045397641961473
1518321602261397506
1517179664367771650
1517091204462166022
1517249785501257729
1517983594110672897
1517138275860815880
1514351274036187145
1514197842650353665
1516897481036115975
1518512574077231105
1518506109912371201
1518500697578393600
1517108427658391553
1517051758043877383
1516770046525296650
1513536586008305666
1517145696440266754
1517062563703492608
1517093212380409858
1516800584539643918
1517535570620264448
1517046111885615105
1517170078156050439
1514544711125643265
1517085263666810880
1514296087250673665
1514175604744232968
1517076654639788037
1517208706462720001
1517104399415394304
1517187570270154753
1514512605745922050
1517129921096732673
1519934567041445889
1515337832985989127
1517011095885697024
1516853634138529796
1517160610600992769
1517124200720445441
1517271178687262721
1517216826446565377
1517182579279081473
1517737564752564226
1517439669159567361
1513807700756516867
1517112450453286912
1517325260902780928
1517156482655039488
1516440417855852545
1517072773243453440
1517052819257315329
1517142320843436032
1514157760753057796
1517187127674552320
1517635873243897860
1517103935374467073
1517784817357758466
1516720790045085699
1518295048252710913
1510224598016696324
1517161098834755584
1514235701860184069
1518612769494511626
1517824193072701442
1517060528975269888
1517453233836462081
1512928929782411267
1517448719502872577
1517029785238704129
1517057037934473218
1517999841561001984
1517402485094244353
1517063427730161664
1517080965956440064
1514156137544916992
1517114900572782595
1517114313508634625
1517535491389898754
1517555058195546112
1517501577564721153
1517100963282231296
1517034944626933761
1518366593666977792
1518337067935277058
1517015398025211904
1517269016875876352
1517088701834317826
1513908873362518020
1513086515907371011
1517242734159011843
1516445438806745101
1517266011078250497
1516869079956701184
1517051066830962688
1512396146496393230
1516902556810846210
1514199629482668032
1517149264991842305
1514200329746845705
1514328081443532810
1517463614445264898
1513275498318778373
1517556049955463176
1511925002693656580
1517149318666326020
1517129364080582656
1517097233644236800
1517025304513982467
1517206828928712704
1517475958072168448
1517460889045241856
1517496257085857793
1517052401743761409
1517576838981341184
1517093303195508737
1517058247940837378
1517113105461006338
1517110673905491968
1518322064570167301
1517110484574605313
1514215396903116808
1518137947937202176
1513995318483951622
1517455303213727746
1517116075045011457
1516845613794611200
1517178888614465536
1517131640610463745
1517880858723639297
1514695396299350018
1520498273890488320
1517526380585566211
1514189948567625730
1517099410357899267
1517052969556090880
1517085184558080000
1517133222269829120
1517163449314205699
1517173301340217345
1514250870124429314
1518297744112336902
1517261429535133696
1517520283866914816
1517117593794007040
1515627829379141641
1517051038624329728
1517218995212066816
1515030038793621508
1514237100744396809
1516813926889009156
1517418537673015296
1513200966996217868
1517480224484638724
1517144355991031811
1517093554807521280
1516899513809752065
1513706206354804739
1517470352938618882
1517253951414059008
1517095554697859073
1514254366458494983
1518508969622482945
1517106377084264448
1517785400449945601
1517241830882127879
1517093903563988993
1518517058383851521
1517142039141310473
1517133441149636608
1516896527461064705
1517484288178106371
1517222489746718722
1516403298550566921
1517852829167333382
1517777527212847105
1517395456799780865
1517237289130532864
1514387445432864777
1517032690104549376
1514348454406934532
1517484458210963456
1517206478297436162
1517223890048753666
1517249487231717377
1517190032607662081
1514389544690499585
1517128934386769920
1517243468590067713
1517245618393169925
1517520525853184002
1517251266631675905
1511088272545619973
1517236461581570048
1517110778452754432
1517373286379925505
1517594182260600832
1517133371771523072
1516884819698982913
1517096309584445442
1517094495808012288
1514311601981169670
1517116597374271488
1517827417045356544
1516864926987472899
1516920402475462692
1514247878037979141
1514185363056730120
1517092969576341504
1517802571582345216
1517543181277093889
1517075250911092742
1516785552976142343
1518491605958893568
1517116381313081345
1514380347353571329
1516887994439020544
1516950462251126784
1518356158179852290
1517448064977584128
1513691824837197829
1517088476180717568
1518314536419434502
1516126902003675146
1513108883354656778
1517454901848252417
1517177014746324992
1517066368704724994
1517070894358843392
1517045356038696960
1517045237969047554
1517556845900189699
1514179815699632129
1517525797166329858
1518462521073717250
1517894110132244483
1517756905678123010
1517475501182443520
1517245578958282755
1517237859383746560
1517142754630926339
1517482349084262400
1517135136906563586
1518290528902782976
1517129079526412288
1517495257205772288
1516843230872195076
1514119872279633922
1516857720128872450
1514478893515878401
1517529163699212290
1516858374712872961
1517488252701356033
1517077364202692609
1517174426168614914
1517068377369501697
1517473437480112131
1517048598734807041
1517550889657147392
1518475880753946624
1517070668151590918
1517121902069886976
1517097965910953984
1517932557844852736
1509989780318310400
1517951053760802817
1516721230984138752
1517057969535565824
1517064827159691264
1516889608725876741
1516421791752855566
1517104016026587137
1517209297205223424
1517498644794126336
1517429825534840836
1517191527579201536
1517119783472410625
1518505355487199232
1517557834904485888
1514179510735884288
1517093801482936321
1517121870209953792
1517056506583265280
1517147424745091072
1516879896273956867
1517260167376949250
1518293028137545728
1517577819072737287
1509806113889435656
1515682316940681221
1514176960112566275
1511090885869592585
1517047665447555075
1517538384247496707
1517230783953526786
1517440474948284416
1517166017872547842
1516432932277309447
1517530381117018112
1517215102470086657
1513747687165898753
1517045984861298688
1519720969899847682
1514528942006358025
1517095936236867586
1517175603476238339
1517105930525188096
1517078897392816129
1517196510282272776
1519274259746639872
1513495422597275648
1514201761447399425
1516424283202981899
1517214367879675911
1517267815358685184
1517168716227780608
1514211502223511556
1517215544235237376
1517178206754947075
1517503289499267072
1517195137616592900
1517055398636924928
1513852477464055813
1517559167413850112
1517194073483919360
1517069600583823367
1517771249136685056
1517610443178717186
1517158079485284353
1517085034179608576
1516927965329870850
1516840487080112130
1517258345526304769
1517230093906722820
1517194523612528643
1517130675773755393
1517062767584452609
1517166122482733056
1516872182001020929
1517195171624009729
1517021582031527939
1517117267355578369
1517113548463345665
1516816553454579712
1517267089987452928
1517236587083485189
1514188265141653506
1517116370957352961
1516462098649423882
1517232356805033984
1517228073707794433
1517417687546224640
1517074338855497728
1514217439881531400
1517070333722902528
1517243125131010050
1518284282816520200
1517065839803088896
1517051063211286528
1515319662938103818
1517223418252476417
1517564608155947008
1518337793939943425
1513492763681046530
1517133485005287425
1517621463368491008
1517239532957089792
1517223393803837440
1517061543162224640
1517137311946870786
1517050348225114112
1514181207805898752
1517398253398114305
1517580319502786561
1517129619966775297
1518952442653810690
1514708937890799616
1518338280525340673
1517153329331068929
1516840047609274371
1517226157019652096
1519937903530553344
1517452407621537792
1517104270415482887
1517043733660938240
1517551033030959104
1517311103260368901
1514154894080548867
1514337040145469442
1517376539989581825
1517126741441056773
1517224681249648640
1517057290561634304
1517272745536638976
1513086832229195778
1514180248975388674
1517540299953913856
1517209533956956162
1518502896014352385
1517089654008336386
1517221921175265280
1517182501785116672
1517048315338268672
1517472226165112833
1516881772029612032
1518338128460886022
1517077497413873665
1518686165393678336
1517043774949675008
1517216150198931457
1517038508552384512
1516418732045787146
1519034766728826881
1518321502638297089
1518284013861019649
1517609361165766659
1517230855672025088
1517059244205514752
1517198189627166728
1517475590718251009
1517099782468165634
1517264550089072641
1517231323458457601
1517237043755114496
1517083102375460866
1517546757575651328
1517045016312655873
1518137288001310721
1516832479654600704
1516512891406540815
1514199791034671109
1517079604556615682
1517092936013471744
1517627266456604672
1517099778278055936
1517056978387931139
1516842139426111491
1517101949136609280
1517169344479965185
1517083704023306245
1516448834330804233
1517387463467184130
1518654318739660800
1518422924201500673
1517250727349006338
1519607941057458182
1514151965458059272
1517163825275015170
1517196637185130496
1517145234441785345
1518276159993176066
1517057942486679552
1512589106395721730
1516864541744848898
1517138146181275650
1516856233474633729
1517056095914795008
1518496996662857728
1517161753804562434
1519735269154566144
1517186266244263937
1517141657375805443
1514352558965465094
1517486708891144192
1517116843433119750
1514186647524552708
1514474273276112909
1517067005832146947
1518414081702703110
1517283349903069186
1517323079306948616
1517237637819555842
1517153186028552203
1513915544856113161
1517744303057084416
1517194722187620352
1517166056103714817
1517115099101732865
1519821262473867264
1517053591244181504
1517216280847212544
1516898511022747648
1517088205396488192
1517059366943350784
1517095220399292419
1517123496639410176
1517262317494448129
1517210007502209027
1517669805762834432
1517097241252671488
1517488446155202560
1516949200558342146
1517033365177778177
1517236759624667138
1517192314418089984
1514298869294800896
1517453892501573633
1517563453103390722
1517444162085400578
1517281633996525571
1518901041336569859
1517182395857911808
1518446493451104256
1516720437723607042
1517099720958783494
1514193741871001600
1513923586549067782
1517043280797704194
1517114627041243136
1516445196690595849
1517070466942476289
1511916857888063491
1517090953391230977
1517534725363142658
1517218485121736704
1517185112580009985
1517057319321939968
1517515275637297153
1516549330034999303
1517067023678853120
1517049044023103489
1517533435950247939
1517238006679285760
1517145354881298433
1517678655484444674
1517243375791050752
1517165971521347585
1517092391639044097
1518240402800885760
1516365370101219332
1513090440094007297
1517060860790853632
1517124295151005696
1516865042272198657
1512098481921527823
1518488078398083072
1517517082749030400
1517278882566754308
1515805406580428801
1517494840577118214
1516514056903041032
1517104105721933824
1517099965121798144
1517499605981741059
1517269842612563968
1517106612544151556
1517095163616768004
1517079028586491904
1514227573886275589
1510370710627135489
1518425234654830598
1517138064639815687
1517061019369193472
1517070044479602689
1518295412079276032
1517046500588675073
1517168857361747969
1518290057077170182
1520136118997598209
1518273332118011909
1517226379703640065
1517051073013465088
1517110687650267142
1517084206186311681
1515733139242598400
1517781769206079488
1517254568853352449
1516932454816301056
1517221737812963329
1517174120215154689
1512142844038946824
1517093126468673536
1517049079724916737
1515681281488699398
1514319072435003401
1513759838148386817
1517385064535019520
1517108187404681216
1513921549467893772
1516915850900615168
1516878763891609602
1518582488389636098
1516423116360146944
1517105915471843328
1517048215153123328
1517026508891688962
1517048262313877505
1516879530316734464
1517053144341037063
1516830568549425164
1517478615088340994
1514366949832237058
1516524354737168390
1517151761512865792
1517130068149026816
1517801996681728005
1517450554225696768
1517248086527156224
1518424684223737856
1515374762326999054
1512872322490793984
1513978458669527041
1517047473876971526
1517086778892632066
1517403359753420800
1520470104579969025
1517091779513827330
1517072106579804160
1517650715338063873
1517049324055769088
1518524543748513794
1517552857939070976
1515337687670136840
1511666546334224390
1517541390858829824
1517257591520382978
1514170565497663488
1513695121988108290
1517257402692915201
1518464865911853057
1517207912338407425
1518200975114256384
1516878272088395776
1516812476779745284
1517586497146441729
1517232581820960769
1517465296940019713
1517388872291962880
1517163287607132161
1517154611651506176
1516829048139390978
1517103036442816512
1517513280323047424
1517062629868593152
1517520860587900930
1519228219903336452
1517540884941881345
1516879168146923520
1517153788519272448
1517232187225088004
1518413532378898433
1517132919323729922
1517277161484390400
1517103287107006464
1517069488436486144
1516824523961606144
1517912631922855938
1517083590747639808
1516456870172667906
1515918788755025922
1513693543092482048
1516845030585118720
1517286189358850048
1517060593659875329
1517052850165190656
1516817816501989377
1517451912001601544
1519781594780811269
1514322281920700433
1517027435111452672
1513505349881507842
1517174298431082496
1517115065643716611
1517201963204632578
1517858472326537218
1516815489762312196
1518285688348811265
1517504991321276417
1517173035672948743
1517108831133782017
1517079581332848645
1518307656380858370
1517709267989676032
1517579782749245440
1517191158077743106
1517118844132900865
1517174403573989377
1517074524545724416
1516891934203072514
1516763313648119818
1515981864107921409
1518206950185517058
1517855882129948675
1517094016252325889
1517180407724261376
1514182146197442561
1517054435838550017
1514343900328177669
1517223383599128583
1517241806911590403
1517014070146252803
1517573437111349254
1517117648789716993
1516414918437785604
1514300665606115330
1517115273668616194
1517072373387780096
1517618775780208640
1517281850959536128
1517191596940406784
1517198760891330561
1517462958909046784
1519777027406147584
1517092068744740867
1517087246591090689
1517165795943632898
1514330828859486215
1517457537095946240
1517058146971394048
1517048087939891202
1514301344194211840
1517089530494468100
1518472842953773057
1517238138145497088
1516488347446878210
1517425226103070720
1511346724832481302
1513985389593255936
1517171123271741440
1518280473381908481
1516750927507730444
1517255138972418048
1514294807920889856
1514152480002740227
1517166457943216128
1517119167983357952
1517533726649036805
1517140837418762242
1517060152322633729
1517151427902070786
1517129748694118403
1516888784163459074
1518326329015472128
1518362739701334016
1517116917131235328
1517207000706428928
1517062675959791617
1517061153167446016
1516427694245920774
1510239184476418056
1517478854868283393
1517181708113690624
1518506350950633473
1518278116082339841
1517516444040404992
1517203362260959232
1517079306287071232
1513474774269411331
1517156630277754880
1510579360964751373
1517063986046541824
1517053509832744961
1514215120980824067
1517154040026607616
1517182629128413185
1518473374414131200
1517184645103820801
1517201859236270080
1517131561287700482
1513203832087535621
1517118523230797827
1517120459753590784
1517107877634318336
1517052625216319493
1517089268727955457
1516382624402579460
1517242714215092225
1520031582467366912
1517192490708783107
1517052609814745088
1516109208797822983
1517208173471576077
1517250587976515584
1517253479106215936
1510349934045900801
1517207368186138626
1517043618292416514
1514179424039620613
1516871416183992322
1517050247804964865
1517391731196575745
1513894483691294722
1518235251117641733
1517077771192881153
1516844787911036931
1510002117855043587
1517034580548755456
1513695561676955653
1517181687150653440
1517508775426596867
1517276019878735872
1517207439594201088
1512987565304987650
1517881320604581889
1517110338524790785
1510846810222387204
1517463257526771713
1517561577091878915
1517126599459676160
1519971229683404803
1517064633898745857
1517026864140800000
1515332978238394375
1513089849254981634
1516912333486010372
1517110254911332354
1517615263226769408
1517077124775038977
1518130244280102912
1517097257912446982
1514339587484749833
1510555678116564992
1517146643107254273
1514084126642606088
1517539982575026176
1517223594916552706
1517237450397167616
1517030840601128961
1517095034021163008
1517030432361140224
1517220547767279618
1517518059522695168
1517468532145065985
1517472897958301697
1517170622387867653
1517072494972309504
1517075311560695810
1517112282920202241
1512290405374640128
1517415822058270724
1517261778350051328
1517173129910566914
1517142758099615748
1517128905009868801
1517459584750915584
1517099414715875330
1519651562372616192
1516814270998192128
1516447668729430022
1517147867542040578
1517519743103782912
1516921491748761600
1517214172064493568
1517120469325000709
1517202049871536128
1517576280589352963
1517153910112149505
1518303869314478086
1513088214705319936
1514167614318206979
1514261346384334852
1517100321104928769
1517231589511643137
1517536362538360835
1517472503005949959
1517050386812657664
1517047142875082752
1517132993369935872
1517037979495288833
1517016510685974528
1517114268105195521
1517632084696838144
1517136072676810753
1518480185011675136
1517611872962371584
1517093922471874561
1511162460023271436
1515387867325173762
1517139834464206848
1517065095217655819
1510349454058135556
1517201051677515776
1517161398983442432
1517259989785710592
1517069712483569666
1517419451704127488
1517053073239289856
1518277786179444736
1517917958697324545
1517030013572460549
1517121951046815744
1517074171670499328
1517755173137006592
1514152366123200514
1518348889660739587
1517077180165021699
1513894130291781635
1514617189696901127
1518276086970429442
1517622387843420163
1517121258198122496
1517055745052848130
1517053587087577088
1517138579641700353
1517055523698450433
1517136916474257409
1517069963823136769
1517042630709895169
1516412432348073997
1517399872479113221
1516971315286188033
1516812330109214728
1517045162479865857
1517215418884280321
1517470395288403968
1517090928325971969
1517239209265975296
1517053317184208898
1517045236081569792
1518400893032583168
1517496960122556419
1517286724786917377
1517142964274794504
1512035598302908423
1517030152827555841
1514342373056253966
1517050933443715072
1516812350573191171
1517523600164671488
1517453511558115329
1516821057327583235
1517507184329961472
1517205674794622976
1517858279241756672
1517500326538055680
1517099605632208899
1517056020815699968
1517382973489823744
1517048953308696576
1516738263880454150
1517079925903306752
1517887114750349315
1517155090028662785
1517206390544244738
1517427518609014784
1513255412702851074
1519658819760312320
1512188423032909826
1510331214619680768
1517078188421173251
1517511065013268482
1517298076364460038
1516893744502558722
1517129693157367814
1517468766032080896
1517910108860203008
1517257718226108418
1517081767051681792
1517525922844483584
1516444564470571014
1517134009171513351
1517227960889225216
1517454632129380353
1519603469187002371
1516828275028656128
1514305408038588426
1520391487233613825
1517060169426948096
1510632320776159233
1514232126320828421
1517107376402448385
1517493443181924353
1519612575494938624
1517251804492357632
1517133906121682946
1517170681825345541
1517096162242801664
1516842076138262538
1518583951778058241
1517033498921639936
1517115319353020417
1517102711367471104
1517060331130048514
1518326568203997186
1517147025652940802
1517033466218614784
1517149196012294144
1517140064983154703
1517067509408706560
1517190577565188099
1517596416096485379
1516445223718727689
1517067221872357376
1517482853826805760
1514242979392888845
1518301805003911168
1510575626603925505
1516863551582916608
1517125039220473856
1518456072809422849
1517080086335430656
1514362414980075526
1517580038610337792
1514076889329156101
1510634589827608580
1518014935820902400
1517112972765798400
1518295495281717250
1517776745432240130
1517006888382177280
1516904086494400512
1517215336050929665
1509809524240269334
1514304377581887491
1512107376513482753
1517240022566678528
1517140503313010690
1517551291496640517
1517053725998829570
1517127014922207232
1517056282901065728
1514221621376077831
1517096338051194880
1517070457694007297
1517045472745213954
1512431120666701827
1511083760632147968
1517520033722900480
1517161721974169600
1517061201741504512
1514182184525078535
1516434432923770885
1520302777821450242
1516829104456282119
1514151946512666626
1517491408483016707
1513619743898484747
1517411944038387713
1517067509287038976
1510226572485275653
1517067519546339328
1517060086388203521
1514368087948210188
1517125492121427969
1514491476830474242
1513882526045163533
1520471176698548229
1518802610920337408
1517060392488521728
1512843815866048512
1517454123590897665
1517036615553720321
1513086586874998787
1517235268025204743
1517032089299955713
1517458280582426625
1517669958586564608
1517893815557890053
1518459513132797952
1517493686967455744
1517057517506936832
1517057673736462336
1517493969814441986
1510657975303741455
1520019686280372225
1517547874770460672
1517253477948395520
1517173512691200000
1516442435450195971
1516437352268197891
1517057873834127363
1516856677672357890
1517535731241082880
1518829806800019456
1517107437748342785
1516719135346016260
1516422523361140745
1517231560323444736
1517226762857558021
1517442907912945664
1515611973773312002
1517055132889923588
1517225674947416065
1517229923739611137
1517112723523477504
1517086965295890433
1517398578850942976
1513766934076035076
1517212817694371840
1513706629513981956
1513115570878750724
1517126559634800643
1517256088244039680
1517202546967855105
1517659823554195456
1517569470549483520
1517555181994618882
1516818863475896331
1514189526574452742
1510975370673238017
1517140150765056001
1517413006635851778
1516906364018245632
1517997862243782657
1517146615206752256
1517099535696334849
1514168953895100418
1517769829415108608
1517098992521388033
1517789952339230722
1517108067535626240
1517054618911584256
1517815471193612288
1514340880378908684
1517096757355859969
1516743724419665925
1510223863342317571
1517182048284327936
1517233995196608512
1517234559917645824
1513893957838819333
1517260754642214919
1517085281073217536
1517084039030710272
1516426356028063747
1517063987527049216
1511932032846159873
1517129421060292610
1514299303472291854
1513851205251846145
1516518194198032390
1517251265209774080
1517911180815306752
1517240240821481472
1517114255199416323
1517057066149593089
1517058266316034048
1516415343689977858
1514499593353977857
1517051684559675392
1517059906708414464
1517236054935416832
1518483657211715584
1515065380758241281
1517112270727401472
1517072599175553024
1514360120624529433
1515446753910214660
1516903790200471553
1517263960571002882
1514569047584739337
1513945755765121030
1517105728137441280
1517078978351280129
1518271584317984770
1512786715592773632
1513861658803941380
1517078242246733824
1513523283450384387
1517207955443269633
1517487074437439488
1517080263729295360
1517061590805327874
1517047983333949440
