1604011577316974592
1604146518599925760
1604122447069863937
1604062503394512897
1598534687730925569
1605953380647567360
1604108835265945601
1608366056535359489
1598422568981393409
1603765591566950401
1604182985808302081
1604096858506289153
1604125918691196928
1603766224193835010
1604239873627545609
1604085004505534464
1599395889168019463
1608533662500376578
1608882417871491072
1604203040692895744
1606425238312476672
1605931252036407296
1605715788148531200
1605873182942060544
1598406309367480323
1599746260239425536
1600111567252488192
1605899524504961024
1608502393762717697
1604168971133063169
1606064712298295296
1604227214706360322
1604411020583247872
1600093895701893120
1604281149789970433
1602296137796358144
1604807761342205952
1605379461762818048
1604366959109439489
1604236904018460673
1603342066267947010
1599809194290339844
1604071287852355588
1604061684758454274
1604515827331772417
1600516641862852608
1605873320028684290
1605961271718727684
1607928642708856833
1605904436659888128
1604037130744782848
1604105426085335041
1606382690810449920
1604358675136741377
1599938292153483264
1607418794418343938
1598198341401444352
1603342199122690049
1605940556382732290
1603768449511165952
1600603490002341900
1604403607104897024
1604145062983540736
1600814097859502085
1606993357968146434
1605982450135339008
1604429133806800897
1604255355898322944
1602860440270548992
1604237529837965315
1600855719435083776
1598878473598091265
1604804627446333440
1601228324332011520
1604116873158836225
1604056015657377794
1604319397610389504
1604861593602478081
1604462513642520578
1601317838836224000
1604747363490430982
1599706125225467909
1600824014276268032
1609150612179935234
1604117653236350977
1598402494148870168
1604240447609749506
1598597742116364295
1604148092076711937
1601670779376087040
1599732378305327104
1598835245008138241
1604446263176486913
1604040890275840003
1604259609660760066
1604280504613830656
1600227196269826048
1605661050078011393
1604125786490998786
1604089084640743425
1607839652240654340
1604472135526674432
1609198881686065153
1600637284096905217
1604079713785643009
1604190284476186624
1598311990631579650
1605863271415816192
1600121067908919297
1602335490799243265
1607831592877305856
1604244858297896964
1604246760255524864
1604133331762909187
1605198394569408512
1600240651643518976
1608062302791651330
1604145202964357120
1604901667870494720
1604255191137746947
1608072385055318016
1608526253149020160
1606399960836186126
1605813481004998656
1605798618387976192
1603841179728191489
1605558665163018241
1604208794879361024
1605634030052966435
1600649688650113025
1605983677665509376
1605914678164496384
1608598719422922752
1605660657646555137
1606545520851386369
1600818819899002881
1605714008954220544
1608389703308304384
1608179739969179651
1602379685220208640
1600438162701963264
1604381524408901633
1608842746730778624
1608504449684717568
1606085645339721728
1605692759628664832
1604468112677474304
1605286812125220878
1602987288551739392
1598213110439243776
1603848947281367053
1605914060007960577
1604351303416745984
1605889603059195904
1604167162071224323
1604175179160379392
1604413522569469952
1608428146327523331
1600970775468511232
1604188963991965696
1604038877529788417
1605692749482639360
1606345588404097047
1600436907455893505
1604245387279220736
1599558585134247937
1604116774810636288
1602732529068527621
1604221416110424065
1605920096341442563
1607347171745054722
1604215464347017222
1604038195984957441
1604173619898171392
1604092324782415872
1604465790752735232
1598716473475596292
1605850958541602818
1604443688645664770
1599017484920979458
1599822198683770880
1604070445434765313
1598458474312130561
1608485862572019713
1604046868778209281
1600396918152056833
1608850218052878337
1600226445040549888
1598549943609950208
1604161076870131712
1603897873317662721
1604075934553935872
1606442134470533124
1604095602400399360
1599839171622805504
1604241725303754752
1598775315890728960
1600461585121542145
1605997684308983821
1604098620407570437
1604370401437573120
1605818753006059522
1604183567218913280
1604075492717789184
1598427200713547779
1604195789122596864
1604039430804733952
1604172245055725568
1604853065005375492
1608175953762459652
1598392510396567552
1605923884544323584
1605212493357453312
1602326241427726336
1598285501454172160
1598366402640900096
1608472235853115394
1605969953668177922
1598992572914884608
1605734679319027712
1607007407431114752
1604127287166832640
1600635672200634370
1604588263473352704
1605944217569632256
1604804624329891840
1604184544894021632
1603768151186890752
1604228091747995650
1604678027606122496
1605801844457996288
1600791360877256705
1608596509494214661
1600258064443387904
1598309808037404676
1603651376294379520
1603033231015792643
1598816859754827782
1606254878514364416
1605839962087235585
1605839275773161473
1603876878011535360
1598487434295095298
1606042307005915137
1605701210874343424
1604138720139120640
1602386530357608489
1607982969347780609
1604179397262598145
1604097723359166465
1598203890453065728
1602325987026419719
1598149129443880962
1604805585592930304
1598128683449188352
1604508067663646726
1604471188314546178
1604253307127533568
1605702856815923201
1604119355289206787
1604068162147946496
1606359985390223374
1608203262498406401
1603777684269670400
1603829036421087239
1605683615546875904
1608762239636631552
1602123307687591936
1605692501729452035
1604245367138271232
1605483143883935745
1604249936866025475
1605109518458793985
1602286740022050816
1604556243468980226
1603505832523603984
1604545191884378112
1604130887318347777
1602086645783748609
1604180926493229057
1604415005469954049
1601112320138092544
1604255161374867458
1600057719460925440
1604276860699000835
1603783615808094208
1604283923210682370
1604265352782823425
1604452745855270913
1600006354978361344
1600636048463347714
1598123628453064704
1604352655983362048
1604037635252658177
1608447831240577031
1604052556849766401
1608464543356977153
1599775726773100544
1605828390086270977
1609187664590168064
1607833365599686659
1603021113717555203
1604100766540627970
1605367633057964033
1609178754793832450
1604043236665876481
1600088355995357186
1607861810631217154
1598482644274225155
1604992527710695425
1604242734100975618
1604917229572816920
1604038938028638208
1604385749247344640
1605789116964098048
1606241976722100224
1602134327445159937
1600557074177409027
1604107104507273216
1605795262294892545
1599534346834042880
1600826778641014784
1604683876382679041
1599919326743494657
1605946902360514562
1604117226952564736
1600513072472461315
1604271264553738240
1600571839448760341
1604841471114629120
1603039363667054600
1605203797558665216
1604172640243142658
1604230022897799171
1604263098239557632
1605827187235590144
1603490803204120592
1604304140934565893
1605679535256502272
1605924380298485760
1604044203901784064
1602793294261587973
1604248279394521089
1605720285021319168
1604117813370753025
1604845990296653824
1607835424818606081
1604494639272058881
1604214040938827776
1604126562822955009
1607981746963849216
1605809605832892416
1604215693146218498
1608639251926880256
1604565824722845696
1603924840360345601
1604150672441479168
1601101396279169025
1604037326774054913
1604206539794833408
1605981022864044033
1603767617566695424
1599696759785017344
1604146682471612422
1598210522004205568
1604805662902558721
1603772061872279553
1604202900221300742
1602234232021172225
1604750049203716096
1604052597203247110
1601279303744122880
1604391507242274817
1600086373448359936
1607981730224381953
1605792646709903361
1604468383931437062
1604036753815474177
1602383163354849280
1604206947598602242
1604040384002379777
1604158826118250500
1608950677321175042
1604132087182884871
1604941876771037198
1598105240183902211
1604502165048918019
1604126874195529729
1603851281919053841
1608456881311301633
1601794741254774784
1604553454525059079
1604170617799983104
1606756779127459841
1604973326086320131
1605142526285037568
1607058951022985216
1607568988250202119
1600610262930817026
1602981575188152322
1603900466307416066
1604264861130985474
1604206680077750274
1607015307222073344
1600490210470596608
1599835421134884864
1608465384973426689
1608431056470044672
1606566318421016576
1603821797539213312
1608594099757776897
1602128482082983937
1604102335097360384
1604201367324819461
1603258630903562242
1606381314910797824
1604080819630374914
1604056265180807168
1602029898893209601
1604677406886862848
1602272234856484866
1604728438279004160
1604185890699485186
1604165133512892416
1600991091108433921
1603767982634991617
1606204819915476993
1609255952506667009
1604088021481099265
1608831472705867778
1604050253048680449
1604152504287170560
1608474184069558274
1604471696320331776
1604194757743296512
1604265303805919233
1604045242470207492
1604542323907502080
1604250187219623937
1603397546386259969
1605888970809757696
1604109990343725059
1599725360643338241
1604901717363068950
1606993056024375297
1606568960182390784
1601961728794939392
1604239064504598528
1598390810659127297
1600146964925976576
1604803536046407680
1599848077480689666
1608046578979459072
1604236573947609090
1604243486777036801
1604235976456503296
1604228574520770560
1598610381026516992
1607733663373869057
1604143161768542208
1599475924314923011
1599836287514869761
1604119719551827970
1603116730481610752
1604909700432252930
1605919044711981057
1604043246015254528
1598395891043700738
1604162176151093250
1603768136150290432
1602423041694146560
1606003796051517441
1598686471921221640
1608575684494118913
1604457716646395905
1608556677997162496
1602306402990452737
1605845301339856896
1598425589911887875
1604185205488730117
1608008065458085890
1598199024649371648
1604057642632200193
1604079784027455493
1603141447900856321
1604192337281925120
1602467693696892929
1604037485218369536
1604583457484668929
1609169366905405441
1604218607679963137
1604970765425823744
1604244328821440513
1604037845911588869
1603816216015011858
1598435722993995777
1608600339716136960
1604156800978554880
1604444159678599168
1604172873182347264
1598913566173634565
1604423655060115458
1604396384110710784
1600226734506659840
1605795277197017088
1606391581606613000
1605682429095825408
1605866618008895488
1605614718697082887
1600323540007682050
1607831504830320640
1605712950320369669
1604408647936778243
1604140638576209920
1604097307665993731
1600273849957814272
1608493953967587333
1604444189080842246
1605986818758934528
1602331654688677888
1603865565923270663
1604114424939397120
1600988877204123650
1604132326501400576
1608538064095248386
1598501050230706176
1604489061431140352
1603726704941633541
1604048329607872513
1604358192707690496
1604046506708946945
1604367660199944192
1607870430253318144
1604042781793701891
1604083547513446400
1608875596213530624
1604246069638053894
1604453726843977731
1600317250187120640
1606999630545555461
1604744843846160391
1598455734140039169
1604231727081193473
1606245862711214085
1604184193285644292
1600685339198500864
1600117480046809089
1604171531067658240
1599842392575995904
1598423773652344832
1601740498456018945
1600931734366916608
1598291251643953153
1604228973726236672
1605903277668925443
1604936525657309184
1598201746622664705
1600232203400531968
1605964156607156229
1607083041436102656
1604356883149516801
1598442162500390914
1603812985088229398
1604405153251090433
1606030724154347520
1604324649667534848
1598486034110726146
1605866601865175042
1599869687478636544
1598240346680758274
1600021063219281920
1604060433681448960
1605219059703988227
1606182194862383106
1608464693315899392
1603141120682229763
1606405937895542784
1604107350385856512
1609132515628810240
1603913853376528385
1604483136506716162
1604187220109234176
1606341710719684608
1605903198652452864
1604037989889634305
1603803265136672770
1605261654438060078
1606991752535355393
1604165290983563265
1604471274226565120
1603874945867603991
1604061595478687744
1608506792048214016
1604068414976393216
1605677185552875523
1604540303213461504
1604186252114366464
1604057197989826563
1598346631665094658
1600085216181325829
1598199620248940544
1607014520576147457
1604188646067916801
1605898040870592514
1604127439231279104
1606414013956505606
1604091442540019713
1605691461231681538
1607835602111586304
1604203707402436609
1598403515948433427
1598107653070544896
1600452412250017792
1600697656145481728
1603777667135840259
1605795644232404992
1598367912817041409
1608396240492056580
1607835126456631298
1606342642605985792
1604082370126176256
1605716933286019073
1599803600137355268
1598397796121542661
1604514034161659911
1600818341740175360
1607433225147752448
1604309027043049472
1605829738429300738
1605335103898791936
1600320671967739906
1600686516237307904
1605829873934553089
1604228387991584768
1604064653503787008
1604283174137233410
1601964742137942016
1609051324527661057
1600936697151123456
1604124044982423553
1598422955758784513
1604045933398085633
1602098485704130561
1608447809644290049
1598437711827853312
1603791922027536384
1604046781683204096
1603823108875485193
1604184755829972992
1605666132358225920
1604112722412548097
1601955389842391040
1602677663595958274
1604143074300817408
1603328554716073984
1608381634512031746
1598375560215990276
1604531986114416640
1604171868922970112
1606438382153900033
1604389023388164097
1604056980783566849
1602086518222245888
1608092802898100226
1604027227749765120
1606772100781543429
1605655214815514624
1607642873666719746
1602925581078859777
1601148144615837696
1599701397305688064
1604140912698966018
1605648588167647247
1601958921551257600
1605853741978107904
1608448080570974210
1602982838617669634
1604085838756864001
1604017672819204105
1600933958778511360
1606233554215583745
1608409865516625923
1600905154941026304
1608201605916024833
1603086224876392448
1604097074596913153
1604235019387543557
1605968500429713408
1608732090039939077
1600606618063933451
1604981659983642625
1600487198981332993
1602742241495482368
1604537178159476736
1602016726740238336
1601562909855084545
1608369310879346690
1605063376899555328
1607924307266793473
1604237294449434627
1599910226462969862
1598397798747344896
1608069070984810498
1604512658891460612
1605531156337795073
1604203122246553600
1602331981580156930
1603131383769337857
1606623304445411328
1607012724319391745
1604510488653713409
1604082454284877826
1604119217183375362
1598586301367943169
1604510456076554241
1604198440719851525
1604068425436905476
1605932793153740800
1604193958430912512
1600255216087023616
1604076121288740864
1598323341701615617
1603903978982543360
1605703328771428352
1604876193609797633
1601227718984888320
1604076605475016710
1604127344838561792
1608599022885048321
1604038659543629826
1604047163746418692
1599703880279130112
1602806551588311041
1604705834382114816
1607831897564155905
1602385681786994712
1604049936928096256
1600638090015608832
1607830809729458176
1608466928548331523
1606025888356769793
1604379655766769664
1604039647004430338
1604090929480171520
1604542033774903300
1608519902310326273
1605729716530548736
1604606479708856322
1598428788614139904
1604517094489464839
1603863477675778061
1599736513004085248
1604058008383881216
1603802948475273216
1605573120953266176
1604171864443478016
1602257181314895874
1604433102918615041
1605887242228178950
1606445736631173121
1604109431490416644
1604437791789973504
1604127051916742656
1608402333125181442
1598481094382440449
1599882164560334849
1605802539282182144
1605898198681272320
1600462065516224512
1604820312616341504
1608520923564605442
1599835306739367936
1605647701093122048
1604409523028074496
1604174817942507524
1604194072151101440
1599389901916876800
1604180764559646720
1603784283642028035
1607317760832573441
1607549818678792193
1608204380347449345
1604045500319399936
1604072148775362560
1604075494177378305
1605292366096748555
1604803480878727168
1605993802656792590
1604097635115155459
1604305443907670017
1604402825949315074
1604139248059301888
1604422171589238786
1605697329578708995
1604742063399964672
1599790919430983681
1607830495877791745
1604807637857669120
1604905957217427457
1605899887727579136
1603777081346691072
1601962522239590400
1601860862054387712
1605715767646887936
1604064819191156736
1600470724627398662
1604193576581464064
1605968109331890181
1603798073641402368
1604605722855088129
1606035226404147202
1604286938545913856
1607832320219951105
1604043124568883203
1604037335586308099
1598655220329742338
1600399188197613568
1609200567254917120
1605294249095974935
1601967528179224576
1603767634444619780
1604242340893319168
1605809371329372163
1604209004506390528
1607295458581569537
1599404813598351360
1598485610138054656
1598235242732875776
1603805302570246144
1604144336823803906
1604055300759224320
1604389317446606850
1605907085841113091
1604444289215463424
1601149588403912711
1602451207749914624
1604037149594161152
1602974414190292992
1604061364439453697
1604890199812497409
1602124381496524801
1600632287628066817
1603856595892461578
1604844379998507008
1607902097458200584
1603772199520899072
1605912287918886919
1605286828583669780
1605674810419187713
1602088069708251136
1603770045414326272
1598388921452429314
1605939407575449602
1605858077592276992
1602370274476920863
1604184841574002689
1605546664848019457
1600527311752790018
1600967137644150785
1606402504991940627
1605942020886986752
1604620717932232704
1604629335167696898
1606599682209112064
1605716870270570496
1605831308013346817
1599295948345470976
1604233206521368576
1598242153385398273
1608725971166990339
1603804107168440320
1604129811907182596
1604091402857680896
1607672173807734784
1607861035435790337
1601605352104960000
1606345162740961292
1605893968729935872
1599037342324359168
1605825191099002880
1608398379985559556
1604044485687640064
1604406690832531456
1609239511317491717
1604230799951560704
1607892226700443649
1604838042040147972
1606364784139567107
1605837038413942784
1603919355028574209
1598296148984623104
1605835824834166784
1604040205769531393
1598441177375969280
1605681801233670146
1604104694502395904
1605125428129267714
1602344054448361478
1604878034858782721
1608460996150018048
1603911043570438147
1605820620641603584
1605828315188760576
1606293179916988416
1608657761021362178
1607398383458865152
1604143532049960961
1604525501468377089
1600814674618253313
1602009502303272964
1600078605823881216
1604482191513174016
1604883255072677889
1601141045399814146
1604053780647010304
1604066468768907267
1604108619900862464
1604038076342435842
1604097897229844482
1605730215463751680
1604046616410951688
1604935718526132225
1599839228778553344
1605141407244632066
1608384835889897474
1598146926125645827
1603769637379907584
1605932991452090368
1600541349211783196
1599717706843844608
1604055112531468289
1600548798295515137
1603951729422512128
1599921745993015296
1604078938409533440
1602778262635270144
1598222404995624960
1604416718134296576
1598391407462547461
1598640346652545024
1608855851795898369
1604142538016915456
1603982166634938369
1602467481922117632
1604133072072589312
1601586681894707200
1604041133780238336
1604449773984940032
1604194504763772928
1607027181296947203
1603081372058402816
1600463909198041088
1606012600591912960
1604062283323277312
1604054453149224960
1602292240004562944
1604052765474295809
1604203185652269056
1598306668873486336
1604389235976507392
1607497891865567232
1604253488560611328
1604211250124427266
1607832013826035718
1608813227256995847
1604100278759849987
1604039505475952641
1604212231150845953
1605754411585835009
1604395601768095746
1604308535751630848
1603767257083138050
1604507300802314246
1608708390867591169
1604513784059789313
1605670866536353792
1604138002191904769
1604217403306434560
1600199652858421250
1605880660455030786
1598743574107099155
1605851525372321794
1602994715070185472
1605910333767520257
1603863863602122753
1604122773047349249
1605942216412696577
1608451442402107393
1607814310939746306
1604634556522340352
1603109974552764416
1598357270647169027
1608822409590870016
1604204324602642433
1604040133841403904
1604083470250217475
1600596238595940352
1604170198772117505
1605677426746331136
1606993112139792384
1601656047294636032
1605801973772652545
1604126456736796673
1604190575150108674
1600660412663726080
1599742004652433408
1608749069685649409
1598290534438617089
1604056513982726144
1604125814727086080
1601292469542432768
1604054619054915588
1598202339290226689
1604561597241909257
1605391675723231234
1603822593244598272
1600053426930429952
1604100241958936576
1604474645796765696
1604286252920066049
1603764964837031936
1603769698851721216
1604621057968799750
1605959355991560193
1605682536352555013
1608011566930137096
1604116214233587712
1604239737665245184
1605834469281144832
1605145265991819265
1604065557166362629
1599890689571311617
1603798550537818113
1599924901024268288
1604044552070897664
1605959849438629890
1604151060209496064
1599833477796413440
1600556509720518656
1604125451206770693
1608526700136271872
1604296715246665728
1601968186529816580
1601979173097988097
1605916042664050690
1604528605156909057
1608723215702188034
1598184628313292801
1604242774139850753
1606256597792980992
1604050417012379649
1598309844464898051
1606436235127529476
1604535537406251009
1604099190585532416
1604406392869339136
1603378442459807746
1601902814267117569
1600892639603478535
1598353007065923586
1604914039523774464
1604225647378944007
1600225606477615104
1606414898971512835
1604168628701732865
1598590935189041152
1604160825530675201
1605849888763191297
1608525104018767875
1604083944038617088
1603141447800193026
1599766690966827008
1608644871459581953
1604170193390907392
1602792024184332290
1604126128083697665
1604394044452487174
1603780820778500096
1608132635137540097
1605931744070225922
1604508365534756878
1598641390421803008
1605725375316705280
1603848467817893893
1604231208833110022
1602989372399157248
1599798349778911239
1604065907952832512
1600941974403833856
1601956479137116160
1604127951834025989
1604860768863735808
1604446238807662592
1603773665958821889
1598185012457009152
1598685446711623681
1604403498317221890
1604293095620636672
1599748553106022400
1607733597187805185
1604059115365580800
1606035328686428162
1604828708107427842
1605914664658997248
1605928764927578112
1604117927623639041
1605651897997791257
1606613551791034368
1603858249207406610
1604169461396901889
1601606272738299906
1604051810058207232
1605692713004724224
1605960397701320704
1604046573796818948
1605838791813451777
1608188057689243649
1604098212649873408
1604408067247943680
1603674383889104898
1600614949365186561
1606365886947917838
1600303924363530241
1603845318679924736
1600080063520600064
1604349886010253312
1600899674776666112
1598849889483382784
1605398829603364864
1605901200120942592
1604240732784676864
1604055436608536576
1600089611115659264
1602123106788704256
1604656655089938434
1603382650575753216
1600630742362386432
1604089118946123776
1605996815454679040
1605904153003167744
1604120407732375553
1604414978081046529
1603749058698362881
1598974400694714370
1600487737525772291
1604572623098085377
1600921196891033600
1605244783735316482
1600366500212195328
1604404871339327489
1604093179581472771
1604038754288779264
1600399056794025984
1604189244469219330
1604155676095578112
1607910899872043008
1604080793617317888
1599815388572680192
1600225753894830080
1604048022454902784
1603234340606861313
1604381637671788545
1600938560713940992
1605857416427479042
1604472863850913792
1600145827951149057
1608937464722513920
1603126295185207296
1604132900240207873
1604119239245418496
1598689440041295873
1608402639137701888
1608355135540891651
1604197113193271298
1604037775442984961
1608188070154715138
1600618615971074048
1604081643031072769
1605694624076423168
1600111442275241987
1600636741257498624
1605187458425036801
1607556042182873088
1604176596327608320
1604230049200189440
1607375121127477251
1606007947598839808
1604974204037861377
1604146188542181377
1604062918240337921
1603832975073767424
1605807205990686720
1604052232139177984
1605950329220173833
1605926806174957575
1604394737640906753
1604124376177287169
1608596251037007875
1600646046341791744
1608444319542775809
1604128654984114176
1607833828776722432
1600278133910823073
1607835171893694465
1603800376985194496
1602011968545558528
1600906334781976576
1607835972636483585
1604524508580556800
1604126394153312259
1604165589743726592
1605691465086246921
1601518523180019712
1604136364194291713
1598399616843747328
1605712728584343559
1599827119873282048
1605997415001104385
1604148477990256641
1605349358152863745
1604809758896058368
1606697157746098177
1604825710861901824
1604122957340557314
1604144386463375361
1604641959901106178
1602916766790795264
1605935138281504771
1603069095720656898
1604374632655720449
1600863999482011652
1604161189428068352
1598560734446862337
1604069815458594816
1604541025468485633
1604458049410072577
1603146074717409283
1606999436898570242
1604328382522695680
1606305931725193218
1606575397436805120
1604229244414005249
1602237927764942851
1607833328886943753
1603864307128754183
1604161546028040192
1604764791150608385
1608451255218704388
1604389133891379200
1604159985474207750
1598407248702832674
1598424435547054092
1600093832900665345
1605495572936261633
1604810668930387968
1604071566278627333
1600239835721015296
1599040176172343296
1600227160819585024
1608426206172516352
1603769581986000896
1604078618740752384
1606382209476206592
1603839814331092992
1600396939551350784
1600751562032181248
1604224691018817536
1599109987166720000
1604142476742180864
1604047783845138432
1602126980643786752
1606574016457752577
1607850524937977856
1604263340917792769
1607591940354379779
1605831834268491777
1603786039109111812
1603522549085675520
1606123285481107456
1604039749848780800
1603914206029365248
1605795238261362689
1609224621513125888
1606317071649816576
1600790206608965632
1598202749241659392
1604070495535923201
1604562843692666882
1604390559304523779
1604498399281221638
1604286558923898880
1603003228840374272
1605134985098321920
1604392758311002112
1602104144797499392
1598285019881299969
1605901931544821763
1602109757426319360
1604144593620058114
1604059946433351682
1604485284669685760
1604233392748363779
1604231813949530112
1604144999636926465
1608186219673915392
1604873954367508480
1608495138397114368
1600174537265405952
1600406126687703040
1604889537280458752
1606212495336558593
1605696464189022213
1608176998106501121
1606560371342442496
1605209944038555648
1604081077517451265
1604257787546341376
1599825560737558530
1607311107840000000
1608447904834019328
1604796596117544960
1604070690143043584
1604384577866317825
1604904743259832334
1607547887172427776
1599156401128890368
1608449419871137797
1598237505190432768
1603773956997226497
1607832114145394689
1598269768250769409
1604908375606956033
1604634972496740352
1607051677814689793
1604200635389575168
1601025911687503872
1600226310491512834
1604275113276350465
1604904771369857024
1605647218060435456
1603233088057769984
1604133510083534848
1606444386581188611
1606807911031865344
1606569490128556033
1600089922748260352
1605869457284337665
1604468968051179520
1607835610739531776
1604074220979474432
1603765878642061313
1605045705248313344
1602269428762148864
1605668764296523776
1604514271617896449
1604806634118983685
1599745142701064192
1604480381507575809
1609254417802604546
1603818054575702016
1598221073971126274
1599628598503096321
1608485737653047297
1604039721541406720
1604121403220951040
1604496641184104450
1606302463878799360
1607850878731517952
1605877763671556096
1604111541594472448
1604146554515755009
1603146777208754176
1608519615461658627
1604231966915805185
1603869922379063308
1600988940294844420
1608390659345616898
1599727550565007361
1606038413534117888
1605712552331051008
1603893699762700288
1600130382224977920
1605773280979300353
1598812545946714114
1600113397927927815
1604445884791627777
1605713058180919296
1600130785243107328
1608488009212768261
1605257104075399188
1603779581713981441
1605683600174632960
1604090375077072896
1605859144732483586
1606998304549732405
1605928732417556487
1604099265097342976
1604045798576111616
1601969470565556224
1608940637256290304
1602335782689247234
1605673544976850962
1604056537223385089
1601956978678374402
1607834594572906496
1606178963440562176
1602214943054495744
1608434919423807489
1605910278670929920
1598647270555062272
1604102793744318466
1601282637691092992
1604541095479853062
1604231921797586945
1603098594068037632
1605792698891440129
1608542671269933056
1606363839024463879
1598202372517679104
1604246886952697857
1604241312625987587
1608850331362021381
1604068643515428864
1599835663301750785
1598303570633560064
1605861344992931840
1607000340951601154
1605900189281263620
1604105272590573570
1600137369193021440
1599902503922913280
1598525782170763265
1605719354015764480
1604409876591292416
1604498424061206528
1604099665519165441
1608503294590177280
1605039283965788160
1605825809507180544
1606402479759007745
1607845140550553600
1604232466314809345
1604398557603037184
1604206933824659456
1604188846232666122
1603907065780527104
1607867034410577921
1604385715567083522
1604110549142454273
1606997547389968384
1600950421782142996
1608988101132816385
1599839458966532102
1598259977923465218
1601963532945625089
1606539722561654784
1605853413576626176
1604194105185406976
1603816663702437893
1604088419730219009
1604237845253656577
1600359707771899906
1604396353886437376
1604443596551233536
1604807504138993666
1608836322021740544
1605874094276087809
1602694943730012160
1605955306848075776
1607870978788302848
1599369253030752256
1609019675484246019
1604335320484438017
1604169688850006016
1604063810633043970
1600089546275758080
1603884756466294785
1599842697270861825
1604088569617866752
1602345177837879299
1604372923212615682
1603015505551441920
1598457390256779264
1600615523078766592
1603904455585439744
1604632490605510656
1599903834410655744
1605070346503290881
1604184668244676608
1608185553446387716
1605075246746193920
1604588151829397505
1603897870129807360
1604115904500940800
1606597507852533760
1604454736803074048
1604581882502471686
1603838571881893902
1607874112889782273
1604107017764888576
1601269983065120774
1602957123113082880
1604038477275881472
1598439221408432128
1600576847414181907
1604560903533481986
1604248633016295426
1604346433963958273
1599578251948539904
1604178959025016832
1604117627412135938
1604037433632460800
1607269915655905280
1598390135435001866
1603779419893645313
1599770194628337665
1604148785088958466
1605251276362903552
1604037183505047555
1600952530955284480
1608945991331479554
1604092694036373508
1604393730240299011
1600253201734852609
1604374352501227521
1605914658694746113
1604062036056498176
1604043669341814785
1604057677394501634
1604999645708832768
1600935628547375104
1605737529256202240
1608653967621525506
1608263231931580416
1604944456272191501
1600558781062344704
1602437160769974272
1606381878671511564
1604106742794780674
1605724459679117312
1607831144489275393
1605749090230444032
1604144039896485888
1598259997388943360
1608654037175656448
1608482583456944128
1604050239245225984
1600281971460300802
1600872804731465728
1604117088456556545
1602665018902056963
1608936719071719425
1607076801582358529
1604112780579045376
1605703345804439552
1600508308389076995
1605934056109215744
1605703781034901506
1604522000906698755
1604186193003876352
1603379464448212993
1608818293774905344
1604809818048544768
1605943084382146560
1603590902307467267
1600623870939201536
1600891587781087233
1607068660627128321
1605675534117216256
1604464757926420482
1607092261329813511
1600054076355624961
1599968649246552064
1604080521428041729
1607064272714010632
1600647556287332352
1600518347803840514
1605865229069402112
1604435082265169921
1609249785717968901
1603766707839025158
1600312514847178752
1603797636678418432
1606992675848458241
1600304225262632960
1604047508770115586
1603773595272024065
1605839808298876928
1604202942864703489
1604397405323116545
1605888718497230849
1604515012265082880
1607083361952215040
1607975667366334466
1604522312510115840
1604226831275761666
1604373740560830465
1604383465952141314
1601605098257674240
1604072532772003841
1600223284351668225
1607847627218993152
1604551915588972545
1606996354672521216
1600089354801934337
1598781201749315612
1606032236133855233
1604103355680399361
1604100396460675073
1604253554876862464
1603938578991456257
1608738371198922760
1608446628771557376
1604042899640958976
1604105953707667456
1604070217570693120
1604177830534848515
1602772374138818560
1604465191022112769
1604117126851305473
1605149706971226113
1604185233682989056
1607741614134550528
1604084706001174529
1605823635846885376
1606483227052761089
1605802924365561856
1606673153911971840
1608302931576590338
1604127061915869188
1604094182334808065
1603766106832896000
1598604910920179714
1605748971334516738
1599821968911798276
1602985867592843267
1604506687976529921
1604048382422667264
1604286615907704832
1604579889365000194
1608493977845760001
1604397372888518658
1608676639483002880
1603831048000897038
1605270044723781662
1604093638090293251
1599010085329436678
1608430895425531906
1599882663594455040
1605079817140916224
1600400117047205894
1600985245167235072
1600472020331819008
1604206339256995840
1604065335199637504
1599306602771017734
1604730169129934848
1603133730029182979
1609212979324616710
1605933770002927617
1607832718141685760
1604363336744943616
1599794429635678208
1604527055181271040
1604048350042808320
1604486253587894274
1608139874946764800
1605831883836624897
1598574746001707013
1605690333408501773
1599674406389055488
1604434731478687744
1606301949149663232
1607835145847070720
1600471360068673536
1604127738226704384
1605921701384126465
1604178721346306049
1598356147907469313
1608186864174878721
1603439740778430469
1604757296940195840
1609218173466714113
1599443189970403328
1603794961312681984
1608495787922829312
1606566585845645312
1608437561357205505
1607831077527212032
1600018632523685888
1605792446356430850
1600477760287166464
1604454942537699329
1604823461158948865
1604088204524675074
1607835440433733636
1604050138296483841
1605156650100445184
1604084679451332608
1604115576317698050
1605713112035909633
1604138060756779009
1603809388984254497
1604060324210122753
1603872017752678413
1604640543123935234
1598373394701029384
1607855719419625473
1600053938702516224
1607862557431271425
1604977626912784387
1605828580952444929
1600304572743897089
1604473503826055169
1600232991900413952
1603072903800569856
1599220192294621185
1608533162275246080
1604208059185758213
1608036878854373376
1607845273463656449
1605344960697565184
1605139088767700993
1604039005435207680
1608402041126416386
1604120848238907394
1605666468548333568
1604117217808977923
1604410078169370624
1605589798021828609
1598231875700809728
1598524997273886720
1601504650422759424
1600687708514705408
1599756543724908546
1604096804936880128
1605837397026934786
