1496524242510356482
1490246268236541952
1496416981041491969
1496177151300849671
1494405164429680640
1498173146708512769
1490319467175460874
1492459977818009601
1492029376136986624
1496141010048585733
1496151219710173190
1498035747219197957
1496144678575562757
1493685279307317252
1493916228540321801
1494660173549293569
1490090818820100097
1498052767012855814
1493394027625910272
1492799429971410948
1496115802898145283
1494816189846982657
1494547998092763138
1491894373365202944
1492558881087705089
1492510642984660994
1496190030905331713
1494852357410066433
1492317555838492676
1489881471586377728
1496921700524609537
1489578031547097094
1496936399257636866
1498079009569230858
1490663606672891912
1488769002646163456
1496091011067621377
1490268558718287873
1495577250804252673
1494425590505607169
1497634295309029382
1497662722477113349
1496138056663023619
1494642076763492359
1492521391609901060
1498222175890853888
1494356544976269320
1488487786214838276
1493304366765416448
1496151739594067977
1492481568203427842
1492065268625022980
1491530648737177605
1496612174818689035
1497978378921693186
1494011526310678528
1496525524818087938
1496599103878443010
1490410925106544640
1496264424755183616
1498363978522800130
1498053990290010115
1496151877788053511
1493883816749977600
1492549160536530955
1496227412740354050
1491772685260673027
1496895673228308483
1498010600605167618
1496225418260713473
1495776673526071298
1495182340796125186
1496172130379223040
1492286947649212417
1496202996102967300
1494365243618869252
1496774007772831744
1496219515910250497
1496140154796400642
1492488216607436802
1488553541346209800
1496329091766751232
1489744447902470147
1498029421013438464
1492040230479794178
1495378302030209032
1496819218024648704
1488934263105982467
1498402409290342404
1495213851473756164
1495387663725207559
1496419869843144704
1495432806629089285
1496254495726182403
1492501841757683712
1492335491168960514
1492424778811990021
1496895369032220681
1496089529480105984
1496256066774093824
1497994605916270593
1496147973855657985
1494357096690765824
1496237826064764928
1492463851320889345
1498043565028618242
1490114710154457090
1496272250449895424
1489119355354890243
1492522421668118532
1493978692929953800
1495268843387691013
1491483427169841157
1490451443404451846
1496460839280431106
1494650889079980032
1496091800217522176
1496224911764951040
1493534908291207170
1492532220363423747
1497646585156669449
1489173930594254854
1492531109715795970
1496674738076147712
1496759235945943040
1491449652826501122
1490342859995811845
1497997480507682821
1490878926285000712
1496410036515577857
1488602467063709696
1496172085479153669
1491412920009658368
1490737573110628355
1496347992131002370
1496089168916664327
1498011723021778945
1495896044747558918
1494643609374658560
1494357997283328000
1496080866627440640
1495866570891055104
1492094532174942243
1488629882988941316
1489606828338073600
1496201609344339974
1496751992852594688
1496467238190206983
1492485669318545409
1494402642046554117
1496237075657633798
1492494525687861256
1492116849865207812
1496141846971621376
1492114290274226178
1496139465517158416
1496494422762082306
1492039490436743173
1496146562925355014
1496203080358113280
1496138051407466506
1494652815410536449
1496474960411652097
1493894872989904900
1492133293734744064
1496580580410019847
1493881467520393222
1496223736651038721
1496159373483474947
1497998415887835136
1494363833686761473
1492123754713042948
1496270193370320907
1490108424541122561
1494654081087901698
1496143807351603202
1488663939466596352
1497691335398146065
1496757721894318080
1496395454476656645
1496186214654828550
1492649474585362432
1492505182487576578
1496202197494898696
1492498701285150720
1496262143334830092
1496272312609513483
1496390411098669057
1494365183384371202
1496230146038194183
1496178852997087237
1496144097668653058
1494719033501167618
1496660924060495874
1490728097179750403
1491823743584374788
1496486450476552193
1496272778877890560
1492493998220447749
1496536983547568132
1496950188845371393
1496152398783463430
1489608592911175684
1491875808302059526
1496151924864864260
1490725337730363393
1496156402842320900
1498023775501176842
1492359533766742017
1496403867533258752
1488409465594519552
1497572804488843273
1492073720290197506
1496242644242112519
1493979710178660353
1496183251718791170
1498091899839819781
1496494838698717185
1489539767503052801
1496826130447413258
1496248302819586052
1496872934392012813
1492496435345956866
1492463624102756354
1495863919663095814
1490873442953928704
1496194679590768642
1496149892116459539
1492604965138878465
1498380612167770119
1496766314681098242
1497975692025339911
1492634348029235202
1492252364555931651
1498002198462181386
1489649945716035585
1494044362925387784
1495031172413460485
1496152534523826185
1498031319401615368
1496209078435123200
1496140927378862088
1496161223095857160
1496139593749614593
1492152468804972547
1495232190426324993
1498306899913199623
1496097082972721157
1491417731006369792
1490399090286473223
1496149916963553282
1496270366473437191
1493180004188008452
1493962141744996357
1493713534156480524
1490276254460878850
1496755155299180544
1496768939350708224
1497999211903668225
1496459303762513920
1498029360447586306
1496149157668696065
1496841424217718795
1492039992004198415
1490325807675453448
1498375419686440966
1494521566050271241
1489504918268485633
1496200453905915904
1492128322754654209
1496208475919163393
1496861956397051906
1494370195976118278
1493303490101362688
1493202097201811460
1496472727418462208
1494521898612449286
1494708516967358483
1498437876060667905
1497741440423587843
1496602158510268421
1496765911407202305
1496054243710615552
1496123572716294144
1496144942548328449
1496958354714935307
1497994825613950980
1496176465980932102
1496185925545697281
1496501399558963200
1496139417534271494
1496186253854842883
1496149220176318475
1496184249103360011
1498078847123828744
1496247244332351496
1491085284699607040
1494388928627060740
1496131818399092736
1492412416726085634
1492694196846620672
1496089881390505986
1496150312868106254
1494389315333468165
1497998315102908421
1497996573464219653
1498098855996493826
1498001148862738432
1491504256276389895
1496608913797484544
1493331071747903490
1496322605137154051
1495315929672126466
1496190662756155396
1488562357131436039
1491119867356921862
1489278560787390475
1498026702185943047
1496245800560734208
1496970497942339584
1490321131332685824
1494798683249987587
1494367115851280388
1498060032004571138
1496209314549309447
1489324380853317636
1490313471598247937
1492481514801545217
1494420186677587979
1496109106117107713
1496139419698573325
1492322794520068096
1496138090506854403
1494592265653792787
1496210694596931587
1496186672035373056
1496698410006581254
1496158588183658500
1489315752788307979
1496148729635737607
1493169832904298496
1495374355878006790
1494359127715463176
1496195543827197952
1496527626202144769
1492695481880756224
1493979809751478275
1496838219719081986
1496548713082277895
1496102831790637060
1496495638212718598
1496157532720615426
1496174718268882959
1497222270296772608
1496164167266574345
1496951100263608322
1496202864813047808
1489606216653365260
1496298356221558787
1496822308165627906
1492826655617806339
1494359268937674752
1498442267505442823
1496113903423700992
1493642007012687877
1496138240449032194
1496624280565604353
1496490384041689092
1494647543925510147
1494297197931864071
1495345648765394947
1496189747315752962
1492523560740474881
1496469865208905734
1491906291761098760
1491034028866424833
1494406485618700292
1497389166761439232
1488835561418801153
1496148963430387715
1496419568994205698
1496255961878732800
1496145845506428945
1494610106109075465
1496477511009673220
1492525588157845505
1495845296072536066
1494663277573337092
1498025626791460871
1496572771157315584
1490578344546643970
1496395864851591168
1494365141781131267
1492675536790904833
1492476654790217728
1496217917284884480
1496145858307444742
1497558916825296907
1496523673943085061
1494356421428793347
1493979769070891015
1495417313373437960
1492058346966368297
1496099861980196872
1496178760349065216
1497199027569496068
1496771131449098240
1496141672274661392
1488926144229478410
1495328426357661697
1496548841008553992
1496161565380390917
1492363652921544704
1494712087066599427
1496188046361907206
1496121908642918400
1496092056212680705
1490307662956924936
1491441843820974080
1488784555897204740
1489320706047455232
1497592845804482572
1497328015084302341
1496184612489465857
1496095693248806913
1489609813491437571
1492534812917350403
1496227556256854024
1497682360992776195
1494394447592931329
1489610372051054595
1496241384801583106
1497871534903291908
1497569453848109058
1496181532326772744
1496146427441000462
1496138171511455748
1492288901343444993
1496498467749117953
1497981836093317122
1498316207514075139
1496156025967292429
1496152869128609813
1496179948167610376
1497599694847070215
1489320386873413634
1496963470847324167
1491074387734568966
1490856326628474884
1498059283656814593
1492239921393725441
1498026055529025537
1488955995233607683
1496522794041024514
1496223385562591235
1496190742481489922
1492057760707526670
1490058269653618695
1495014531596128260
1496408530513018882
1491089051549859840
1492498156038148097
1489628235033886722
1496204316511768578
1492484325958316033
1496261776752660481
1494390121247956993
1496145838321684487
1495045881225256961
1490690384007245827
1494365259888529413
1495770977078325249
1496091314538045442
1492469674113527809
1496496971456122883
1490322488051613710
1496106087535288325
1496184948268621824
1495179882300641282
1498002033739243524
1495357413783912449
1496220149858418693
1496190889089286147
1488814231176855554
1498151340672880646
1496272010091151364
1494356537757863949
1496789832252604416
1494357402367451137
1496511012987711494
1488304994000379906
1496241026062815244
1495382308584570885
1495293965045743622
1492184075163078660
1496265101443497984
1496175218112536580
1492046226287640587
1496149367421644807
1492218492694654976
1498383883326345222
1492496340491853826
1489774678537293825
1494522963516813315
1494369410051710980
1496283881028390912
1490120268135780354
1497349340662312963
1496104779940081666
1497577289898500106
1494422222550753290
1490349795810197504
1496297969619980290
1492030569085083669
1493540453815361543
1496146484823310345
1498081015662882817
1490392946717429777
1496236922422898690
1496670688110735361
1496120826923556864
1489556506714558465
1494421948939575296
1492051779713908770
1497974301848387589
1494550230997651457
1491737592664109062
1490334938365071362
1492641181292920832
1492223207725682691
1496752922557927424
1498346554490560516
1496206526297616394
1494421779758125059
1495178140393607172
1496158034342596608
1496061837711921153
1496954203801018368
1492044757958377472
1496200828306305031
1496113545863471108
1490871176876666880
1496140509659684869
1494599603211100161
1496233246404792332
1498000710046261249
1492537498148421633
1494739598664163341
1496201066723311617
1498398503608979459
1495778161744826373
1496172487478067204
1490271617666236417
1497974597106515968
1491922092765466628
1494395456360796161
1498035053967953935
1496948043429654534
1494361628904677377
1495168238187171847
1498050064463319041
1497645487226245120
1495326985681346562
1488813224191537154
1498026415685517317
1491495718766493705
1494409312516681736
1494386311813386246
1494409856392081410
1496222324051394562
1492272391229034498
1496509528736772104
1496233891002208256
1495202639411302404
1497976528608575496
1497950802425561091
1488802621104271363
1495805600227287042
1490273007637610497
1494366309236232194
1494400559004147716
1496157014703095808
1496123980578709506
1496197185872015371
1496141867255226376
1492161913291165697
1494645778169663518
1496130446299734020
1496182068438614020
1496148136166936584
1496140041688600588
1490688185105625094
1497459016976330752
1496179536161120268
1495273107816337411
1494366137768984581
1497974026127364096
1496555200726843404
1494356527536353287
1496216195007197185
1493034849267027969
1496193951430283267
1491790051864289280
1496576777170341892
1492493664853106688
1491505029718712322
1492564746003902466
1491894146562461701
1496123802501140482
1492055752680292361
1492538481947594756
1496198508206084096
1496190295817564165
1494475353892474880
1492889831969636359
1496251067323109381
1496169970069389313
1494402960406765573
1498376194504511491
1497096334855356423
1496204742149787649
1492508496981643270
1496073814148628482
1496152222178193408
1496943037926232082
1488595035801145344
1496132090491985920
1496396126114701313
1496874218986041345
1495654360096952321
1493234820557725707
1492581220823171073
1488928604096548869
1491175682906660864
1489383120835162116
1488491767574020098
1496263135472279553
1493512003507339265
1498413519817031687
1496155249131900928
1496118408559144963
1490605313732620288
1494358249205809154
1496316499505655808
1496489705688670210
1496239317898997770
1489541662074445834
1496456105400348672
1496230006166589445
1494455826353999874
1488483297445519362
1498051959353401352
1496479827825950720
1494596675888893954
1494356649372487683
1496099740370579456
1496387811829821440
1496159286166278150
1497995466923028480
1496237706610884613
1492526279286874112
1496237056133111810
1496194641372319747
1488444908574810113
1492426729360695299
1496147792317853703
1492208184198512641
1491791799244898313
1495486068640329728
1494364820791250944
1489645923961430016
1496253270523793418
1495434402469498889
1494610744985460761
1492559962618228736
1491148015524270080
1492126900038385670
1496922145837957135
1494500566147420162
1494672426617114633
1496225950140411914
1497347101990309894
1496841042200563716
1491057929184706560
1496174927887671299
1496156792472195076
1494365580551467014
1495188610613661701
1496185205673111552
1489925947251908608
1497605231437357058
1498004593443278849
1496096998625267716
1492469840384299014
1496773744072687620
1492520600228802566
1496165323229339656
1496139931453902849
1497988729537024014
1494367541598248971
1492034389638848535
1496779025494122502
1489656071740432393
1488906762317189122
1496499031882747906
1489915142821326850
1496242926480932865
1496101831243669506
1496610107404210185
1492500026920030212
1490057255680675846
1496165826856116230
1492276616415744003
1496138101240078343
1492546583786835972
1496141601772646407
1492487368485617665
1496814369174343681
1496465559969484800
1498013779770023937
1496538116479463430
1497990681813475328
1495789662027272206
1498166552138600449
1496747888537448449
1494367871987859456
1492042507835871233
1496221675452612610
1494417608577323008
1492701482533240835
1496142484468027406
1496232907115053061
1494350538409840641
1496552951535570950
1494412070057648129
1490983929519620098
1496223980499394569
1496303657578602496
1496188109939216391
1494435817888137223
1491963490931814401
1498014706665246722
1498051135701229572
1496138464986906631
1492891406180003844
1496492762581118979
1492491522914275331
1496063241436512258
1496576772045000709
1490075097671077890
1496345461757816836
1490749237159776257
1496386794316869636
1492217298240905226
1496138328118341633
1496478917691162627
1496469489218641922
1496448421305143298
1490314673136324609
1494553034034139139
1496139437268516868
1496167704826421255
1495258120385347584
1496611749298155529
1490843490627907584
1496545194086440968
1497979739092496387
1492491663863779329
1491023457014120451
1488920051109535754
1496241408361078790
1490313578238382080
1493123515779895296
1497101811693633558
1496314447501090824
1496251729897218050
1495150831376740358
1498069444744171525
1498421787427844096
1497606152888242179
1492459208616280065
1496112456971825153
1496138261827366917
1494375166712991750
1496148141971808265
1496203997908197386
1494726153205993475
1494412363524673540
1494626322915680260
1496246313461112836
1496054322764861443
1498003546276601862
1494986157649641474
1496817767915343883
1494399038694825987
1496512867482415111
1492027772771966996
1496742345311944705
1496786790790926340
1496243297169416194
1492491657136140295
1496356297335312386
1492875654219669504
1497996005349933057
1496290239928807430
1492209084766072835
1496207139911704583
1490374532741451785
1496149955160989703
1496153147798179851
1495393123995951120
1493264298319220740
1489488458074800132
1497261689179455493
1496286836884484096
1493198087648595974
1492467244605001734
1497982933168181248
1496175638344081410
1494951845336436741
1491398308799344647
1494633994234712064
1496168867177152528
1496192785808076802
1496140194420084754
1489447374606983169
1494391050726686729
1488490547169964043
1498406681864290304
1497296309933514755
1490749207157817346
1498255649012133891
1496198916173438986
1492664811980660737
1492293180838064128
1492478634866745344
1496350002704232450
1492012256187588616
1496157584851677184
1497976088059854848
1496750818409779203
1496491555493924875
1498259988858511360
1496205657019723779
1494831287256846339
1495041677106593793
1496169526349676544
1496499567944216586
1495788439056306180
1496090302595149824
1492400931987759105
1496131750212341762
1496058800582844417
1490768665289150465
1496465832238632960
1494797978997071872
1496943532719943683
1490873886191206405
1496820522734211073
1496602025144070144
1494757638957150209
1490874301930561536
1490722123178037254
1496222512203632642
1498012116472717312
1496765975802306563
1496143368857997321
1492534237114765317
1496606091018395650
1496124108328902657
1496969907669544977
1491859998216970241
1489343220035244047
1495155170614861824
1494401699104051205
1489535187092492294
1494421667627606024
1492285307047202816
1497069551904772096
1497580472880168960
1489988125971603460
1496400081095901187
1496819418281779200
1496432144851296260
1494592830379016192
1496089405957758982
1492456428769976320
1492603977849978886
1492234140246183941
1494823583998099457
1497899699658838017
1496145535237042186
1496555488506486785
1496779936601829377
1490426283897020421
1491935735192035328
1494657743625486336
1496194042383806465
1496167294816428035
1496149177788776448
1496145912154013701
1496760989466906625
1488679632031424512
1496957927940567041
1496943239936413699
1496142140015009799
1490391793657159683
1489698920175439875
1497470621948727304
1489662748443262986
1495313908608950274
1489612611553529857
1496978468537397251
1496207730276769797
1496574526850752522
1488557492657430529
1496146465185542155
1496268153663410183
1498021329391525890
1496791110126952448
1497194032598032414
1492468118974828545
1498040542810288130
1494657858851549190
1496191206824546306
1497977945503121409
1492474654992347139
1493640403266023424
1496155415712866305
1496138452399702021
1491326647156445184
1495702492839043072
1496249948156928001
1491155545587589120
1496100200208809986
1492480487159476236
1496141313267449865
1491126452632260609
1489313617631719428
1496820354462982151
1498047403370299392
1496194121467318275
1496150388919128086
1488473454936535045
1496940900446240768
1490587627606712322
1498032234519052302
1490014676989710339
1492563858648494081
1492461670362353669
1494104229098790914
1496267455576125440
1496143610366107658
1495554941943009281
1492665705526747137
1496185556358807553
1489951352549744643
1496138804545171458
1494697506529234948
1491860619099787269
1496217171994763268
1497990575932555273
1498010077680316424
1496461059745624072
1490308941280120832
1497977157234020353
1496566456636559365
1494357765401321479
1488984119178674179
1491433524087648259
1496324143804997634
1496251487269306373
1491427109633671170
1491124184512348162
1489339112654057472
1496260046543589376
1490872351533121540
1496537211315044364
1496138953581334537
1498149738708930561
1498017216620646401
1497650827720151041
1496201904484978694
1496138018360545280
1494628681947439106
1498149752315199491
1490408030655029248
1496501498309709826
1497612181722083338
1496144290673790976
1497979288615723009
1496143589902061580
1492659727129448449
1494531187662073856
1496199685492682758
1496427383875948548
1496174479940194310
1496952058435584003
1495362268372119552
1496160508344508423
1496616992958304263
1496143455604641807
1496162543605276672
1495330030871891972
1496216245250764805
1492586988373004288
1498072396842119170
1494714204804190209
1493663887585157127
1497980974067601417
1496129408582696960
1489911487451774977
1496460795441741827
1492445656312688640
1489087461645070336
1497589844175949824
1496207099625459715
1498030367424589828
1489663151943659530
1496161559177207808
1496169586055647232
1496188678967861250
1496818297563668485
1496148044051632132
1496159443666489349
1496192961519968270
1496140813197266945
1498017337227755527
1496506652178137091
1497977638849327112
1492517785863393293
1489598054424453121
1491307592827940865
1496432051540881416
1492508468061687809
1496245431478726657
1494721261099962369
1497242812550725632
1496054665808691200
1494381352686440454
1496195924187623427
1496183571320610819
1496404391800283139
1496155886410162183
1496204110793945088
1494371954635292676
1496743420005597185
1491192802772152321
1496114938468831234
1489629467349864450
1496251386845188096
1491476974103052306
1496601110412414979
1496138421047283731
1490081744258621442
1493390800662810625
1497297744859439109
1497618176070365189
1489577305915723778
1490722782656831495
1496599197591683078
1492526531750551559
1496222653723680775
1492480109378686976
1496220134335205380
1494698227026771970
1498151494457049092
1496112835272794117
1490122710999089154
1490254322072014848
1494365865181159430
1496192310316617736
1496241013953908740
1496507701576278019
1495429488632598530
1496602205457162245
1488871952676708355
1489558020954722305
1498092091183964162
1496137938559766532
1496520388389576714
1496224385920913413
1496140594120474639
1494587064058327058
1496152586801631234
1496157926674866181
1492508117526978572
1488560009139138562
1496110898288766978
1498030288399740936
1495330563716263939
1494386395355439109
1496332171392557058
1496198548341379087
1488768672458027009
1496138299957821449
1489794516911546369
1498423837368717319
1490956049901580294
1492724900204666881
1492510063793041409
1496778223601999872
1497712608647995392
1496144284973735951
1496156402972119040
1496224647020437508
1492490287540809731
1494077111971237891
1490106581228339202
1496140807627280386
1488403907051237377
1494761005972439049
1496146674917552135
1496153421421940746
1497559327401467913
1496752162759655425
1496154425827770368
1498150485429215235
1493215111489724416
1492577251908628488
1492366420876869640
1493231567224950788
1498048090380591110
1497589637132521476
1494649230304100358
1496704600426037252
1492043562736828424
1498094394066583556
1496237893299453959
1492555712802795525
1492502633088749573
1488817078106796033
1497563910559387651
1494366255603752960
1496544930596065281
1489876446642417665
1489607582771777538
1495185030372638723
1496118054035599368
1492057372482748432
1496502025089318919
1489612593027235847
1492536490043355143
1496879224489226246
1490387363180253186
1496160672710811649
1498044166487650308
1496491910831161353
1494364326534139904
1498030285765685248
1494083663746637827
1494069709804875780
1496157296631717892
1492347185324724225
1496201671801810961
1496219222501998598
1496466486957064193
1489318312257413132
1497976218406297605
1496218655696248841
1498003441750355974
1496139333069422604
1498185162122797056
1492992916775747585
1492716867663892482
1495738580702056454
1496599370703192065
1498023032060739588
1498208760422146049
1496212331319201799
1496190519000580100
1492473069671104516
1496813077437820934
1494381248843821058
1496225855441453056
1498055591725572100
1495457315914403850
1496125125040746496
1496714612527542276
1494833278930456578
1492494978282504196
1494401033925189649
1496638121697595395
1491023004708577280
1496152222304018446
1498244326001979397
1491819236070772736
1492553446373097473
1496215872461021188
1496196437868269568
1496128218549608455
1496138437858107396
1496232061555908608
1494062963371741184
1496227196146442242
1488398123206594564
1496939111696973832
1498034475896344576
1496169502555484169
1496164815257182210
1496098973953761286
1495061113267843074
1490161289791950850
1497597436331581441
1496775843741417472
1491203844113833985
1490235670538895365
1496281843125166086
1496280782285033475
1498416435143581699
1496851984200380416
1496209529238966278
1496148767736844294
1496070614746021889
1496206620258447364
1492459591053021189
1491427726942937092
1496226266755829765
1496329381278625792
1490863494753034240
1490322364718059523
1488489862999203845
1496243235051782147
1497598326535036933
1498019847988555780
1492489208518234116
1492276980703580160
1491160968315154433
1488815116695056392
1496106456101306372
1494437311098114049
1496359100149637123
1493146943542935561
1498306564784017408
1492126426719477776
1490285005620359173
1496146466926219271
1496836501505728515
1496617867348955141
1493926579000553472
1496106064726708225
1491845081443282946
1492850437476732931
1496191597507194881
1496146931646713868
1496921491044286467
1493364867092205570
1496589384891699209
1496412018148007936
1496215982708252679
1491657120168697856
1498019117516873728
1496794122765615104
1496079132316291072
1495312840558841857
1490265160254173184
1497980150885064712
1496198806525853698
1496157405293461505
1495166484624121857
1492859768226131970
1496184672820379648
1496466760757018626
1495329978581458949
1495756306308808713
1497973266543263749
1495038684738965505
1494801879682871300
1496550404544471044
1494523527462068226
1492210389055987712
1489588360184311812
1490765843176771585
1490258581920301056
1496794498906697733
1495332106758729734
1491086579288657923
1494038552526692356
1496172119423692802
1496508242180317185
1492122768267227138
1496208780064923648
1495379422551187461
1488924816702906370
1493261298666291200
1492556556398784513
1496773510668107776
1496162022995734528
1490252016488222725
1492431820264255488
1494686044175966210
1491923033023344641
1488553663534702598
1496114119073742848
1497866980342353920
1496921306876502020
1494853485614952450
1494610088706732033
1496156085874475013
1496211317631373313
1492261220946165760
1496957012390862851
1496105908128079875
1496236723520643082
1495020880795111424
1498012991811371011
1496226025411424257
1488617186394574851
1496178427237441536
1493859547844333570
1496360869600583680
1496359864804773889
1492358168890028035
1494824196077240324
1493365794809462788
1497619761999626240
1488528706318516230
1496147861758693387
1498213325917896711
1496138351119941645
1496580729756688398
1493979854798213129
1496188500068253697
1496150293612015616
1496302413241847810
1496138277488934920
1492691254471061511
1496057610088468483
1496139243286142980
1490289966173364226
1496566590619455493
1495301519184482306
1495312548807299073
1498042067381071875
1496473723876040706
1496509350122336266
1496915368626982918
1496273746415529984
1488615470400000003
1490205052040093698
1496579237402263557
1492129642744008707
1496472312983744514
1491187011331723265
1496757323007762432
1496254432207679493
1496945705218457604
1496156699123720200
1496101956250738694
1496138461375520781
1496168072302014465
1496288810988101635
1496138131615195137
1498336108719054848
1496137926069166101
1490271318733991938
1496144180346867716
1496252639998316547
1493577142487052288
1496583218472103945
1492509891046490112
1495373109414744064
1496191297295630348
1491425847236231173
1493091558941511682
1496469646802890761
1496139172322684933
1496357149068386305
1496150377502322689
1495171654305071104
1496472415542689796
1496207708059582464
1496212556981190656
1496602536844972044
1496089682035281922
1489608574322024458
1490267314763309056
1496209070545592326
1496141342669422602
1494357018030788609
1496145797930496008
1496162559367565316
1489581018931773446
1496542669291626496
1497731909886963712
1488595974973018116
1496145215064875014
1489665912395509762
1496149458949750796
1496605762923155460
1489914685373751297
1494435724107689984
1496285055072849926
1488531731439403011
1496173503690813444
1495725263057227777
1491372631005675521
1495378813798260745
1492979540112678920
1496138581693374477
1496114431100608516
1492087243770638349
1488862539538702340
1495073938258333698
1494420974405660675
1498030643971870724
1492492941637525505
1496233099025436672
1491505993968197636
1493923598842712074
1496161728769445889
1492217440536645632
1496507623369490435
1495334422199025664
1494139577874980864
1495215241059192838
1496240738828492805
1494812186773843968
1496168369262895105
1497557123324067841
1496243582298116097
1490742863851933697
1496192308307447809
1490322943007764483
1496207675876646912
1496374974650765312
1492401828788637701
1488802884472999936
1489639484115361799
1496159379124633606
1497586541744603141
1491459031680315392
1496119395550117889
1490423516826636297
1492288916464050180
1496165394163376150
1496948032897617957
1491209406448652293
1496808570905522179
1496055431680167936
1496635022857711618
1496591881366654977
1496096303700447237
1496527532392341504
1496196571058393097
1489634765997330432
1496154037867237381
1489014870045601800
1498170902453923842
1498002061362876418
1498318518114078731
1496151138894286853
1496194416796647431
1492497310579937280
1495178880440840194
1496158543644446722
1496932944132386816
1497994719095308288
1496975950671540241
1492034716295385089
1495507329743306753
1496620151952789512
1498377554096496642
1496357908937908224
1495491004782239746
1496461632536551425
1496492522293575682
1496772966323036163
1496464778210189316
1496392908420878336
1496247363081580544
1497666384137883648
1493961984332730373
1489604005017837571
1493157129481383936
1497734526323154945
1493690913561976836
1490262881526599680
1490329954986377218
1496140571165040656
1496212454459723776
1496177169596309521
1498012977865363458
1492380728067334145
1491759786693730308
1496201687475924995
1498018422868881417
1496464450592849922
1489952739224432645
1496192276468572164
1496054570790891522
1498119256872931332
1496147736311345158
1497991206567133192
1496862803717615624
1496155666943201280
1494152654401986560
1496146660182925313
1494618879192178708
1495280996022898688
1498015733640482826
1496500216354197505
1490663908994166790
1496145639058690050
1496449301031047170
1492485949816811529
1488498833936076803
1497991040934064133
1496196073869688833
1492456703127961602
1497973832958816257
1498021067952209926
1492516128618385409
1492573935153696769
1492098339906768896
1496913821080121344
1494818623923179525
1496081813479038978
1498349683420323842
1493979552464486404
1495390621015715840
1498167274406035461
1490002756630827010
1491423712838819841
1498401130468061185
1498359637363638276
1496836681135235081
1497975004998287372
1496206884730249218
1498014093009170438
1496242884747616263
1496337536662261762
1490348230122557441
1492520126167470080
1496676930749227008
1496235865944866816
1493211660152197120
1498003399211630593
1491639318997311495
1492630978090586113
1497985363666771971
1493896982875848707
1490289864436334595
1496143217095499778
1492098952031834112
1494092426935476229
1489708306511839237
1496404654527324164
1495187996987035650
1496170095755804682
1497984524860461064
1491706296495661058
1488697067581046789
1492076916844920833
1496599017085673479
1492044384241598468
1498163673579331587
1496456694691512325
1493672196564299776
1496225713279672321
1492106994534203394
1494679533206884356
1498016123626868742
1496289608119816195
1494362097525919744
1496195860631367681
1493171439268102144
1496149054350319616
1492089639334821889
1496655698087669760
1492486226632331268
1496288976700940290
1491195221941821444
1491063020956819457
1488492917962457093
1496254188740874241
1496500769066995713
1489610161736105986
1496203040659021828
1496252994710654983
1498348186276188167
1496139654399209473
1498066129645932549
1494526683189157892
1496205464778027013
1492209546105819137
1490292418696167427
1496145978822471684
1492514865797287942
1493979749391257606
1495300590301335552
1498123114907062276
1496148347144523789
1494601886049226755
1496476729539547147
1496478964512083968
1495190984346333185
1495376124532174849
1492171506171920395
1496709325909368835
1496572774118219777
1494417178816397315
1491293540798054402
1491808941189201920
1492038112528240642
1492473044173934596
1492094962984443904
1496918419962310671
1496118178501509121
1496250145951916032
1496398513273462786
1496942264731459594
1490246315254718464
1491801913947394052
1496153526451556354
1496158734837592066
1498151709545279489
1496156448019124227
1496146760573538320
1494661941448503298
1496203982053781512
1496120163560796170
1496172206535192576
1496593904816304132
1490284466010574852
1496210695536402436
1488612564435144712
1496197695211544582
1496590014599381002
1498376328134889472
1496103652225859586
1496318065981673478
1492023970547310593
1496145481348665345
1496917808365522983
1494800668862910474
1491688376847765504
1494356798849142790
1496502706038616065
1492519698084282376
1491922778856902658
1496276589671325696
1497521437590106118
1492552859807666176
1496265267508355081
1496138657572524035
1498344036725399557
1492209709595594754
1496218267165376513
1490405620612317187
1496425137700315138
1496208751782674441
1491827963834286081
1494657671688949762
1489739974442369029
1496916709843750921
1496203923438379013
1496060334788034561
1496456757928939521
1496140393704001543
1496161348924973062
1496401976820703232
1496211764203163661
1495843147066363912
1496505598078296068
1497977785071005696
1490253412386148356
1492850313119731715
1496314547279470593
1496304976834052106
1496227850948694018
1496559951753400330
1492459769159847936
1491885092465164292
1494834110233260040
1494648302914179074
1492283088126152704
1497902931198283776
1496104444517310468
1495480504627482629
1496156344881225739
1498021221895708675
1496148963426193421
1491477703005986824
1489709527234760704
1496246984872808449
1496438339314106368
1494641403196018699
1498012756397723655
1488591757180866566
1494471179545063425
1496315727023857664
1491469240389545987
1497141233956892692
1489892999345680386
1494356999341056005
1496341602956201985
1497104963155247105
1492138616688193540
1496184743955767300
1491956490051149836
1495670986758311941
1496472690701615110
1496448463525011462
1496235146973954058
1495343908481646592
1494531240149487617
1494366378727464960
1490728274334568449
1489654528479694850
1490876197982863361
1491759983645671424
1489215059062493184
1496254081085718528
1496092057097863168
1495302667454730240
1496147555872292872
1494420078720344070
1496255426358398976
1492556717103587328
1489612433652129798
1492455794784104460
1496527038584434699
1495295618675269633
1494804022313857030
1496093304848621569
1496140336862744576
1492057038381269010
1498000334244954119
1496138935734521864
1496198271232094215
1497557807369015306
1496938328100331523
1495132056036143104
1492485258750664705
1497651044540551171
1490253935772418048
1496174793921789952
1496153682991370249
1494572626701869059
1491746922763329536
1498027192340594689
1493001181970456583
1492113708633501702
1496254935775723521
1496417391961681922
1496208046984515584
1492520744013680640
1496945424875282438
1496426009784205313
1498150679466201093
1497922255480840194
1495457965570199556
1496410706425655297
1497975483564273665
1494630127031910400
1495059860248875015
1491398678355279874
1494690850273521673
1498102249222021128
1497622953143455745
1496773023252336642
1496237202820448260
1494357788235280384
1498372282695225344
1492398528257085440
1496240579805696018
1496137795835936781
1492219054626512896
1493979424143851527
1489151894975127558
1492502541439021058
1489615468390494215
1495685014968844289
1494847563761000448
1496253630424485894
1488491812784332806
1498035405710635015
1492502575274348552
1498028338761273345
1492501725411950598
1494553699791876099
1490070311009619968
1496784715629563907
1496147861607796754
1494860057690865664
1496200909877092358
1496308693566164997
1497977597908733961
1497976866854080516
1491903906632413185
1496239475839672320
1489594252967378945
1498151892542627841
1496468144063664130
1492312236324384768
1496164326373306377
1490087201538936832
1495178486683688964
1496460505866813442
1496096168484515845
1488367556029304834
1496469079380860929
1496143026934136832
1496092489165459459
1496225577732354049
1496138446179549195
1491674085432168449
1492062458281959430
1496139580080369669
1496094494797746180
1496147072675893248
1488327896485797890
1498386047071399942
1496156590742908934
1496108591048241154
1495747413599993862
1489618889487097863
1491773411240071170
1496170978837241858
1488924623832068097
1491677269642907650
1496195453351833604
1496429579011072000
1490687031344775179
1496594447483777027
1490910970486542337
1496156641225498634
1496099297506566148
1496299307762339845
1496172157558484994
1496532403405402116
1496178693357678594
1497590303372595206
1496521274423660544
1492987360405073924
1492474655063478274
1492209202764423168
1496172441395150853
1496146314991710213
1496229999833198597
1490722239200829446
1496458108277002243
1496354927022678016
1491377638421983236
1496419749542363136
1494375106415673344
1496099367417221122
1496092975729893379
1492555442093912064
1497601350582030339
1498357768402747395
1496244652164452356
1490359137175318537
1496093112938246151
1493919902327091204
1496544335759917059
1496171368647381009
1497999985132122123
1497976383653527558
1496245565537103879
1495340229749841921
1495278310284308481
1494811323187687424
1492542627815829506
1496211530282582017
1489628965450829829
1496918519543263232
1497999317470167044
1496757402791817216
1494285627256410116
1496322893705269252
1496590639248691208
1494753064011517953
1496148603945029636
1496141683251204106
1495803536567042049
1496289015292694535
1498012374120415236
1489710661068333061
1492473118312439811
1496147568887312391
1496238458423201792
1489597566043897862
1496509350461980674
1496118284097409026
1489622228618592266
1492288436069289985
1494916935661748224
1489331559303987215
1489206373439221765
1496164973155921922
1496262349518696448
1489317875492007937
1497974207988350977
1494388455228723200
1496750765133770753
1496213034724958212
1495329529719664641
1498018828730699815
1491917594550435842
1496218665561300995
1492837406323527681
1496141573008105478
1496467652742725638
1496127478972260353
1490293848240701440
1492679628950892545
1495339210592722946
1490754199747022848
1492531198337425412
1494731598536839172
1496166854947135494
1491821338088071175
1496157474658914315
1489717068429672450
1494601435295662084
1494425602581053443
1490723643919323140
1495570968542068739
1492247062158716928
1496154082947514376
1493643116167012356
1493892153692540937
1496751998909173763
1495201003032952841
1489505151329214466
1494389941513637892
1492478890215759874
1495757313281560581
1496273122835804160
1498054512178864130
1492450866170789892
1498062441472790529
1496804114927345673
1496382272609697793
1496141796891664388
1494663094932586498
1496212149588406275
1495105014389485572
1490114322563014656
1488570529091141634
1492101359960789028
1496201994746449925
1496751079513640963
1494625699503632385
1488482050982223874
1494403941383254022
1490670078035210242
1496774394521260036
1492660336456978433
1496468096823209984
1494520950850605057
1496365820938706949
1494386567330340879
1492525252626116611
1495103864143589383
1492973029344821248
1496198527990607882
1494569360899387393
1490340182930989067
1498395756201455620
1496057590723264514
1496423751780651011
1496220106334089217
1498326835196841987
1494358593721847812
1493927583444045825
1496532862622965760
1496524347514789896
1494624178456178691
1494362032786882568
1495768392401309704
1496909970184769536
1497588939556855811
1496240299512934404
1496203316468068357
1490125022836531201
1494360333644972033
1490339691027124236
1490316591363465217
1496226585237721097
1496189973170642947
1495422283795640325
1496126431834816522
1496768106882076672
1496561817048559625
1496139550279798787
1495489523396001801
1494616358348333092
1492518720006017025
1496138413581426689
1490572177946599425
1489316664751579137
1492204227887697922
1494608358103400449
1496538371711193095
1488304648175988743
1496774898282221575
1496054142917357574
1489596366972145667
1489521548167979010
1497976640369872897
1496205602741268481
1496213648242585609
1496599099109523461
1492278665027022848
1496358236819185665
1489279520913956864
1488919306423443457
1494372407003561984
1493918984156110849
1495848424570245123
1496406135196246016
1497083164715470849
1497189406532378641
1496784142943539200
1494401483147821059
1496241323317547011
1497979238489759745
1496196279751299072
1497580047628214274
1491971809847103492
1494361132630425609
1495703948505882626
1496147560540553216
1496591181446148099
1490377442766295041
1496869459864162307
1491024069315428355
1496196534744096776
1498063775915819015
1496231584768348160
1496201403836112900
1496143491780521986
1494043888381796354
1491128164911050752
1496148748044492808
1493979793666330628
1490313492808802306
1495667643772293121
1496204341522403340
1490688498239787008
1494662037808594946
1492513074661629955
1495374302664921093
1496141016956645382
1496464920128503811
1494465763364810759
1496192092938330118
1497596004346077184
1496937413125586944
1496192052610146310
1492303555088326658
1494424025828925442
1495321630586937347
1489729047965966336
1496288485967290370
1492056471596580881
1496544335285956609
1496941453066616832
1494801603320291331
1496940807449890821
1498018747507957762
1496158557267537921
1490674895264514048
1490707150515093505
1496243395949432837
1496225037568942083
1496145736362340352
1492134659442024448
1496139858510852099
1490368525638279171
1495190494250475520
1492206858488135683
1491764364436725760
1495430357591949312
1496173941089619979
1496243994375954433
1497998328029749251
1496417948629676035
1496178436611751942
1492798005413560320
1498050135988875267
1492999930427936772
1492797682070573059
1496194589694345218
1496381456859422722
1496519605132709889
1496594669211459585
1496241538254487554
1494424406877163524
1491773442093428741
1490950572392206337
1492198690769055745
1493234631352541191
1496238434947682312
1496055894941081603
1492679437116129281
1492466337058230272
1494644721003728940
1496504995268673554
1496212557471916035
1495345642532712448
1496207072966422532
1492544708337307652
1492459574481219588
1488596803171848192
1488930409916293126
1489383096009035777
1496143347970457601
1490441146841157636
1496437956348989447
1496243170929172481
1490671575670136836
1496192751523803136
1496556734743154690
1496775100351365120
1496196831772037131
1496310379986800641
1495168809921138688
1496185625204170755
1492510832990691329
1495364341264175106
1496141845511999500
1495172494122233870
1493912956966477829
1492656683453140992
1496484862399856644
1496259640258084867
1496416913521577985
1492629018121756679
1495455326858092547
1496925969973661699
1494850246777577472
1496156686775726082
1496096186893316096
1490263138129911808
1496588738134257665
1497976948219420675
1496264192088752129
1498031372086267910
1496544462335528971
1496185697191047168
1490754530820112388
1488592797611573250
1496941389363531779
1495484421864144899
1496088580808224775
1496174455785234438
1497183170294390809
1496666651458162691
1490873712022749185
1496143015806750723
1496468408459800576
1496193759796727808
1492672052456673285
1490355415674150918
1496208068568354824
1494537342173995016
1495761201220886528
1489475536699092994
1492477147407077377
1495185468773699587
1495464281378209793
1496214650085650434
1492815345371029504
1494992853713375239
1489519625259864065
1495101546325028868
1496192677947260943
1490278725224644610
1496238447908032515
1494556136212738049
1493001120591007751
1498232429408145410
1496214299634712576
1492341526436794370
1491946862944788480
1490255975059709955
1494355820800319493
1488592303505694722
1496166371008425997
1497984541092462596
1496772943191416832
1492201634960711682
1491905710061408256
1494358873028845569
1490584967138754563
1496173727322710016
1494295901413670917
1493979611394412557
1497641275989938181
1496204927043272704
1495173582581911556
1496195540207702016
1494361646260699136
1496788682593882115
1494370862006513668
1496237535529476096
1492864878608068612
1496367818450874369
1496221649003335681
1492541338516140032
1496095529465528328
1495337115047108609
1491016813165297664
1497624812721737728
1497994840428191744
1492493157107265540
1492567359504089088
1490411824709312514
1496574074109444096
1492211431055450119
1496359237324316674
1492448794687901702
1490765361498759179
1492219061723357191
1496138228285456391
1495154176858497030
1489971010396999684
1498061413985796100
1496533439633399812
1496778491160891396
1496227114529562628
1495331213363527682
1496447021770813441
1498250081601916929
1496788151947378691
1496191637457981440
1496152125591670795
1494382712760713223
1496173151289581570
1497072256895406082
1494386882632896518
1488621454690242573
1488474630436397056
1496164921880498183
1489604332223967232
1492413048518164480
1496145754947264521
1492543913122582533
1496141200365133828
1496926025145532421
1496152055714615305
1492071750296903706
1490423600087765001
1494800525891715076
1496147685023309831
1496054090874466305
1495167776574607367
1497564203548385281
1496130068627787778
1495479933111611395
1492290016621563910
1496139539747942407
1492548277983584260
1491404380314431490
1498292795769036800
1497973899128184835
1496480438910660612
1496172029355216898
1496752550648946689
1496139774192721926
1494801240651272192
1494425413082353668
1492458331629305860
1490860264429862912
1492472576525885441
1496878731255820290
1490703159945310212
1494554974419828736
1496258394994450435
1493033724375494663
1489971035302596610
1496110480154406915
1491767994816634883
1491118442702909448
1496924843480072199
1496670431662645251
1496226273785532425
1496149468663713792
1491149111986647040
1496209212413784073
1494429242964287492
1496943441959260197
1496154920738828288
1498000940602834948
1495183585531342853
1494844635600101378
1496172396856098816
1496788931395739656
1495412278874804225
1488609244521840640
1492005116362305547
1497998759799701507
1488514028984885251
1496581691191795714
1492637985296162816
1492511925233614852
1496097056758317061
1492679874779119616
1492530448718725120
1496174039358111744
1489612672857301000
1496215690969333765
1496694533299392513
1497651171116437517
1496180692140630021
1496145800799432707
1496229598031495170
1491513597863866381
1498023918896128023
1489294484752023553
1496952443715862534
1496456326620360705
1496091554880049165
1496548736931348480
1496423956735217666
1492554457439113216
1496145183876034569
1492508345969692673
1498005125620813824
1489563719059361796
1496137406176710665
1496151132766416904
1492495840560046083
1491890546708824064
1496088910409125892
1496835775509446664
1496252854339833870
1496198417382526980
1496125925238493188
1490722629573091333
1498044695326380032
1498386995458056204
1495317066571821058
1494603288330715138
1498039435602145285
1496611745288241154
1496175650570485761
1492513072468086785
1494416444855095302
1496713517101158401
1498346988320043008
1492525131448549383
1490424118612795396
1497428035145981954
1496553520962891776
1496149734729433093
1497974892343578629
1496786452608430080
1496778551265222665
1493305358395322371
1490062405925314563
1497586750629294082
1497644697208061952
1496161091776397317
1496163888081088519
1496144240442851330
1496721262080634880
1496154492399759366
1496141094295416833
1492471654722666496
1490392908150845442
1496154306860441607
1498287987423129602
1496092187859329025
1497196145994387459
1496261701360132097
1492207144346656771
1496185621920067589
1492630248436879360
1494713760354816007
1489596944376762370
1496948245335097349
1496766752331497473
1496190201412083716
1496216137176174604
1492504887531548673
1489756387408113664
1496244572669845504
1497569301422825476
1496601828250816522
1492504682148806662
1496475229169852416
1496693405224775692
1496516198216908809
1495738884088647684
1496901036962988044
1492979304636026880
1496202533978714114
1494419168908697601
1497565821656260617
1496216960438358030
1490313376412708867
1491523688797253638
1496112855397064708
1490415120161378311
1497996477330706433
1496148553353285635
1495773812755136513
1496139928392056845
1496270193387089921
1496204856775823364
1496156183320797186
1490314953521352706
1496890913909448737
1489554262283759618
1496194895433945088
1496240259461521408
1496184083235360771
1492540341483753476
1496141049550491656
1498018252970151937
1492652408362520584
1498402251861368832
1496946446364725248
1496161736378007556
1492529107946508293
1495811453475254274
1497974907455553545
1491062846796746753
1496465917320040454
1498020251438514176
1492558219050242049
1494430445202726918
1496230273389895690
1494820133612756997
1498393000992559110
1496547955318431744
1496403386727555077
1494297393717784577
1492691239589851139
1497022778494627840
1488892006227234823
1496064195313508357
1490428315487944710
1498038305383976966
1493990846257057797
1496808932865724416
1491021500358414345
1497261640403804164
1496164634243616770
1496155464509399051
1496139085358018565
1496211343002767363
1492566752143626241
1496540241188032520
1494053980745392129
1496606709074337800
1496101995312209927
1496138161168203784
1496693118812446728
1492158690346024961
1496112675612499974
1496179932191662080
1496813325572845569
1494611359618809856
1496138079127707661
1494759056971427843
1498362026682425346
1496207763902500864
1496237561798352899
1498005633232220161
1492482760732250116
1491004460545417218
1494400507275841542
1496561925446062083
1496597094710362123
1495179236872704006
1492203448938504198
1496215425998282755
1496427930058113026
1496766383924912129
1496201998760394753
1496581788642201605
1492240354132865026
1492510275202793474
1493218877437792261
1494673005925986304
1495420823821340673
1494471590968504327
1488546989331685378
1495194658451955713
1496270031533002756
1496465970021425153
1496148838180077575
1491705954706071555
1496176996933672961
1496569109504475136
1496244221296136198
1494803541940215819
1494594841141030914
1498236408640815109
1498012246286417923
1496634035984080896
1492704709148348421
1496918266077335578
1496139016554618890
1497997540565868544
1497556453263130625
1496068328992948225
1496499661938569219
1492354547225821186
1498177802058797056
1494364907311095814
1496155235521376264
1498350745770500097
1488591339734409219
1497656125725970432
1492486704032358400
1490462025910296589
1496237484551946241
1492631851525050369
1490428108188667905
1496169432787435522
1496542658558312463
1496094368779935746
1495240007618949124
1494359127069532163
1496155620696854535
1497560631666372611
1494843099364818949
1490758717586956292
1496289787543707653
1492539508230787074
1496787022584811527
1496178986208174080
1496236937375629321
1496612354074853382
1495177741691494403
1498351464871120896
1496864426359672838
1498030389297917963
1490723388628865025
1492462801213743107
1494428702700191751
1492044984689770514
1496416167866605569
1496397632725528576
1496281612329398275
1496415909312974851
1496532383608283139
1496605167059361801
1492412899163361280
1492094931246231552
1497261954309799941
1495063435318415366
1489317344690196485
1496155008630505476
1498018674095140879
1496124079346270216
1496181751378587649
1494393479958564868
1495857166338740225
1495164269561851904
1496385317871493122
1489530182239199236
1496223707513118720
1491861177923735554
1498016789992718348
1493981635699695616
1496445358561452034
1494200699030282246
1491738773050306562
1496155727722950663
1496565972542664704
1496498451693162497
1492467414365261825
1495822965035909140
1496272798322462720
1496138100447363086
1496146410483466253
1493343606203166729
1495180986878939145
1492539172887748608
1491822945743872001
1495482144025624576
1489865335050227715
1496215502871539712
1495319314647371782
1489704989844987907
1492233058237485059
1498045500611825671
1494639131372126210
1489746048494956544
1492235162377240584
1495167876344565761
1494356610076057607
1496139702423928835
1496466221801353223
1492345557557202944
1496149143345057803
1496053798304948226
1492534449791111170
1496682933230313475
1492444423904378880
1491560169171570697
1496197148240715779
1496219857121161219
1490379681991901188
1496030485289517064
1496111600234864650
1495019147612336130
1496274605224480770
1496159285314822148
1496148619078033413
1496507088004173826
1495833924941058059
1492570221089112070
1492544445719400451
1496112318677147651
1492541260678275075
1496521306434674695
1496506455922556928
1496615185657872385
1496157181141520389
1492317650277441536
1496324362479325190
1495333656306585600
1496178210614165504
1488961066440736768
1496197788769660929
1490959217754537987
1492035746647130113
1489317497287413764
1498274993175736324
1491044163814850560
1492461804131213319
1497562799312019462
1494391978892701696
1497974717843652620
1496178999411806211
1496252528954064902
1488852046119899136
1488596027078856717
1496158236050870275
1496512732698398720
1496222388870070276
1494541850207686657
1496149810319134725
1492255792514289664
1498004935153266696
1496147336082472967
1496511068511916035
1497644776849616902
1496242296089686018
1497749802976616450
1491523380880842753
1488496735664099334
1496495032882409472
1492543131501285379
1490256346159239172
1496750858192760838
1496233483236167681
1495467394239766528
1496755406110134273
1497987188113428490
1492360877021958144
1497999966685450242
1496198928328503301
1496147147472916482
1491663854509641737
1495167178169106432
1496192854695292938
1492314824348340225
1490262714601680896
1496850105609166854
1497973467421065226
1496164136018972680
1494631696469315585
1490328298030780421
1492496214402605062
1496146115497971727
1496428151664226306
1496108496546324483
1496427079042224132
1489283133518323714
1498429577764687875
1497975020965941248
1496948083128741889
1497578269205532676
1496146542574592003
1494082036142940163
1497989023633182723
1496175261003534340
1496238271961120776
1492096508006645761
1496521691056402433
1493688633995534342
1492691200729661445
1496229841334685706
1492601266035376135
1489626380555927552
1489371682229919750
1493663720886710274
1494815385060880393
1493877760611213314
1496399126111653895
1496260979310698496
1498355190767968256
1496156561336586245
1492357768979886087
1494399134706634761
1495811007645687816
1493955769699643402
1498010491230343172
1492563563486998530
1496464415843287044
1498155683895644162
1496488818836393986
1492231218812932101
1498403970393550853
1496960149042475008
1496600072712249346
