1301931251276935169
1301798259686617088
1301602164922613760
1310545820379492362
1308070189687336960
1307359802247581696
1301801207489495040
1306180185314807808
1302142222201126912
1301960068204769280
1301603116811300864
1301563874521604098
1301674029288427525
1300810286493052930
1301611610109288455
1301579598870851585
1301830460595744769
1308640629858197505
1301586099559596037
1301585875537727495
1302505963220598784
1301564622433071105
1301573163948683267
1305500897980678144
1301840050213318657
1301643212008767488
1301680925164662787
1301622459217711104
1301577327105712137
1311420426002796546
1311432919769120769
1301832908026638336
1301789839562608640
1301634509100720131
1307648907145613314
1306230343708610564
1301585803072679936
1301575046318743554
1302527874746978306
1301781711911518210
1302371240569704448
1301824325746556928
1301600269986336768
1306312252866387968
1301582260269875205
1301775331104260096
1305941873354330114
1301929462955737089
1307421028197556228
1302576708781039616
1309243663705354241
1301605997560172546
1306252499125493763
1301821362462433282
1301638110011445248
1306356846941425664
1302418921694392322
1301672825489588225
1300787469793849348
1301861584160141312
1301780841522245634
1301753080338407425
1301864605426298880
1306187452554584069
1301578117920759808
1301597318332985344
1306019061982265345
1310969939344449538
1305565091157413889
1306185814385340416
1301803101846994949
1301763183636611077
1301246566838210561
1301853345221574657
1301798118514733056
1306178621674000385
1304807688472268802
1301571222870917120
1304703477638148098
1301708708045623297
1301568153957302273
1301782888468434944
1306198154891624448
1301568327098265602
1308459181469507586
1307715183754780672
1306316075911573504
1306197707049009154
1306191235028262912
1301804753375105025
1301638823122817024
1301786266254663683
1301779964698791942
1301568737313796096
1306971014971170816
1311435322476113921
1311435092909228038
1305772218987798532
1301614091765796870
1301799098476122113
1301568198375018506
1306576900815564801
1301579038457294851
1301792384561418240
1301939503985197056
1301657807155060736
1301577835702820866
1301626660450717697
1301588774229549062
1311441759810064384
1301991355133112325
1301575410896064513
1301837295369310208
1301833535960031233
1311436547347054596
1307637996234174466
1301621555076771850
1301575551409369088
1310495812489748480
1310100161444622337
1307531308449570818
1301649210236907523
1301588035977568258
1301961896397074435
1301586368724951042
1302696448270753793
1301673106176651264
1301888677891780608
1306196804443287555
1301617160943534080
1301586492805050369
1301609783439642624
1301564592749977605
1306176924289585152
1301764252861071361
1301572114122706944
1306175394392027137
1307454409589358592
1301781808527355904
1301584510832832519
1306219554817871872
1301645805003177986
1301828518507155456
1301563610817232901
1304439689382965248
1301611401774063616
1301794092507172864
1311421695388004353
1302202104656924672
1301814854920134657
1301635809506975746
1301705668064432128
1306268644096253953
1301818921696231424
1301613986572632066
1305196109552287745
1301967828527067137
1301572574107914241
1304691302500622338
1301583166361264129
1302243680439410688
1311011941289275393
1301579738633449472
1300967609123340289
1301669086406082562
1301980323010555905
1301636049316315137
1307297647062126593
1301744733782511617
1301564050376138752
1302272381973671938
1311420298890285056
1301634049346359301
1306239413635162119
1306282469684056066
1301761695644352517
1301578494149881856
1311422645217435655
1302001504505786370
1301635254579585030
1308764723169591296
1302363954916847618
1311420163313594368
1301673628715683840
1301617561054916608
1300972930671706112
1301626689559171073
1301629591954567174
1301591021554458625
1302294159735357452
1311420601060519936
1301585627172012034
1301580108189270017
1301629791427272709
1306201356886306816
1301569044898873356
1306196597018165254
1301575490285772801
1301600627664060417
1301853200849547265
1308188946640384005
1301597700811567106
1306178593215700999
1301750793754882048
1301965559425388544
1311423059363069952
1306246006158307335
1301584474963091458
1301580142641401857
1310124379284672513
1301574082375413762
1301748022007734273
1310600227196407810
1301646195530620929
1301615591816663040
1301915941429800960
1301570579468873728
1301489749882961920
1301473891030888449
1301580147896840194
1302210572822478848
1301778906123468800
1302255441154658304
1301576391117418497
1301602417415421957
1306238626821480451
1301621033997340674
1301681701974937602
1301661501082808323
1301577635009617920
1301573847452450816
1301595533736390656
1301679544412274690
1305468415637893120
1306180257553285120
1301617906023886849
1301610591212179470
1301593056177725440
1301605511721299975
1301631495581376514
1301567475851710464
1302203146652053509
1301645181528289281
1301586180409090049
1307312783697022980
1302731122548379648
1301777516986806272
1301569082270126086
1306197821796868096
1301809632114102274
1301575687095099393
1301819589605707777
1301914813430468609
1301598281575866368
1300877160526249985
1301603841234829314
1305094500268744704
1302271277248524288
1304732639153319936
1302255013427843074
1301831278136786945
1301809346981093376
1301802096245825537
1301783152478883841
1301641568919728128
1306211774107090945
1302646534824243206
1302243694217777152
1311423210920046595
1301868513813028864
1301797339926069249
1301637433101086720
1301626688577646595
1301670889151438849
1301760606710697985
1302737834017779720
1306289144730136576
1307982745591840768
1302260549112258561
1301592991220539392
1301837397013995520
1301854867095511041
1301631615475613700
1301780687054352384
1300807505044439040
1301616389829070848
1301591831147352066
1301626037944700929
1307317590524653570
1302353924750483456
1301931652348817410
1301616954768322563
1311421768486313985
1301573404571639810
1305958480399007748
1302552864930267143
1306755671396937728
1301785674824192001
1301575349403344897
1301582760298115072
1301758779508260866
1301595311161442304
1306211435748487170
1306176937434415104
1301932530925481984
1301581679254011904
1302392190199570432
1301639199003680769
1301573627624796164
1306174727304679424
1301793693201051651
1301570142887964673
1306185634965598208
1302002842484473858
1306174858297061381
1306379486120812544
1301827870143193095
1301776482654736385
1301579793201278980
1301573528538546177
1306203284114464770
1303665938697457664
1301048923679789057
1301451908402601984
1302557877471711232
1301568620040990720
1301764707473334273
1301751028187095040
1301577751900585984
1306203625371430912
1305251321919025158
1305503571450920960
1311380971342761984
1308534908743286803
1302245256705060864
1301818081531043840
1306259210204835840
1304231337465913344
1301939248938049536
1301649360699219974
1301636118765621249
1301625098693160962
1303219828002631680
1309248753891717125
1301653053259632640
1301677483729842176
1301598958582673410
1301564466379853825
1306193257643286533
1304486041445953536
1301630621542998017
1301679075208179713
1301891044561346560
1306193728269365248
1301590214129987584
1302070746378895360
1301863305376563200
1301829492760088576
1301587912530825219
1311439179314855944
1305500901478727682
1306190268719398912
1301828420033277952
1310007574939537409
1302005711346561025
1307956660024082432
1301945863024054275
1301577464255262727
1306345028063723520
1306350827741810691
1301788652775890946
1301885412194082817
1301575087456428032
1301914736322318336
1301894861440851968
1301593778013302784
1301843331341856768
1306269530474328064
1301835965456154625
1301780169473044480
1301425914853634054
1309209884194471936
1305533928057581568
1304902049105096704
1301829593301528578
1301806199575375872
1301747385127796739
1301564556674826240
1304909615881236480
1301570178375913472
1301867489916342273
1301633257113620480
1301802978484137985
1301573359747112960
1303457669970374657
1301804596717924356
1306805591449325568
1311421025838682112
1301810493238185984
1301609247713693696
1306270406014365697
1304556505480540162
1306340893872586754
1302245059535032321
1301587731001286662
1302181104057806848
1301618758193156096
1301659785356599296
1301831372840017922
1301791273179852802
1307732852545552391
1301569452518113280
1301590420724555777
1306180243787522048
1301821238734618624
1301653730132209664
1302688912150798336
1301872072969383943
1308639472754528264
1301822979245039616
1301740521556238337
1301828815132516354
1301830835688144903
1306744356259483648
1301609609455599620
1301626528720195587
1301871289234317318
1301595738997174274
1301567489508356097
1301789318663544833
1306312078169452544
1301860021131763716
1301765618228695041
1301758146445291520
1301607215330193416
1301587920227311618
1306304975950221318
1306200359136833538
1301687642900385792
1301815409180631040
1301787623778930694
1301611381960122368
1301747995147415552
1306797820796600320
1302481626216230914
1301619487859449857
1301823493277913089
1301999288516521986
1301965250556813318
1301840518641602563
1302537772209668097
1301602735402496000
1301837881057648641
1301598202723008519
1301857132137115651
1301626991192481792
1307959142255136768
1311435897745924098
1301800410760589313
1301571796097957889
1302003891744256003
1302161831600033792
1301647439661879297
1301603954413969412
1300874284412305408
1301595357248475137
1302000674369085440
1301835601549963264
1301645369391149058
1306269880694566914
1306249263807180801
1301836837858824193
1311448347740340226
1301620119752368135
1301594181572464645
1301781575974125568
1301581866324160512
1301565284260687873
1301617456633524230
1300883230430834688
1311222011583246336
1301831760339238913
1301620087003250698
1304437720689897479
1301571285047181312
1301856252222492673
1301581891016044549
1301647041395912713
1308616223261782018
1304513929561944067
1302145391610265600
1301579227914002432
1305567521395834880
1301664280668966912
1302252083144536065
1301614930857263105
1301610580919410689
1311422211262210055
1301753780720074752
1302242471901093889
1301594166628159489
1301586851405463554
1311428114707251201
1301589231962329095
1301972932223209472
1301570078576607233
1301654223805874176
1306174413658877953
1301579818836819970
1301635056629358606
1300752485536141314
1301742040116596736
1301841914405281792
1301632749456052226
1301720967773851648
1301581112171548672
1306302222389710850
1302386741878366208
1302275965570224129
1301788323959242752
1306256761351856134
1311433273386688519
1308192155106770945
1306229862265507840
1301572594093654017
1306350718853566465
1304682063736573954
1301924343753191426
1301758673254002689
1305779875920437249
1301578823193055232
1301636309958754307
1306217462220939273
1301566385471000577
1301616566132506635
1301674651467350016
1301578825386602498
1306174077833543680
1301625015729901579
1301781438694596608
1302526614379663365
1311002437843668994
1306177306340323334
1301869820187750402
1310286363410010113
1302015160245260289
1301915465724440577
1302180188512555009
1301569716914450433
1307357170602782725
1306180243737239552
1302180574510157826
1306173930844098560
1307282974816309250
1306179322127024129
1302266904913096704
1301787063012986880
1301568201675939841
1306209994451415040
1301608520412991488
1307421766009196550
1306203516353105924
1301600955507539969
1301685131888005123
1301590698865688577
1306729377812615169
1310124699633016832
1301915320307847170
1301647328168816641
1306298698167705600
1301838089426436096
1301623513023995905
1301612751320739840
1301588313539858432
1301827825935187968
1306258958672429059
1305601512232620032
1307363006788104192
1301782002815901696
1301585785414660096
1301766998716747776
1311427571465191424
1301626424768561153
1306175579893497857
1301656939810762752
1300907118044884995
1301582575102767111
1301569225220292609
1301039783477731328
1302259274039676929
1301909638900789249
1307307216106655745
1302280620975022081
1301817032678273024
1302243147498631169
1301760135887499265
1301793426774601730
1301653414791786496
1306288515307761665
1303681073168162816
1301866714246844424
1311437857974898690
1301859817087266821
1305807688979427329
1304521005973549059
1311032265363910657
1301893754882850816
1301849555621871616
1301762557783560192
1301574472168812544
1311420708430413831
1301656073548562438
1301796160781381633
1307336475420372994
1302235271270985730
1302287713916383232
1306328829678493702
1310006227443896327
1301640048639643648
1301629782275358720
1301579440967880705
1307299312502804486
1311001366324748288
1301635660885958657
1302283615733264384
1301867634070368256
1301588228210819072
1301966936658542592
1301791379715174401
1307319509267763201
1301729399662874625
1301856637393698818
1301901011192344578
1301799270207705088
1301973768793882626
1302225913116008449
1302216575500660736
1306174486883033088
1301890098833883137
1301793436035674112
1301646338459918336
1301617674477334528
1311420825971634176
1301606392143503362
1301644984492478464
1301613679566352384
1302135230745260034
1301806363799060480
1306197794156351488
1305951413168730112
1301856297156055041
1301615616420384769
1301592571710406657
1301628202209759240
1301577313298067456
1306219595964076032
1301580568333819906
1301866197676417027
1306319237867352067
1301624366409625600
1311427659222732801
1311421929258135557
1305557836114649089
1302004662548287490
1301799001814183936
1301775796856594432
1301787956131356672
1302192465320042498
1301303720215490560
1301559514454515712
1307337215752777728
1306178661402513416
1301633774262923265
1301802662376206341
1301655482625667073
1301571951283122180
1301608381334126593
1300839765902848000
1301632358416777221
1306176973224505346
1301675537023328257
1307040664144818184
1301876190416957440
1301843940145082368
1306207590657994758
1306212914559320070
1307388687639023618
1301821597368672256
1301984589385170950
1311439444449398784
1301878922636931073
1306011495164248065
1301890078562758656
1301629417882619907
1301863444870828033
1301757612858499072
1307092407486423040
1306228205951610881
1301610867042246656
1301621812963479552
1307347560907059203
1302400305506725888
1301934086475395072
1301579117134000138
1307942126127321089
1311445194286522374
1306250496445882368
1301578218370142211
1301889745094619136
1302149415679926273
1301828955830398976
1301809800217530368
1301568977664180224
1306350653430796288
1300757484798447616
1301625663649087488
1301973946091401216
1301792665231667201
1307951423271964678
1306196837150404614
1301638739500969984
1307420570485743623
1301612230623072258
1301606295053762561
1301564718725959683
1302535569986269184
1301578795976187905
1306211387778174977
1301772145706643456
1301833675663904770
1311418632845524994
1301574339830198272
1301574670307790850
1301848806984757250
1301619573809184769
1302012444756324352
1311420821282476032
1303891108544606231
1302292850227453955
1304791754252660738
1301786935241977856
1301679256184016899
1301663467104079878
1301597598680317952
1301651528013537282
1307307944707592193
1306190886087405568
1304191901927702528
1310953870558932994
1306205703657476097
1306335144991694851
1301862552012558339
1301861596776497152
1301640298792194050
1301605484030578689
1304318594692665344
1301649237281771521
1301614579869417472
1303659069010575360
1302017856515825664
1301914053766504451
1306206993636564995
1301793148482596864
1301773356459528196
1306544768831361025
1302105046923063297
1301614694189469697
1301614308665831424
1301610693297418241
1301603521251487745
1301580529284902919
1301922481914220545
1306310901780434953
1301844621379743744
1307617043890540544
1301752444729393152
1301614079606480897
1301580211222388737
1301827816640729089
1301773937139945473
1300729142565113856
1301875356794859527
1308382553997545474
1301835763273826304
1301829307971579904
1306180866658402306
1301583791367098371
1306175992898244608
1306675693669941250
1301796322849296385
1301859510177476608
1311423202699116544
1301844988058382336
1301621061939875844
1301603556030664710
1301615138555023360
1306215968583151616
1301594466365722628
1301684799392886786
1301865655629688835
1300817097925296130
1301623188649119747
1306181882065883137
1301830014225330176
1301487523730989056
1306252044831985666
1302949775894024193
1302281143107170304
1310017657777917953
1301572368012390400
1302151899727032320
1304893366182834176
1301574426710937600
1301576050745409540
1309159141471072256
1311420541039980545
1303248728816525313
1310288110459269122
1300699495429218306
1301625004619108353
1301779859933458433
1306203223104139265
1302025134379859968
1301685460050337793
1301626860208521219
1308517862336856064
1302267751252275202
1301613662839492612
1301572719524413446
1301566523639816192
1301755695570784258
1301574464765911040
1301634771873861633
1307774673032183809
1302002108242317315
1301623231913304070
1300706613343514626
1301846746889412609
1301619537805299712
1301577103134031872
1301845887883382785
1301577910172766209
1301788474207612928
1306226204379410434
1301793190257844224
1301597438139150336
1301651783291371520
1301589559030042627
1301832457403150338
1301564213282902017
1307304555479273477
1306215690442092544
1308674946785251328
1301887067174195203
1301810133786296321
1306177047186767872
1301758959582416896
1301598616419577856
1308601979090935809
1301826639949688834
1301649310682152962
1301600678201131010
1301258329725992960
1309090379933929472
1301595129363550208
1303090642025816064
1301781105704660992
1301572458634448896
1301629698401800195
1302003260195299331
1301570215277400070
1309208655984816136
1301619280014987267
1301839394261864449
1301564010773516288
1302277575910264832
1306780382499606530
1301909918769872902
1307325870814629893
1307177726030249984
1306178461946580992
1301621156815024128
1301572087992254465
1301622970167832577
1301639995485237249
1302235196335427584
1301793247606517760
1301849062036168704
1301800774004023296
1301832401455321088
1301798248089358336
1306041176856899585
1301789862388019200
1301579707251650569
1301852023999127552
1301644562918789124
1306295270465048577
1301643539185573891
1301612372621242369
1301866565462360064
1301753526222303234
1301601766690172928
1301586857403318272
1306268700824276992
1306214332183834625
1311420152999747584
1301852691761696768
1301821960570261504
1304515803308531716
1301805245119504386
1301639818271653888
1300887382011637765
1306224910918914048
1301843764076568576
1301587272081592323
1311001794085105664
1301800144929775619
1308162416753156096
1302568997167288320
1301829923951333376
1300725733963300864
1301653071186079744
1307674008133959681
1300883120510693378
1301590379834343429
1307611705850171393
1302983376358514690
1301511493666721794
1306118922354257922
1310113749391507456
1305510736257482752
1301636320213823489
1302037560282279936
1301596522451173377
1301578681547141120
1301710984994861056
1302142204450869248
1301635254311104512
1302221003502878726
1301939731194933250
1301585154264248322
1301571034022375424
1301749137562570754
1307374613861629954
1301803206142558208
1306265979144593413
1302614241564921858
1300962472325775361
1301793620631195648
1302100693793333249
1301573770352775168
1301861657401057281
1301828410591850496
1310286441474396162
1301860170914566145
1301572120271630336
1301588198271979520
1311115492870979589
1310129500374667273
1301627887397863424
1311422427583393796
1310125762926776321
1301574921122971648
1306191163729248256
1301845876273483776
1301779857530118144
1301604945792307205
1306178683946913792
1308023175238815744
1307768268711776256
1311420786218016768
1311420771131101185
1306265041377910784
1301835459019014144
1301801540479578113
1301586444562165760
1311431724988084224
1306332460284874752
1301939049926664197
1300704869008003072
1301580751016726536
1311423037917585408
1301613461022150657
1306183629727510528
1301572991088816128
1307954400690806784
1301781057013002240
1302890715433885696
1301612881927176194
1306320638337052690
1301647227421679616
1306190421765361666
1301972711221137408
1302040452464611335
1306429197791956992
1306218805388087298
1301576476266057728
1301629563689205760
1311439036779819008
1306247177845592069
1302280899862638592
1301922173314052099
1301596987964485632
1301585089944526849
1301830358636298240
1301656665729765378
1301578575250894856
1304419772617175043
1301781576754311174
1306403635073617920
1303686548400070656
1301581169151094784
1301621369877262346
1309921215893692417
1301768650093924353
1302216638805274625
1301625338452156417
1301600549549355015
1301829094988890121
1301949491126374401
1301840485355577347
1301578119430713344
1301801015751200769
1301760306528636928
1301586976869580801
1301660179881242624
1301845198763425792
1303347374241263616
1301924383716528129
1301633076452364288
1301767909270851584
1301834081970388992
1301757006517358593
1301917591414411265
1301600013848633346
1301990767943184387
1301828166009393154
1301576152478298113
1301796246626205696
1301786815175815169
1306312183786213377
1301783002486321157
1301623599078551552
1301574144220368903
1306175036374552576
1306184885133094913
1301820601187926016
1301568283410300929
1307194048252391424
1301875234442797061
1301804519865622533
1301567391382601729
1301656032918335488
1308766887837405185
1301568600378093570
1301945521704185863
1302312839298904072
1301829226836963328
1301612680357310464
1301793264744493058
1302399456596430848
1301572588519460864
1301638898221756417
1306183984750227457
1302257046889299968
1301579678076022785
1305113852766564355
1301578078620131332
1301586718961827844
1306187860526194690
1301637480786128902
1306217887573708800
1301595921021571074
1301652516845678592
1301906578984054785
1307271635565776898
1301942070513487877
1301903061129064452
1301784672377155584
1301607164247760896
1306218229724049408
1306176028394639360
1301942907893678082
1301938477240647681
1301599899151196161
1301567542486536194
1301640704012283905
1306219361003331585
1301606412775288843
1301574618407464960
1301569790692208640
1301934617054904321
1301588508113620992
1301866477864325125
1302144586022891522
1311220895084617728
1301828162867933185
1301628641248530433
1301571344145014785
1307002708939993089
1306235214851641348
1301845793566068736
1301596803175981058
1301614398864347144
1306217544915865600
1301836317534367744
1301673444606652422
1301588439205371904
1301162659879038979
1305956964581564416
1301619988508430337
1301998359465676803
1301620775611400193
1301800084309508096
1311427411867729921
1301984752841428993
1306193195508867073
1301909513298235392
1301803123837669377
1306234381296635909
1301653337683701760
1306290143402303488
1307339084466139142
1302153950007877633
1301648822297296896
1301672295031885824
1301810687744901120
1306324229659521026
1302564511187111937
1301922610268311552
1300816916546813952
1301827578194522117
1306506174049722368
1301841074646929408
1300878449310130176
1307371584857006080
1302064993450496000
1302247113921826819
1301579860582772739
1306578283438452736
1306300402317623298
1301800881755693057
1301580115399319558
1301841678572097536
1301622294197030912
1307386053922304001
1301839237126524928
1311420006425604096
1306210494009749512
1301774032178679808
1301853769752338439
1301900394013097986
1301592376549441536
1301833226592366595
1300921811249565697
1301576999253823490
1308127327042310146
1301853990083342336
1305453739264729088
1302171455325638658
1301804455491497986
1305944071798763521
1306486263579631618
1301786812080422913
1311428889470795780
1306181226638708737
1302504555620564993
1301786254846103555
1301574423170908160
1300739969963696128
1301579671587487744
1301911598982987777
1311421324259196935
1302251247983042560
1302180170267271169
1301686404196507649
1303429893208891395
1301626573213388800
1302415169042214918
1301599510498553860
1301763838732374018
1301976249519267843
1301815623211790336
1301954004843401216
1301577812353089540
1302137455458627591
1301837286955520001
1311426088300613633
1301628598588235777
1301665767331696643
1301612315549282304
1301573006528057347
1308074360712900609
1301605413809520654
1307362976035418113
1301633753924726786
1301780815454572544
1301609854348529664
1301570375428517889
1306906910025830400
1301828003673124865
1301590350927142913
1301979543431974917
1301809264797855746
1311422131079573505
1301633873768570887
1301759925224435712
1301639712273301504
1301806840418795520
1301580013750431744
1307439920030642176
1301649547995869186
1301811546385985537
1301640108920254466
1302053624982495232
1301789321889021952
1306180376226922497
1301583951283335170
1305891323271098369
1307285530493812737
1306247358896918529
1303272236586094595
1302002155260440576
1300827571320483842
1306402572345978880
1301802972637270016
1301630089323515904
1301587157732204545
1306239116879765505
1301775843648253952
1306249975177908225
1301570749166215174
1301822739909574657
1309065462169440257
1301685586143653888
1301842313262649346
1307318625775374337
1301574760887918598
1306176033385783297
1301590928075960323
1306190755036377089
1301852903808929792
1301803932092698624
1301572984029753346
1304786139245670400
1301772271460265984
1301865011070095362
1306233075324645377
1301886265265188866
1301592626135785473
1301726404011331586
1301842004754739202
1301626035532947457
1301799862636290048
1302655621485993986
1306330016830160898
1301603526527913985
1305808830064996352
1306310026160726018
1301602892336558081
1306353481998045184
1303639937384960001
1306232285004525568
1307328048317034497
1301838176445702145
1301979021949964294
1307745627862953986
1302029274816413717
1301629135308099585
1301638400001429506
1301603237460684802
1301945191717314560
1306202278731411456
1303094227480403968
1301869639799013376
1301587035531235329
1302018651466457088
1301588547145662464
1301584775921242113
1301590903363178497
1301796247691460608
1311428253983408128
1301813758675881984
1301594659249098760
1301625926300688385
1301617456163753988
1301630963655544832
1300798330851733510
1301582181819711488
1306191290418298880
1301785602422169600
1301579578498924545
1301578120907161603
1301952437352378370
1301788309933494275
1301570423423934468
1306177288753557506
1303726660475334669
1306174365264904206
1301939478496505857
1301828192689434625
1301629067658227712
1301625927718318080
1301836435423666179
1301658505179430913
1306209482112937984
1306360809040285696
1306186741175513088
1305953760418594817
1301619952814825475
1301583448344326144
1301582159770259466
1304085160548327426
1300877779035136001
1301572238148341760
1311439882271809542
1306256832621678592
1301825390823047169
1301830891136864257
1306175991828688896
1301629033457778688
1301619033792536576
1302094273102393344
1301832575112052736
1301573774496718849
1306205770715983872
1305040495689764867
1310102712286093312
1307369036989202432
1301936259636629505
1306263355531964422
1301956621409701894
1301645979477778433
1301587197150158849
1307360065452605440
1303033693892734976
1301567011789647872
1301564284669956096
1301580805064589312
1301856332107182087
1301755477760630784
1301565196864040962
1302528220458254337
1306179377416241154
1301988006715437056
1301784363605127168
1301843056870731776
1301861869389516801
1301655691187359745
1306393923531800577
1306175034411622401
1306584350788526088
1302600050976096256
1306262432466305024
1301580377434320897
1304894369112223744
1301841098801917952
1309882495115165697
1306263812299993094
1302284622097780738
1310049925254742016
1307316249819598849
1302355924091318272
1302161901863014400
1301900848772067334
1302872047136239616
1301777935813279744
1301735270887419904
1304954390625890304
1301804256517816320
1301639198819209216
1304412476067414018
1306582695003201541
1301596433318137856
1307299479020802048
1301887890553737218
1306185190784536578
1306936556624715778
1301652828553990145
1301868048861876228
1301831462912630784
1311011680718127109
1306120122566955008
1302892251685814275
1301732962438991874
1306299841061048321
1306269050822103042
1302220947659816960
1301775123708551168
1311425755889442816
1301627993283063813
1301254678215307264
1301615614008659968
1306177347054383104
1300766838780047360
1311434786767069188
1301803505557147648
1301849031346401280
1304403098488668163
1301689291245056000
1301610508517355525
1301609868307116036
1301587015524331521
1302148610264506369
1306755690338422785
1301608345640595457
1301805936961556480
1306210292100141057
1301619651001151488
1301750098020442112
1306969286171262976
1302471463409254400
1301652512727068673
1300812616311468033
1301592533848518664
1301638106626633728
1301565938576297985
1301574892647854080
1301564680834609161
1301607344527282179
1302182342774136832
1301811991871356930
1304079207052574720
1302710024955990017
1301976936906977285
1302250657970368512
1302359063595020289
1301596084595298304
1300771195101614081
1301966982280077312
1300946332388143108
1301573102049136640
1301812590658695168
1301619815371677696
1305509186403475457
1301798094120550400
1301842240336285697
1306213935822053378
1301604097016164354
1301766328471220224
1301602595547611137
1307401641218510849
1303091230872604673
1306181883630362626
1306179137468616704
1301604220743962625
1302368242363772930
1301834577833594880
1303241785146331137
1301584632182341632
1301832658704568325
1301566625435586560
1306361399011143680
1308189952648249344
1301642967900459008
1301609844173135882
1301614095695740929
1301744906482913280
1311440374234316800
1308682413426573312
1304739584912351234
1307295534085005312
1307327818456539140
1301987617592967169
1301966852650926087
1306318722492174336
1301809225295855616
1301617121290530819
1310055806667304960
1301578713604255745
1301570189868371974
1304639407266451456
1301837903065214976
1301649847498485760
1300974004757499904
1302527654978093056
1308808344803717120
1301575585232191488
1303572473313624064
1301621816335753227
1306189577770729473
1301808852040589313
1301799588026896384
1301569881532502017
1301994058643111937
1308603472502194176
1302113507140423680
1301827999889850374
1300776385481519104
1311392138765250563
1301778986570330113
1301635915799027713
1301622357199650816
1301832579340001280
1301580223620812801
1301792464999718912
1306210409414787072
1301640420468850689
1301564669530976257
1306178463011930120
1301638629928906755
1304063900237824000
1301605034094989318
1301572097035169796
1306297831754477569
1304757847176208384
1306228416568586240
1301596968276430849
1301568837205319680
1307346831572168705
1307298563265892354
1301828350500106241
1301778707422605312
1301598299099721729
1301793136134574082
1304049153337692161
1300804262553882625
1301781184947642373
1304473029637033984
1302202736830808066
1302573453791375360
1301815436594552832
1302865174513291265
1302024177638146054
1300754498328104960
1306396552999710725
1301808022763835392
1305079392981454848
1303014548874682368
1301860240007352321
1306273097872551936
1307584837579083776
1306753625696468993
1301763320299638784
1301625736277757964
1301575204402016257
1306336645353005059
1305443587073675268
1301769302786351105
1301614216886059010
1301932976532598785
1301591779607752704
1301809316186460162
1301805969463275520
1301786511260737536
1301639829147574274
1301824187401728000
1303891168695123969
1310543741950849024
1301802014708506624
1301829812466614276
1301834917194723328
1301836579699404800
1301752235165208576
1311437393107587074
1301571834995978240
1310291662678220800
1310112230416035841
1301567891519746049
1301574631451746305
1308874309583220736
1301570788936560640
1306181589207052288
1305605732222603265
1301665532576509958
1301574516510990339
1301645572852588545
1302841579015671808
1301947621695795200
1301844616874950656
1301564566795673600
1302195461437222912
1300751408426299392
1301944961617866754
1301622476947050496
1306174057075871744
1301613962048438274
1310267881511366659
1301603027191844865
1301579864600907777
1301563918087790592
1304333877738123264
1306254752922185731
1301624136989540354
1301791103465775104
1310109211012018177
1301696853457633280
1306593825222057986
1304548384880177154
1304524503171633156
1301859339884539904
1301578517470154754
1301793868573282305
1308534211259883520
1308483043276009473
1301614493135523857
1301609518296633345
1301600264516964352
1302351621154889730
1300976876282875906
1311422190357749761
1306253891382775809
1303062707327971328
1301910060726202375
1301640360687525894
1311423133090492416
1301827359964889089
1301566806419791876
1301698504432156674
1301623179828396033
1301604588466966531
1301874961435578370
1301593811081142273
1306189807719264256
1311429445241253888
1301872129626038277
1302203106369966080
1301786071525740544
1301768054385319936
1301625423034552321
1301795378539491333
1301848151960190977
1302152518504517632
1306614965848223746
1301788716172824576
1301758120218288128
1306739420557651968
1306220925524889600
1308670816364658689
1306179716886523905
1307296996697481216
1302623215609622528
1302147969463050240
1301873428832620546
1301790148133359616
1301638639064158210
1301770352209670145
1302360370250686465
1302399139553193984
1301801367040819201
1301605324424704000
1301877051889258496
1301616427322015747
1301753775623987207
1301609939908132865
1310126406660128769
1311448607799869440
1301625539271290888
1301597810530410500
1304524670155272197
1300813717446295559
1301604471022268418
1301580031932739584
1301548479127396353
1308147911692349440
1300906530808778754
1301618165395394562
1301598116358037504
1310130264648151041
1301791336136347648
1301615407393107970
1306302766659375107
1303747374389420038
1308119436981932036
1301630925776793600
1302904987840909312
1301844454324801536
1301765832142397441
1311420202857398272
1301588218022965248
1301823512261341184
1301624110783647744
1301876554759274497
1301655306758508558
1301890143419338752
1301596514171727875
1301942953586327552
1307390684094238722
1304790898044268545
1311429711386603526
1301915401480269825
1302020485522296832
1301784490021453824
1301814743468998656
1307348663686123520
1306175393221799936
1301621336532488193
1310189117330817025
1307300323875262464
1301626872258859008
1310803958366179328
1301633914532921346
1301830872312754177
1309095125142863872
1301642746520842240
1301567796854353922
1301633330241208320
1310207100031819776
1301746035744739328
1301569250654670848
1302305587456339969
1301942249513771009
1301841855668256768
1301866549112967168
1301588551252029440
1301569353092157441
1302134821335044096
1301875342014066691
1301835546252148736
1306318016418844673
1301565238966394881
1306308476357021696
1302020867912802307
1300749768814100480
1306650688567611392
1301802756752236545
1301593851308707840
1301234387581906945
1311420570693763075
1302263461611802629
1301568336350908421
1301722696322084864
1300782910660915200
1301575542479687680
1301756545714343936
1301795216765186048
1301690984464605192
1301603824889667584
1301577991902953483
1301618467481817089
1301644018091204608
1302374811960848386
1301757646609973248
1306175870164447235
1306501928898134016
1301980056399511554
1301757016940187648
1311422622459203587
1301766948200607744
1301756619655651328
1305632229654233088
1301616050388205574
1301579487327514630
1300764370704699392
1302018115828621313
1301829248739692544
1301571960992915457
1306485184469008384
1306243922902032385
1301601460296265731
1301574238646808576
1306325196186570759
1302149206610595840
1301746044850647041
1301610227985334272
1301591954472534022
1303419664752685056
1301609700115521537
1306229217097588740
1301223006174314503
1302282791300800512
1302254189641445382
1306249404005969920
1301772636012392448
1301655695289450496
1301584985426669571
1301575127981789184
1310165916223668231
1306228956904017921
1305631876007317505
1301641031180484613
1301818083657617408
1301651102245572608
1301572380704362499
1306215260878245892
1311427683088314368
1308746147654184960
1302021189351682049
1306193457015402498
1301942105187717120
1301629810150723585
1301579563835813888
1301834415044276224
1301804260129230848
1301578113802014721
1301614988180836361
1301570550431731715
1302265702921973760
1301826123068854272
1311093684511924226
1306242020239904768
1306175398640840706
1310652481605644290
1306178889388118016
1301588390874357760
1301572656328855554
1301569900838821890
1301830297235918848
1301585208718888961
1300830500471398401
1306368757342797824
1306359380464599040
1301707917352206337
1301617690977726465
1306807187889704960
1301587623077650433
1301592748487827457
1306181382637588480
1301852325779304452
1306179879457693697
1306222456810676225
1307341726160490499
1307340744093585408
1305643631190179841
1301829971305000960
1306177855412465665
1301592773041303552
1301862371045126145
1306348901704835072
1301867552008736769
1304555967175184384
1301911617815433216
1301812388572934150
1306364533347430401
1301574575004749825
1304509131978665986
1306212660325822464
1304804179731517441
1301634392402604032
1301589342545227776
1307403875603951617
1301630533332545538
1301607660954021888
1301976302946340865
1301638031053647872
1308735062779854848
1309978248357588993
1301762377671749632
1303225818315923456
1301586752495398914
1301971665212125187
1301579777724350464
1301585518380150786
1302260038187331588
1301587709706883072
1302240287469776898
1301737011078983681
1301581502032097281
1306246475974873088
1301603034619928576
1301649587552292865
1301601287713284100
1301915054808485888
1301601105206489088
1301867978523320320
1306175691591946242
1302257930578862081
1307649877732724738
1306190956207763456
1301631778004836353
1301856055274745856
1301626888079761409
1302157362820558850
1310300169280409604
1306228184191467527
1306189626940456962
1306177175708741632
1308075600276488195
1306286399142985729
1301970286225559553
1301623843535159298
1301584348337115140
1301573482283589634
1301565260130930693
1311431832081227776
1306177247217418241
1301834464969007104
1301829957413462016
1301720938925494279
1306201331724701702
1301782006892822529
1310011387415072770
1301630670675095554
1311421820214620160
1301633178390724608
1301590575020470272
1301570546103091200
1308638884012732418
1311420312244957193
1306751773550555136
1301611232919773184
1311424689751945225
1306174586967519232
1302562403725512707
1306211217321742339
1301639011321221125
1306178361249665024
1311121440943546372
1300914067285118978
1307452551021895682
1301798818883817472
1301631037030662144
1302196115354386432
1301627783651749889
1301818695547850752
1301801969313513472
1301876188487524353
1301634755495178246
1301587067214999552
1307302023638011904
1311420340866818049
1310149490138021889
1310014610293116928
1302601028647477248
1307940677096009728
1301788784988770305
1301578758823047170
1301577343006314496
1302295090090647552
1301564685280567303
1301563533273038851
1301774771328352258
1301633664665690116
1306195011529310209
1301925944370835460
1301745014578569218
1301694790032076801
1306362165272735744
1301776132354854913
1307348033202458627
1301824259162099712
1301781394562183168
1301847445475909634
1301625843605794817
1301589275876745222
1306595713707462659
1301578348230053888
1302573687586123776
1301610394209918978
1301867337285611525
1301568843014385665
1305928347910799364
1306269467366875138
1301872242909999105
1304037019811811329
1301625550436474881
1301237193328021505
1301626302978576386
1306179096880312320
1301633153476558849
1307531932411080704
1301568003641872389
1301832420292005888
1301740155099852800
1302347181337333762
1311423645412208641
1306750448637018113
1302276048516796416
1301790586337402882
1302213303679234048
1301584627329576960
1301596898663505920
1302156634064482304
1301579557556887554
1311425151020478467
1311424090482368512
1301829500016177152
1311420385221644289
1301965529113128961
1301840708404424704
1301597016414392321
1311426647623643137
1307305409598894080
1311440095531208705
1307379128128200704
1306216384456798208
1305460884232376320
1302278121157210117
1301822557935501313
1301634863972397056
1301627328670453767
1302277062011637762
1301591828383363073
1301589319002591232
1301604963836141570
1301568707639087105
1301893155827208194
1310153545753268224
1301565467388149761
1301828218027225089
1306188105830019073
1305182595848835073
1301829380314984449
1301636893445181447
1302337449239220225
1301648650498707458
1307362997233422337
1307411108362416129
1301766312520290304
1306208118049845248
1302183858012643328
1301874394294374401
1304086496148938766
1301872305149272065
1307415502801825793
1303734836406910976
1302358753950535680
1306328275703279616
1301646954770857984
1301575005218766849
1311389099652263937
1301645106647359489
1301578227803140097
1301832530967105538
1301585522368884736
1301838362257522693
1301760425281892353
1301570494123122688
1301573331699802112
1302216796611719169
1301774054043639808
1301810652391133184
1301630682993700865
1306280598458249222
1301572515131777024
1301570710410797056
1301572977419526151
1301587025833988096
1306318462055309312
1301873286800977927
1301592323302797312
1301594066245779457
1301826948574908421
1301627389630468096
1301615112000876546
1307384138123612161
1301795876231352320
1302012968582942720
1301810731751550976
1306215327961882625
1301573500357021698
1302326204922560515
1308161718653247488
1301950361926881283
1306174305076678658
1301575368059617285
1306207361774882817
1306175747468427264
1306410743831711745
1302276636851810310
1301622207727181824
1301617569896558594
1310130444353101825
1301855835774124032
1301827500499230721
1301977387362586624
1301638312373952513
1301973001420898309
1301806782419959808
1306176368674308096
1301621554669932544
1301635548684136451
1301629512950648832
1306180115395760135
1301563676852473860
1301639665351626753
1304055642668380166
1301472477395251202
1302357305523081217
1301813221830127618
1301801859628269570
1310009855713972225
1301586536782327808
1306342540543696898
1301987144811110400
1301585584209752065
1306199258933219329
1301563596447547392
1306220483763998720
1307351310522626054
1310294383984545792
1311420841926819841
1306181928022929409
1301638905960243200
1301597219687202817
1301563019772784641
1306176101337780224
1306199354550747137
1308485475225735177
1302182932342243328
1301564190029737985
1301750225690820608
1301849660584329216
1301817635500425217
1310117443453554689
1301579834469089282
1301630789738790913
1301565205688864769
1308764621743030272
1306254386159595521
1301607128403185666
1301597481952837640
1301917130280009729
1307519499772411905
1301636272398753795
1302252710901710851
1301618420241305600
1306241899892793344
1311428105475629057
1301648206296739844
1306521491023056896
1301579072691228674
1302521084533563393
1301823284284141569
1301578542984159233
1301609202725670914
1301654530535428096
1301624567119720448
1311420097756639232
1307311939115257856
1306176982221303809
1304792589321883649
1301836297695367169
1306181735613370368
1301840117158555648
1301790144157151234
1301817291504484352
1301628720403419137
1301829294214320129
1305953377348714496
1301663608863109120
1310285648297963526
1304511392943398913
1308635249153396736
1302541170715877376
1301833053682257920
1301588992757030912
1301568271209160704
1307617363861405701
1300840347501834243
1301642958853279751
1301775689893507072
1301611796030279684
1306179976870400003
1311420185782489099
1301660552746369024
1301649580388478981
1301606011602698245
1301573291300265984
1310059558702919680
1301780469932056577
1301902889196154890
1305935393620140034
1301965343242547200
1301847833147043840
1300829295061995523
1301591300265914368
1307450093679898625
1311422699701514241
1306261557148635136
1301696000994803712
1306289891190419458
1301580006947160064
1308989563696820224
1301646303747866627
1304676897121599489
1301930597716316161
1306323757796032512
1301878809067749376
1301954281071935491
1301631940169170944
1301628297621757952
1301601057450217472
1305618295060652033
1301651854217162752
1310146297941327873
1301629493162004481
1305938814817492993
1301580865294807040
1301579985745055746
1301579762461216775
1300749683858509824
1301574218853896194
1306309011059417089
1310621941598912512
1301909910695837698
1308507290530648064
1302735415552638976
1301589029822124032
1301571861185265665
1308075913104551937
1308147919565082629
1311434543220613120
1301640022723039233
1301630787360632834
1301795132103184384
1301763780100136961
1301575561345667073
1301816979649638400
1301664464094269440
1306291609731031043
1301601845924823040
1302161345878601728
1301931056044691460
1301638677467103233
1301570666634915841
1301841949369012224
1301827942645993472
1307158378842591233
1308074192890400773
1306580034816290817
1306175344613916672
1301582936412741632
1301845552112504837
1301614811390849025
1307353114949935105
1306184898231795713
1301838838491471874
1311427073156800512
1306225643890380800
1301863416236310535
1301686814357557249
1301568194809868289
1305469883312988160
1301589351957229570
1310161775061602305
1301576113169276930
1301769464191635456
1301592233494413313
1306603117883129856
1301800695541182464
1301827803940376578
1307616252962234369
1306281695721684998
1301764916752379905
1301533341494239232
1301836583457484800
1306191448673603585
1302025588723548160
1301869135429808129
1302217628870737920
1301644540005224456
1310286471232921605
1301657886708436993
1302013197558452230
1306676189382275075
1306675208699482112
1304412224329527302
1301849473149173761
1301837902004064257
1306176836855107585
1302514473169809408
1301651558749401094
1301982543789654017
1307419288458924036
1301797656365277186
1301669545946550272
1301590757732765697
1302338971930853376
1301876500535422978
1301845657683099648
1301606123863236609
1301602048681664513
1301572319542943751
1301908990515974145
1301493160644939776
1301576657157992453
1306222990032543745
1301675714119335940
1311421096189718533
1301678929728679941
1301589605825871873
1301710542353162242
1302187876743106560
1301634498535321605
1301772726844174336
1311440588844212225
1301603338350452738
1302689367320866823
1307328749961203713
1305933631202844672
1301893127612047361
1302991743693074434
1301628334649085956
1301588375187619842
1301586666495369216
1302014765401804801
1302002641506050050
1301595615504236546
1301566889865490432
1301793611370168322
1302899966373965824
1308123115705122816
1301814967734358020
1311426668876238854
1301832910128001025
1301827387047510017
1301782760374362115
1301839586482704387
1301588811667865600
1300809420935491584
1301626197005271046
1301577988161634308
1301570112080744450
1301627273557180417
1301795181637795841
1310257433684709376
1304305177495830530
1301836370122547200
1301625516219420684
1301892880513093634
1307530430837600258
1301831573088727040
1306174355932672000
1304521496325480448
1306647995388170242
1311421729571561474
1311388760987308033
1307098472965976065
1306192412654612486
1301803926191251457
1301569858174357504
1306372649094967299
1301582326179287040
1306176391260631041
1301643692286058496
1301568825889087488
1301806034332323840
1301653829000269827
1302293493214257152
1301802600732426245
1301595232165859329
1301948242112937986
1311420258968915972
1301565657692155905
1307335750195838976
1302007504017256449
1308314132471590919
1301927354248331264
1301781072724799488
1306398367895953408
1301646765431627776
1301778597905080320
1301600218333544448
1311435046843277314
1301658739624345600
1301586804223750144
1301675386770784262
1308848825650548739
1301590017123528704
1301564669564465155
1301830033028395015
1301593096287850498
1301593605530963969
1301689334471499781
1301985224398704646
1300772368017752067
1308193784098947072
1302940995147964422
1301609698232340482
1301602952210153472
1307396729545928709
1301605575004954625
1306260200735813636
1301828574140399616
1301621083347521537
1301578577364881409
1301578095581966336
1301567666977681418
1302302513744535555
1310081165018136576
1301939919674314753
1306158348321132544
1301953401878720514
1301629576343420928
1301646862030712832
1301633031141232640
1300595446746935298
1301782416911200257
1306576930100129795
1301625555775885312
1306226081586982912
1308672244042928128
1301601667704598530
1302744501505720320
1306174754886496256
1302370561759367172
1302133807559127045
1301749721824976896
1311434976794210305
1308744151597416448
1305353213734989824
1301845644806676480
1302112354109394946
1301798066832445440
1301845554398404608
1301784077893238784
1301781105318789120
1306186961426812928
1310292039754539011
1301636797966024706
1301816090222358528
1301627793332109315
1301307988486033410
1301563950207729666
1301966362101854208
1303597996857348096
1301672373821870081
1301979985952071685
1310136705169719296
1308545531204034560
1301854850540593152
1301616543802044417
1301590061172097029
1306177915936288768
1302047916513783809
1301645116235485185
1301583189367050241
1306182382962307072
1301871858153914368
1301680423005814786
1301677093948919808
1301785735142531072
1301772635311951872
1301826496437399557
1301945197799108609
1301622637412712449
1301594793701761025
1300794438135021569
1301795906182930432
1301587844138442752
1301799098635485184
1301584788416061450
1308638018723553280
1301786218225688577
1301792268974731264
1302226016698597376
1306759608564944898
1307329970885275648
1301858227764822016
1301570825750016000
1301806342202687488
1306229035647860742
1307308495746805766
1306751551722131456
1301821110464450561
1301769519162183680
1306577441675243525
1301827337600851969
1301872693571203072
1301662295618203648
1310119985700888577
1301750819524673537
1309151087023226880
1301575705499774976
1301634460723576838
1301593542545022979
1306214205083627522
1307332748361818112
1311424845176074245
1309211504093388800
1306187208546824193
1301607306103345154
1301890183093276672
1301641774918705152
1301619831461081088
1301611704451837953
1306266412000907264
1301828998322884609
1301671155762372611
1301575967958331395
1307295869755183105
1301790657489580034
1301696265613344769
1301570407586295811
1306341272668508164
1306702811011387393
1311423101767503874
1307346843014180869
1301922768284454912
1306283093330767872
1306225863919374336
1301622192686469120
1301591896914104321
1301885402459107331
1311420436115271680
1311421648332042241
1303378421444206593
1301643730785636354
1301642551691280390
1301619709788463107
1301590555126894593
1301671390983196672
1301603774079827968
1301062577909362689
1302228314506002433
1301599612910923776
1301593235756912641
1301919524346888199
1301617684401074177
1301784101586980865
1301639167869321218
1306892196038225920
1311420399591337984
1301961755405570049
1301597666074394626
1305457425508597760
1307300455559704584
1311221347188695040
1310008585150230529
1306359072971780096
1301606372405116929
1301567643938418693
1301593837350125569
1301572481518637062
1301570151280713730
1311427460664299523
1302037426710474753
1301565532957806594
1306175963353538560
1300783965465382912
1301761515557654528
1301596796792254466
1301102909816541186
1301583887563468803
1301815744162934784
1301826920397631488
1302196791526543360
1301842676040585218
1301690064305561601
1306740896554254336
1307331167813861378
1302177359299215360
1301965768867880960
1301583626224709633
1301656226313506816
1301589945824481282
1305926535644315649
1301569600316997632
1306202377154953217
1301583443575406594
1306190456628350977
1301570534421995520
1301614871461666819
1301919223162298368
1307999573932204034
1301603883450540032
1306199863428886528
1310129555449970691
1306218336930410497
1301801034529079297
1301639509378043913
1301621150599053313
1301802245684711424
1306576849267494912
1303515734694391809
1306243294737903617
1301577525122957313
1309515738860982272
1302704363027259394
1311427737819676673
1301567145172774912
1301839553133719555
1301593612694814721
1301827558271594501
1302290621500198912
1301572961678307330
1301796380848132098
1310149086411141120
1301803994612928512
1301628731677696001
1301605096858562561
1311388810614370304
1301648103297159169
1308843111129526273
1307297309923987456
1301887573862821891
1301588852994342912
1300772188690186240
1301657262428221442
1301976852337131525
1301802880740069378
1302869539751952385
1307296522778955776
1301799619500933120
1304512700106637312
1306374354658357254
1301860006707560449
1300750025048416257
1302163680025628672
1306194529029152770
1308189964635578368
1301857276685414401
1311420984600207362
1301579001446760449
1309982270749630464
1310402155371782144
1301949388240171009
1301660598762078214
1301236328395427840
1301617460194562054
1301924589258366977
1301604671128252419
1307439521571762176
1301849612777656320
1301611483722403847
1300819459129647107
1301794934798856192
1306756830417293314
1304832796897181697
1302266559747031040
1301838919076646912
1301907716093378563
1306194212560531456
1306191377970192386
1303656323658272769
1301845264949444609
1301582405325684742
1301604899206070272
1301758219673653251
1300700832200040449
1306175015516352513
1305236710205210624
1301805162252689408
1301801623941939200
1301971880753221633
1302262299324018688
1308790987989360640
1301771122887864321
1300762601090154496
1301618694557237254
1301602049402994688
1301579721919078400
1301574579563958272
1301888600213196802
1306647192552308740
1301597607827996676
1303390219555745797
1301881816933117955
1301612339180064772
1302029576575516672
1301852077266788352
1301874460568543233
1301802269248294913
1301776336156086273
1301564367713062916
1306177865722015746
1301915761611603969
1301570688499830785
1301856541520392192
1301765601338294272
1302596218061807618
1302383956864708609
1301830068763852802
1301804185084723200
1301587128162439168
1311428903177801728
1307378527554109440
1301869389197774848
1301578819355189248
1302020224007405569
1301911823986429953
1301839707043700736
1301796937113448449
1307458317548228609
1301778483274805248
1301593233894633473
1301590500990955529
1301611806067228673
1301563758377041925
1301847971403890688
1301622735760744451
1305453121750040576
1301849699457142784
1301874890560200705
1301625231166132226
1301834661388320775
1301570478721708033
1306755465582391296
1303693742935810048
1306176042718105600
1301564723629039618
1307298729158938624
1306354447413633024
1301481864033599488
1301743465567531009
1301726097541869568
1306178906324643841
1301995102420766724
1301671003924451330
1301803458287349761
1311436228127084548
1306207159588466688
1301579641178783744
1301876985912795138
1307344402453598213
1307343257203081217
1301776802134872068
1301605540662050817
1306226816458293248
1302161538074189824
1301633291863371776
1301770258743787523
1305525102134558721
1301600584504664065
1306636873746583558
1301582938509848576
1306235461938053121
1310138251710267392
1301566709208358913
1306237743547273216
1301779235007270913
1309807411260260352
1310970391897223168
1301571162380603395
1306199920911806464
1301865477032095751
1306411033649700865
1301566506917036033
1301408782325604353
1308035762840121345
1301948616081395716
1301569797734490114
1311431444795977731
1304448434984947715
1300756275505115136
1306202195822510080
1304042157511192582
1302311770942562305
1301637456484237313
1302019422371053569
1301577870997958656
1305928017777172480
1302317566799613952
1301617783860604929
1301579202651660293
1301803376716517377
1301834568002043904
1308277450577772544
1310222382670454785
1306187083275403264
1302153892868714497
1301798735886852096
1301602330404683781
1306265118871818246
1308211913499635713
1302196204529385472
1303857063253204994
1306370154415169536
1300748577053044736
1306383177406197760
1302300717454159872
1301857884863631360
1311030493266300931
1301836883127947272
1301618829290860544
1300773312994447362
1301767958289616896
1300727884819161089
1307461649419448320
1301579775581065217
1306299392215994368
1301646372240846849
1301603498925215746
1306177196189515776
1301598585700659200
1306292707443212288
1301597837738811394
1301656369473429504
1301558117000454144
1306260882389954568
1310111312106708994
1306704285921693696
1306203290129117185
1302072528769363970
1301885819146436610
1306270718687141888
1301831954489376768
1302032680004055040
1301769535549300736
1301821218203619328
1301615876555276291
1304304625282093056
1301591995484450817
1300798796448837632
1306199602073415686
1301885393730756608
1306173992319897600
1301808816883892224
1301881277939953665
1301796083283177472
1307379270755508224
1302343566929391619
1301862143608983553
1301776891972661250
1306300551228018694
1301577089217372163
1306354140914896898
1306324811338088449
1302898554072174596
1306187213001175044
1306253487613841410
1301628226746355712
1306245722694709253
1301800954619211780
1301627208939843586
1302665341735178244
1302190419623763969
1311420549998968833
1301563428293795851
1301582173443698690
1304088726511988738
1307294711447785475
1306345273350914048
1301780544745807873
1301574449817440256
1301801316491186177
1301633900591144961
1301564992253235203
1301563831253073923
1311421115957415936
1301864005104021505
1301621350029766658
1310011300177678336
1307314230820044801
1306179437554171905
1301575152040390657
1301611807153565697
1301832457126400001
1301642642959273985
1301599781979066369
1301576344795525121
1301833289800572928
1301670035249922049
1301601556832362496
1301583218060267520
1303044722710253569
1301969533545132032
1301829319786889216
1301797752595255298
1306199316802011136
1311420877981061121
1306186903218253824
1301641905390923778
1302183726470909952
1301570423092654080
1306297727333085184
1306201167798644736
1306189756255088641
1300816031552765954
1301829196587696130
1300806060391968769
1305936440921067520
1301565445607227394
1307454507186622464
1301798386836930561
1302734237368492034
1301807146892513282
1301791203990671360
1301597411618574337
1301597397840269313
1301829170562031618
1301575695106289664
1301780690724360192
1301856431600214016
1301852779489697792
1301843564603863045
1301645839992074241
1301564042700566529
1301898654341619718
1306209656625410048
1301573903043702784
1301567219055448064
1304736641165262848
1301628208664793089
1301662254937649152
1306348895010684930
1301839787998023686
1301774826152112128
1310186394694934529
1301638185861210121
1301618464440942592
1306612563766120448
1301564174175264774
1311426390445744128
1301885979473608707
1306188911862046720
1306178402014162946
1307355529187123202
1301798772100526080
1301747838272106496
1301801681475309570
1301571415905370113
1305870347846258688
1301910732808892418
1307302734262153220
1301574036518993921
1306308640236867591
1307435134275158021
1306174585587589121
1306174263058141184
1301564228063629315
1311420020463988738
1301569201338023937
1308255934226067457
1301833453051228160
1301569259361972233
1301630713012383745
1301592385156153344
1301638033255682048
1306630037404348416
1306190154038677504
1306266939837341698
1301905741075361792
1301839513661124614
1307432155396689921
1306042227383316480
1301752757272170497
1301612887786639366
1302259297540280322
1307323734223716353
1302339478787371013
1301791426217418752
1301680606317862913
1300932505026007040
1306212425239277568
1306264273069506560
1302978369613705216
1301792989619073025
1306267948198354944
1301742059573870593
1301574609981132802
1302204954917076994
1301627549609537541
1306239277475540992
1301830271826788352
1302249683163787264
1302676476945461254
1302439924495511552
1302377561092128776
1306241711794982913
1306178698861838336
1307763514908585985
1306782187228991488
1306176891620151298
1305604496836505603
1301848722901524480
1301876630894391296
1301630165232037888
1301589719910879237
1301964120540012545
1307335413477052418
1306355864463462405
1301619938201829377
1306190650010931200
1307800107547611136
1306298636440154113
1308820242890620928
1305049482711764992
1310063815686488066
1301622247359156224
1301587892985360385
1301571214591361024
1301586908078845955
1301614528401154050
1301589673865875456
1301975202075639808
1301579297413529600
1300780122761551873
1301877730007486469
1301851997298143232
1301612672262209537
1306201938602663936
1306188137807437825
1301575871476764672
1301827555604004867
1301586381505024000
1300787615185207297
1308117275191521285
1301681478091313153
1306229688688422912
1301581131926601728
1301661171498577926
1301825919938686981
1306486521063714816
1306180177634918400
1301864958200872960
1301785156454408195
1301595756676157441
1311449687384350721
1302557657090469888
1307377285931175938
1301832990507569152
1301584840047894528
1301794019962499072
1301585348871553024
1311423049380626440
1301570423277092865
1301880147298193409
1302041917597908992
1301870437778030592
1301767942120640514
1306182478873481217
1301635925408133121
1302555248318459905
1307940780863098880
1301865258760445958
1301831084989124610
1301791928737038336
1301784571990679554
1301751483604574208
1301631274042429441
1307326760699269120
1306592663232065536
1302266980414746628
1301612296737902608
1301586510173609984
1311428971939143681
1301570270105346049
1306584846702051328
1301591414011293698
1311048905660997639
1301580964439744513
1301600395723186181
1306739611734024193
1306175496238043140
1301782277492551680
1301870269666127873
1311420681893150728
1311026928766328833
1302110294152556544
1301650879871942662
1305956644057157633
1301630160748400642
1301772499177402369
1306300844715974656
1301579390346833929
1302355631781879808
1301568556195360769
1301651857660575744
1301567191519768577
1301828925849563141
1301606603276328960
1300690248406626307
1301575968960606208
1306442399615418370
1301813772844138496
1300774414703828992
1302359720007786497
1301618029411946497
1301981812521078785
1307325285231136770
1301605343336820742
1301630589347549186
1302039022194360325
1304447230317932546
1301606814786768897
1301805594748354560
1302274343892852737
1301616115945213957
1301579881046736896
1301719257219293189
1306205460341682177
1307375885193015296
1301616760630673410
1301578422347587584
1301571450122502144
1301569876121673730
1306360598020620292
1302623335264784391
1301599014417297411
1301620233636139024
1309073428926914560
1301782184693563393
1303390267576381440
1301829857693831169
1301577983203905537
1301576686673309696
1308052345192951808
1306183627726872578
1301913731560099843
1301636780404416513
1302200946420842498
1301568497085034496
1300796967308668928
1301626971164737537
1302202398652411910
1301996957595054084
1301591046883868672
1301583013961232385
1302313302278668290
1301628855443247104
1301800406394245120
1301935842135506946
1301101459266850816
1308119044411793412
1301913966764056577
1301574170380316673
1301644584234168321
1301718594993127424
1301629970377322502
1310078424833241088
1301770312170827778
1301688075320467457
1307299341841899521
1310084553281810447
1302059346738716672
1302142149283192835
1305934299615711232
1301866481215565824
1304193949133725696
1306344785763065856
1309258285468577793
1301829561047568384
1306364126210514944
1301828870853873664
1300758565716742144
1301588655090343936
1301572305223647235
1301765724516605952
1308938529314148353
1306595642303590400
1302535773338644481
1301581416891908096
1301767104211890178
1301563649597861888
1306176327884722178
1301634811619168257
1302866131204571136
1301847353612218368
1301787307058647040
1301827553343295489
1306176824779702272
1301571765169278976
1306246981589905410
1301677503237574658
1301634015674408970
1301608274614251520
1301805190224457729
1304524000949927943
1301820961604464640
1301664317020999686
1301779576025157633
1301563649321054210
1302139357172826112
1301565750948265986
1301594173091577860
1306361779681927168
1301813405385478145
1301621445592743937
1301636219009470464
1306522026820108294
1301575540286119937
1301973706974154752
1306177337495609344
1301630021287776258
1301592027558227968
1301864269483593729
1301633231175979008
1301575496732377089
1301613716069326848
1301565979609255942
1306215240535810048
1308344565007634435
1306176976525373445
1302515636350922761
1301641670413475842
1301602224708222979
1302355569701945345
1301590216990502915
1306214354497531911
1309153171462381570
1301968195847323648
1308489933024301056
1301790131184193539
1301563886261370880
1302013307763789824
1301847942748344320
1306173946681843712
1301579989758996480
1302025257923088386
1301755025459421184
1311431553650745347
1301802371283066880
1311357833078804480
1301582475404218374
1306267671546257409
1301948296425025537
1301781214798413825
1306198692429475841
1301626597192200192
1301622729259520003
1301185232478105600
1306266455298760704
1301622056354750464
1301795498546823168
1301610915830411265
1305935415786926081
1311431172350771201
1310933663476051968
1302252389383254019
1301593624724025345
1300592652103151616
1306580133919285254
1306191142564884481
1301591274445733890
1301950923946815488
1301787173222600704
1302537246181126145
1308544258845048832
1301746844389736449
1301596282654515202
1301586797567369216
1301572155264716800
1301828000850341890
1308620542715604992
1309497614812012545
1305488840447143938
1301937185931898880
1302166081851793408
1301808963936292864
1301869027518709760
1302046081321140224
1306177891408007173
1301807737916084225
1305465579210518528
1301589240225165318
1301586665018986497
1301573683773952008
1301619368011456513
1301859885349515269
1301859770639450113
1311441690310455297
1300713201169059842
1301805242439405568
1301640139446288389
1309190185335296000
1301825230315425792
1302243414071803904
1306177690031054848
1301835003572219904
1304800592909545474
1302217349265842177
1310121605574676480
1307319968871124992
1301881675329220608
1301970787423981572
1301836512573698050
1301267266743480323
1301858988649308160
1301606489371619331
1300748725808230400
1302944749532438528
1301886458672943104
1301604769270763521
1304630575807057922
1300817912706617344
1302321474796167171
1301593045985619970
1301762550850297857
1301601713489694722
1300756581919883265
1308667070025019392
1306195661059227649
1301769076319105027
1301644101364969475
1306194456148873217
1301576238922948610
1300748666899238915
1302195301642625024
1301588699231195138
1306281307429888001
1302216279357562886
1301831644085735425
1301829119609536514
1301827673291976704
1306175700660113411
1301831118346498048
1301586147454472192
1301565963524071424
1301563994038243331
1306215812861231104
1306207525654667264
1306186297476878342
1301977757765828608
1301789956252356608
1301625322786430976
1301609861071937536
1301594653054111744
1301564121075404800
1301563352079126530
1304481003268960259
1301888457250308102
1301943466449154048
1301570257430155265
1301580597043834880
1301822054237437952
1301601166103580679
1306269377189339137
1301623670247432193
1301639617771442176
1306177459122044928
1301564622672146433
1301886426901078017
1302245860592541697
1301801982202703872
1304909005790351361
1301604504782151682
1307940779038584833
1301573506421977093
1311447334543335426
1306177214891859974
1307390528544215040
1306177994571079682
1301637336216764418
1301824277600182274
1301885491135086595
1301788311393050625
1306194497374740481
1300796796424384512
1301931015477301253
1301783942798995456
1301864020509683712
1309194496316407809
1301829285670539264
1307305459569823744
1301900760238764032
1301828982665551872
1306181680953266177
1301840152298500096
1301640752297119744
1301602281771749376
1301597001658793987
1301581896938393601
1308199033727524866
1304441299790114817
1301637722222845952
1301608131542290432
1301571123499409409
1301857387687612417
1311420653145292801
1301844352982016000
1301821709780160515
1301785773797257216
1301640288914595840
1307390651655389191
1301759595615080449
1301954954832248832
1301624765917130752
1301564368832868353
1301565832003301376
1304205433582878720
1301808904029040640
1301782518396526593
1300762350195298304
1301885796568518658
1301764010908495872
1301648879344115712
1306200092534280192
1307732023965085697
1301803919518183424
1301853283607289857
1302181110693076992
1301794794033811456
1307314422218620928
1301612196624044032
1301646107655708673
1301566669949751296
1301566083451760645
1301659335693668353
1311422023055421440
1301940925762023425
1302244407392038914
1310707632940879872
1306270348602740736
1306176393575886848
1301791418139193344
1301840629085999104
1300926416989626373
1302766518988607489
1301980107955937288
1306225221981147143
1301861985966075904
1301612360839450641
1301586554771722240
1310141425879838723
1306213523853398016
1301802162444525568
1301903484514689026
1311093042154278912
1301801214561193984
1304131241579556864
1301604932135641089
1310090704853630977
1305236570019045377
1301996844340436993
1307744349376122881
1301542991463616519
1301582280402624513
1306753176889102336
1306349769942601729
1306237554132496384
1301784596363780097
1302199029951090688
1301590231284699136
1300793188421173248
1301580639649566725
1306288422496219138
1302310188905574405
1301783551394840577
1301586728717819905
1301862306180202498
1300760659655876610
1301621419130974214
1301790028088082432
1301627532798820354
1301585833699545088
1301637540794052608
1304510743077847043
1302058576618442752
1301600828214648840
1301587547282386944
1301581661591818248
1301801975764443136
1306968744497995776
1306181323493707783
1300748537379131392
1301604628077916161
1302289620214984705
1311423007638851587
1301648583322730499
1305265555625082881
1301952718794354688
1305380203938672640
1301836759882518528
1301975377842245633
1301822812382994433
1301571709867360257
1301831385687166979
1301593318342754304
1301581858967351296
1301643849601871872
1301623266302451712
1301631368447827968
1301640217955381249
1301623735682768896
1306233099215347714
1301646326803955715
1301278389886742529
1301635231649345538
1301574104861028353
1305047123067625478
1302016415462023174
1306579799293538306
1307334505099911170
1301848746817400832
1301602895654260736
1310094427197759488
1306180428773154818
1301766689495941121
1306291485705412610
1301582649199337472
1306857827848384512
1301767510904254465
1306361197739073539
1304131617900900352
1301810346957713408
1301861573443702784
1301660255328362497
1302588986775556101
1301616819552350214
1311414185599946752
1306197698090020865
1301673290570887168
1303599453341913088
1301633532931039232
1301595383861313538
1301833818391838720
1300687869661544449
1306262372055683074
1306177214220775424
1301754041261797376
1301842392681766914
1300752084925665280
1301794432866549760
1301762611474817024
1305922813602209792
1303657299882500098
1306175423928250368
1301594120989929473
1306187312569647109
1306177799435227139
1302555662615015424
1301625548532338689
1300817554143883264
1301822820348039170
1306208428914769921
1301843342397968384
1301566073368719361
1301165193171525633
1301655810137825283
1301772734641340416
1301849271134691330
1301666889521922049
1301630574239584259
1307667438352437248
1306322010868416512
1301656502017687553
1301642192604233730
1307317037111357442
1302256175103254528
1301563673513799680
1304355358228590592
1301854020923994113
1302724644039012352
1304069202437906432
1301892389242572801
1307948597682601985
1306210560497811457
1303351396591448066
1301628414647054337
1301812060565757955
1301966376098201601
1301590730981486592
1311426081283551232
1310359833724571649
1304432200327352322
1305639464904142856
1301945562242183170
1301872370987212800
1301805542558633985
1301801052291977216
1306184547529302016
1301629935644221441
1307455669331791872
1301626452555771905
1301605306766708737
1301601897799970820
1302276426150948873
1301595568616202240
1301572999754244098
1301570725682307072
1301902626334953474
1301643904786235396
1301555347262496769
1301574536891162624
1301804571011043329
1301585193581543429
1301830420502376448
1301601144133816320
1304944917458886657
1301585238129356801
1301624562443055109
1306217789712150528
1301610381404758016
1301605110955606016
1306185265011134465
1301571528832757760
1301942041522458624
1301570759773630468
1307147392983105537
1301057906473873408
1306182891362226176
1311423225197400064
1301799382459744256
1306193579761688576
1302171105684320256
1301580959725367296
1307330525460299779
1301782593487212544
1306176229998030850
1301987334154526720
1301617355949309953
1302572410105929729
1302308791128657920
1301833340228599808
1301631624103235585
1301588028402659330
1301782184320270336
1309063013639630848
1304691958309425152
1307296041629351936
1303746524422254596
1301652530976481287
1302217873016926209
1302268940845015040
1301910513614499841
1301832498977136640
1301578610076155904
1301629422018101248
1301586729812582400
1302940916282466306
1304481711347167238
1301563813423206401
1301639079369551872
1307394015357272065
1307300180170092544
1301574343810482181
1302163947940909056
1301708026123038720
1301808485450084352
1301048820906831872
1301764841330413568
1301568492861362178
1302554094960287745
1311419882836307968
1309147232898289670
1301799067052376065
1301609783749996544
1301851860156940289
1301798021127114752
1301596196822114304
1301606195736776706
1301888859832287232
1301620132364660736
1306335868664401920
1301618068813217793
1301607743158128642
1301587395826114566
1306183297593212929
1301798515723718656
1301577757198036994
1301572774574673921
1302577362337488897
1304617938792706049
1306182923775868929
1301940167842856967
1301589890749079552
1307413754146181120
1306185551612125185
1306177317132267521
1305538302989262849
1302148459911290880
1301859771855917057
1306618417487720454
1301641160109297664
1301589846788648960
1307749083927449601
1301681800197083137
1301617146255020033
1301838657528229888
1301889570053779456
1302256886088110080
1302376283767275520
1301564902570627073
1307341314372120577
1301575885439541249
1301605794262155264
1301585664438423552
1301818448935256064
1303144870731800581
1306234201268781056
1305641415519744001
1301573101424082944
1302503587751383040
1307321046954057729
1301576349249867777
1301832083581665280
1301919495552929793
1301053085360455682
1301661306064429056
1301633485837344768
1301569726544572423
1302876279717482498
1301564251903991808
1301564032520986626
1301917318797094912
1301943328032862208
1301788555879030785
1301798457468911616
1306222526398377986
1301943744514662402
1301571636693536769
1306179731356672000
1301610499902246914
1302554120134561792
1306179694006501377
1306507608203776001
1306346344555085832
1306177879609409536
1301848004668936194
1304519523488366592
1309895947472822273
1303685040031911938
1301655941083996160
1311424270254383105
1306199933192728576
1301620488314257408
1301619747604307969
1301564193540317184
1300781017993707520
1301582313004949504
1302002632748412928
1301784469360214016
1301803707294724097
1301591560627400705
1306582534290051072
1301657095603920896
1301625489656815618
1306514829495201792
1306243101741195264
1302526273185603585
1301666845938921473
1304065636620996608
1301983394902007821
1302309985922187266
1301787368224157696
1301640767736287232
1306207432666951680
1306197805627846656
1306176813266358272
1311421131992244233
1306194564454244352
1301623065860861952
1301569561817382914
1301843668064706561
1301989579403268096
1301572915218055168
1306753667127824388
1301780032281628674
1301649311294423043
1301579227855290374
1301819418633293824
1301762619704053760
1307393777875800064
1301848631830630401
1301606809279647746
1307381918225268739
1311009096712237057
1301623122467139589
1306175181577170944
1301705424589201409
1301567944158257154
1301795200637992960
1301652430543781888
1301627209162125312
1301574589743607808
1301574052629413896
1306752633106030593
1301935975518568454
1301750953981476865
1301651937314603009
1306176430456352769
1301574354082435073
1301568034566479872
1300957694384320512
1301625229664489476
1301619068282310663
1302262195888234499
1307339035904552960
1301586337296941056
1305631768507224065
1301611948480454656
1300730687687983104
1301724657494745088
1301873295323783169
1306176946921975810
1306219246964412416
1301843231970406401
1301574808321372160
1303784448811577352
1306209275673534467
1301566666178953217
1301814409019502592
1301853733291261952
1306266071343730699
1306182411986898947
1305275762245861380
1301771745553154049
1302603688381485057
1301613304977203201
1301590644125773824
1301832010151927810
1301966566737801218
1301697006235193345
1304731247386808322
1301644851327500290
1302197057025867777
1307359033205104640
1301565092077727749
1310006602456543232
1301829673073160197
1309233069581307908
1306608974373023745
1301605210851246081
1301579576905289728
1311452584951992320
1310171146566930432
1301808168004136960
1301759245969391616
1302215640674115590
1301859396750802944
1301586424811139076
1301841064597299201
1306194143673307142
1301621755136667654
1310930844505251849
1301581460789514240
1301578405507366913
1300792716352270336
1301574845826822144
1306213818574479360
1301918431525076993
1301940297623130112
1301833433845559297
1301779691930554368
1301621532427460610
1308773173245235202
1301598919676264448
1310289559427706888
1301831004479459330
1301602914415370240
1301602463452102657
1301565149707415553
1307473204315856897
1306038657573433347
1302220364265803783
1306211066133852160
1307374426602835970
1301825204252016640
1301827761615638528
1301661888644820992
1301993918641434626
1303114495901011970
1306177971506606080
1301660026772377602
1311422869562327042
1306210580018139140
1301589260227751936
1301564221516374019
1302197725749030912
1311439482797928449
1310120646102462464
1306189630975496192
1301991282324238337
1304484329544994818
1304521668660953088
1301623460066725888
1301571206471180288
1301884390348402688
1301870971947749378
1301791941110235136
1301608157354102784
1308671191444606977
1304439645808320512
1302411036239290370
1301654201207074822
1301852633708335105
1309153554985365510
1301606049582063616
1301570609671962624
1306180956672397312
1301628278571241472
1301605022430527489
1311421302239043584
1306205030052225026
1306179322944909315
1304149006835167239
1311438447933116417
1302116217378017281
1303093682724192256
1301828637839196160
1304704857241268225
1300748824793829376
1301627983363538944
1302183075271581697
1306175129567875072
1310282727430684673
1306237717676777482
1301967870201655305
1301636415512408064
1301575173368315905
1301572922922930179
1306218814531567616
1306215152816185345
1301587492085301248
1310013848473210880
1306286182712696834
1301873036908474371
1301810858427912194
1301762191092219904
1301629435343503360
1301802523314081792
1301619292698542080
1301604806893752323
1301573015524782085
1301571169213206530
1306507024306405377
1303792760412045313
1302021757210112002
1301628062543630336
1306177098181156864
1305719488462061571
1301606566068662280
1301910034020958212
1301687556791242753
1301764544558178304
1307500598997258240
1306252017103507456
1306191259715985408
1302972039444271107
1300885213162205185
1306227777235046400
1301798130439127041
1301680847360266240
1306578724716982279
1305299104516501505
1301742751780925441
1301594686847582210
1301589344176746497
1306217481258840065
1301586731171446790
1305932860378013703
1301572582920146945
1302141785565736964
1301659616644927488
1301570756262887424
1306179593599176705
1303539071277383680
1301796553057857536
1311421503708319750
1306505882201714688
1301563479774633985
1301053232651919362
1306252619183206403
1306174140739657728
1307707368399142918
1306223840926855172
1305485915910004741
1304324225965195264
1301648776273309696
1301926709483245568
1301805686410612737
1301796487291170816
1311431070810886145
1301919680916082693
1306324655670792192
1301568915047354370
1306482574500429824
1302104735336534016
1301673315753488390
1301917901000241152
1301645158841282560
1301597122307989504
1302953034302001153
1301649065260789761
1301586906988371968
1301662396990267392
1301617469258379268
1301650981168570370
1302735317745700873
1306214819461238787
1306278787114586112
1301838703254540288
1301808977236369409
1302151801097973761
1307353708917854209
1306356948560949249
1301794020235128833
1301643522035064837
1301588036061409285
1301664315158786050
1301568699980275713
1301647434708385795
1301606529733398529
1301599581680078848
1301568765486919683
1301621418027819009
1301774810876448768
1307945474553511936
1301592804632690693
1301572961552470020
1311441005489590274
1301641044300378112
1305284129093804036
1306191795186008067
1301602702330396672
1301657039270223874
1301563927797661697
1307329055340011524
1302144086548324353
1301887625289232384
1301604283591413760
1301623997809950721
1306174049467465729
1303969080437768192
1307961723257860096
1306285719606960129
1306178103513944064
1302596682622918657
1301588038204690435
1301801678103031811
1301570301797584897
1306266839975161856
1301632807727517703
1302600390567960577
1306262182435459072
1301573434770677763
1306224018622763009
1304489272674717696
1301725948123983872
1301827481494786048
1307359158656741381
1307389697220587525
1311420791012167680
1301867476926582792
1302014456768221187
1301833270674550786
1304088284453310466
1307295535557234695
1301828404023562240
1301608940279607296
1300756137348935682
1301610848469868544
1301649305003061249
1301135702919458818
1301639099930087424
1300714196649340929
1301627309993218048
1307415022143000576
1301793449428094976
1301654315401125888
1306287525787562017
1301647481491652608
1303466255693811713
1306177488876380161
1301883398206746629
1301842745892507650
1307843586805899264
1301602009083260928
1301600949442666496
1301570079545491457
1300913131116429314
1301803851629178881
1306175601020145670
1301581845394579456
1301816874188115969
1301892594683858944
1306354192035000322
1308144596170481668
1301836259720134656
1301828617119444995
1301803758163234817
1301654123419402242
1301632083748704259
1307339227282235395
1301581096866451458
1306317557624901637
1310193894697701378
1300821214131376129
1302385265818861569
1301888331547017217
1301863487329705986
1311419814062235656
1301820614454513664
1301836169559314432
1301573802460151811
1301872969636089856
1301628656691879938
1307431347321962502
1301071867005071361
1305962792739110918
1301566189798334465
1306177534355214337
1303315329851023363
1311423261922799618
1301587274203893760
1302024460766261251
1301640616917512192
1301896786601283588
1301626769288630274
1301575685358616576
1301592024693518337
1301641171605819394
1306999217047711748
1307321599528521728
1306200338639327232
1306177698943901696
1301989526190133249
1301600309647675393
1301822808197074947
1308149680048672768
1301663494165729281
1301800925007351809
1306178822484656129
1301841685379518465
1301583941963599873
1301608537026691077
1301627850924068864
1301581490841677824
1305398139202007041
1301605987443408897
1301572859358261254
1307399944253444106
1306228326156115970
1301911753832435712
1301564761285496832
1300757341328076801
1301920630502240256
1301828519731830784
1301573398573744128
1301732560352030720
1301571036576722944
1301644244126502912
1301591509154902017
1300749542401413120
1301612171294539776
1302332072435101697
1301976128140333061
1311421192755130372
1302157089687638016
1301822483432079361
1301781537491427328
1301773786228887553
1304069284298190848
1301758906671214593
1302196053853302785
1301620244872679424
1301648302463692801
1301809331155984396
1301632420920295425
1301691899321909248
1307948560319688706
1303922294293696512
1307344461714927620
1301586577089531904
1305514970684231694
1301577193680777216
1311424300927397890
1301564693753008128
1301827923490545668
1302294256938299393
1309160015970930695
1300739803047178246
1301566102695219204
1306445135182471174
1301900166954446849
1302006030931460098
1301567486878515200
1306222611203002374
1306220978394017798
1301650426719342593
1301830430019260422
1301829034184192000
1301573513522929667
1301570061833056256
1301785814041587713
1301762158812901377
1301752488715059201
1306200965251575808
1301843300782166016
1301641544152293378
1311420291537670144
1301805046347243524
1301591068983660544
1301801802845876225
1301577587685232642
1303700569534668802
1301781641812213762
1301681969596641282
1306186756753182720
1301638978366513155
1301593116911206400
1304980804129431552
1301768792171831296
1302374191166115842
1306198164576309248
1300906536869347328
1311289025731461121
1301585189345333249
1302134526571839488
1301795356615811072
1301784770498748416
1302333455888515075
1301605128601042951
1311434973459685377
1305929203003600897
1304551169822523394
1307338602431614976
1302244156023222273
1301811305985253377
1301631498949451786
1301812793000300545
1301630496200417285
1306188734539468801
1307297285903134727
1309045848374992897
1301592539317833730
1301830016137940993
1309634103994716160
1302575672028811264
1301684526364712960
1306233702008184832
1302164914409218048
1301582277886062592
1306206752321531905
1302134432921419777
1302958623816118273
1301618315404685313
1307318187084656641
1306175314444288000
1301618131941687297
1301600313531658240
1307336255169073154
1301786691271897094
1306178424231407616
1302025414567698432
1307670431776886785
1307296069445996544
1306221522659536896
1302260500282171396
1303144764624318466
1302250416323866624
1301837111499382789
1301783489013002240
1301715146394546177
1301637390239498245
1301840660798922754
1301618817693556736
1301576271781036033
1301771628716666880
1306776669827543041
1306755599493890051
1301802354094866432
1301785482385338368
1301657858250018819
1302128568982437888
1307800162107043840
1306200268216950784
1301843762147209217
1301649793115095042
1301622998525530115
1301573017395499010
1301565189683384320
1301626827077632000
1301575284152557576
1306483480902148096
1306295546106314752
1303423465190551554
1301838868581363713
1300753077323141122
1301830246392623104
1310620707857063937
1301775988615938048
1306176094798860289
1306997687494103043
1301630004179218432
1308668729425829888
1301570869697937408
1306277130477731841
1309877848820383744
1301586404997242881
1305992591331205122
1301617205688307712
1301607804797677569
1305944052114755584
1301198783326412801
1306331694132330500
1301588647003783169
1306223124795490305
1301598415986532353
1301615418260549632
1303624882165555200
1301601202027757568
1301583101139746819
1301572202563858434
1301857728390979591
1307298180267212800
1302176101473628160
1301812649643118593
1301565392586973186
1311001457886457861
1301053539830161411
1306172270411493376
1301829087456043008
1307484483306901506
1303779267940155398
1302211011102093312
1301765338976190464
1301635492191100936
1301945193059540992
1301634710637076489
1302679931034443783
1301626591232040962
1301610643938856961
1306185120198594565
1301589245124108290
1302626425938341889
1301994320518619136
1301628666615681026
1301979389215805441
1301616440026558466
1301839500423950336
1306182181128200192
1301637021694296064
1302181650953113600
1301885028452966400
1307795758419259394
1301827644640628736
1300793398107025410
1306250546286915588
1301809451020824577
1301638926940151812
1301828611599671299
1301613028333498368
1307950961495769088
1301572170540347394
1301808373504057344
1307317388761858049
1303428635408379904
1307667584477732865
1305535092669001729
1301982480908648448
1301578185788862464
1302023809525002240
1301592730406195201
1307317336475684864
1302656136831696897
1306207716147433472
1301827476486750209
1301782329543872517
1311424980878581761
1308399902364401665
1301849318706556929
1301574982280056833
1301765127574781954
1310337061015171072
1301810098638073857
1301654282949799936
1307318902872068096
1301572386437894145
1307322710381518848
1302176063041269760
1301819491605721088
1301625605205757952
1301592911268769793
1301623472137867266
1302252635450466304
1301787931556839430
1310113357379309568
1301853201935761408
1301949290659688449
1306185449455734785
1301606015843131394
1301827851918942208
1302163601239814144
1306642624351145984
1301642093757161472
1301789153286393858
1307294799121256452
1308691783845543938
1301831440112508928
1301793926886686720
1301732392806252545
1301738415910793217
1305953988391694338
1301595993566261248
1301865078782914561
1301573858097393664
1302141768113238016
1310079725885370373
1301909903007780865
1301600525255925760
1301582507398303747
1301592623136878593
1301811471928745985
1301783474341376000
1308635496114008065
1301631351624536066
1306942317115387904
1306222576574881792
1304731235504345088
1301571946774245376
1307320991220105218
1301791960190128129
1301623776476647424
1301827896143745024
1301589821601853442
1301861986356125698
1304874759327485952
1305249925823893506
1302581064070828032
1301965467448377346
1305823728086011912
1311432236479254533
1301830108987248640
1301806018356293633
1301664926776393729
1301644358400307201
1306503756385783808
1301594507499184128
1301591983367114757
1306178829162090498
1301569027769278464
1301831190551433217
1302238695425290242
1302398018327584768
1301773799365529600
1301664843259359233
1301622162944651266
1308157016192561159
1301587806540697601
1301841852807753728
1302323761350311936
1301787892323319808
1306234810004897792
1302470071919538177
1301599207111954432
1301595635104329729
1311436958174867456
1309589748764356608
1301739316188676096
1306560733187014658
1302506278862848002
1301831708849954821
1301571764523356160
1301919623969996808
1301780401527164928
1301629138772652040
1306185801664024576
1305962777476059136
1302269255405260800
1301570901486563329
1301917480143794178
1306298709001621506
1301792380870438912
1307347029165834241
1306179944893100034
1301629345107238920
1301582790195109901
1302357608758734848
1311420969500782592
1306177843513171969
1301570372530298880
1301818523472322566
1301611015323430912
1301605873442324481
1301831618760499201
1308711890122690562
1301850555766243328
1300748785472212997
1301568115201974273
1306198545976958978
1300764187426250752
1301638996485955584
1302314211528372227
1301640303858851840
1301584078391652353
1301648643997552640
1301969183870246912
1301787200623964165
1301829213008416769
1308989051257708549
1301826008589512704
1302184421034950659
1306177354079907841
1301810354771693568
1301807660875079680
1306291346349723648
1302216424589492226
1306972229549404163
1301840900721704968
1301637902875623427
1305154755921162240
1301581533426450433
1306182643768320011
1301582346999783425
1306178868412321794
1301787678606798848
1302019577040318465
1301570691444084736
1301780649485926401
1301574767389093888
1301593048925769731
1306234924542894080
1306179647869251595
1301892726296915968
1301583802205196288
1306176710153564161
1301809036229255168
1302275826965241856
1301644273083977730
1301864301700022272
1301859996871921664
1300806419395084289
1301599560242876416
1305613210339422208
1301785514941579265
1301787576169312258
1306331104199270401
1301882401086492676
1302159855290114053
1306207669200584705
1301563995535618052
1311426356652240896
1306208893958270978
1306632691941617664
1306198973259173888
1301620397079760897
1301774626339643392
1306178002238214144
1301569093405941760
1301668929354563586
1301582448497696773
1306758285106839554
1306331271187050497
1302983221169336322
1302827213776134145
1301837785444290562
1301717949036847104
1301625643105423361
1301848221459910656
1301606295288655873
1301579686364020737
1301577827708555265
1310282896175960066
1301564042675474432
1301804393306652672
1301832691730579456
1306181327973167110
1301781511021223936
1301645875484282885
1301626214755569665
1301569474500407302
1301584723807023114
1301828975115853825
1301650957638533122
1306388233501265925
1306820648396877827
1306180226611916800
1301891674424176647
1310289757650464770
1301810195228766208
1301676930471809028
1301737519256612864
1307957433378254852
1301746616953647104
1301603028408115203
1310139855377182722
1302125142961729536
1301782772617535489
1301584610950873088
1307345554192633857
1307358009333612552
1301819346868633600
1303570670496952321
1302742842461360128
1301572418570457088
1310934363710861315
1301837386981179394
1301525906129915905
1306188580868456449
1301621653693247491
1306180136660881409
1309230215319744518
1303361423536525312
1302199849857748992
1307343658149187584
1300820247767904256
1301623243976192002
1301599140938424320
1301643681154428928
1301585707694264320
1301582064332894208
1300841392831426560
1301599589636636672
1301619608449933313
1307295726523871232
1301857389562519553
1301835328286752768
1301575397566566405
1306174006178000896
1302299436236845059
1301575602072440835
1301569757540495361
1311442572078919680
1302251244946427904
1301986975306715148
1305521800604983297
1311433098417106944
1303494490100039680
1301721143074869248
1301631390556004354
1306175182885838849
1301448984045727752
1307631251092918272
1301861583975571456
1301611026279002115
1302091392764858373
1306179148327550979
1301812328917348353
1301629363918696448
1310213488757932033
1304508239204233218
1302102278200057856
1301616300066844674
1301573157300703233
1301833603857485831
1301573696310648832
1301825715256651779
1301563550398328837
1311422640167452677
1306176933798064128
1302865879462539264
1306739160988909570
1301828165376110593
1306225529432014848
1301826185031299072
1307397363275792395
1305649058732822528
1301836396987121665
1306204302738849792
1301805022825639937
1301606908093235200
1301577130640277504
1301573346828718089
1301573051952308227
1301571172912500737
1301633892198342662
1301582303106338818
1301572211975782400
1301802660358770688
1301640551255740416
1311428517163343872
1301648822825869313
1301637472166776833
1301500785155506177
1300749530078621702
1301919564922527744
1301593098133405702
1301574676003663873
1301625575883378693
1301616604040617986
1301813690023505921
1306240968472113152
1301569052637265922
1301847826595487744
1306213189823102976
1301899094655463424
1302990414065082368
1306179359724769284
1302196461589929984
1301857257932677121
1301603375973359618
1306754371909234689
1301822646682779648
1311439362673045505
1301630336426807302
1301864798888525827
1301566906416201728
1302182183034146817
1306214369215361024
1301645976986439681
1301573864548454401
1306232182218928129
1303226031051071488
1301830939962732545
1301593511570157569
1311424208774324225
1300749052225769472
1306322364217667586
1306195742848159746
1307958592310575104
1306185665202335744
1302568616991363074
1301993790253797377
1301860016761208833
1301833865351266304
1301650209139830786
1301628786564358144
1301833083482710021
1301800411108700160
1301802265834070016
1300849203447463938
1301611770327502848
1308119124103573504
1301594630593617920
1302322970380165120
1301576972099878912
1301563549647503360
1301578630062014465
1301571630624374790
1302189858539044864
1300780654486081542
1304736430896353282
1302609452378607616
1301797293360906240
1302719931662860295
1306740642731700224
1305219934172205062
1302275947740254221
1301754461778571266
1311449088114778113
1311303007687057408
1311430734012448768
1302292708392869888
1305467417729138688
1302244099966332928
1301622098637586437
1301595840394539009
1301570559034232839
1301846903152349184
1301780765429161984
1306243111807574021
1301605898595569664
1301965889772945410
1302307273272963080
1301825363153162241
1301873689374400515
1301843152052125696
1306397063001841664
1306235398759354369
1306210556496547841
1301942470192791555
1301980531513585665
1301857015111856129
1306180520057999360
1305940397286469632
1301610393400471555
1304537220557295619
1301605537067524096
1301581583707713541
1301812986789724160
1301583998972551170
1307357086066651146
1301792121637277696
1301569642473951232
1311421953299939329
1305893570377904138
1310141907910225921
1301792609636175872
1301767155130740742
1301582515858214913
1308756702892904448
1301565702634078209
1301646064081043456
1302604964439764994
1307334805303037952
1301650104961642498
1304817162264211456
1309020484676325377
1306293043155349506
1301761987341365249
1307537272833740800
1301625960576487424
1302289136322310146
1311420294775681026
1302212072109944833
1301820450956247041
1301587368890249217
1300783382507520000
1306766756954935299
1301773204403499008
1302215934946484225
1301701689079197697
1306180631349604354
1306183246120734720
1301828648929034240
1307386548036534272
1301581479143714816
1301572864014012417
1302357234899464192
1311428639100108800
1304772653144846336
1301655293902848000
1302385511978463245
1301657123735175169
1301618078363668480
1301605183139569664
1301571192835526659
1301793362392031236
1310938460971298817
1304775523617435649
1302249795017474048
1306274512741314562
1306189353039912961
1301675449664315393
1301625660507664384
1301851745681801216
1301803100798414849
1301630439795429377
1301784882910302210
1301617389558280193
1301616329791766532
1301590207653916677
1306325280181624833
1307317328808480769
1306289112563974151
1301797887681138688
1307760751147470850
1306695797283721225
1301587124400119808
1302560615395930114
1310416934584889344
1301589626692435968
1301607124703817736
1301808362863161344
1307300131834941441
1311426029882400769
1310016930363912193
1306306785595228160
1302654570393489410
1302142822485811200
1310182811308044293
1311420826273669122
1306179847056764929
1309188154625339392
1301981003301507073
1301574398000992258
1301627906968477698
1301790120408948736
1301622886646636547
1301573822743805955
1301608131064221696
1311424393353007104
1305623117251964928
1301788549558267904
1301830007153668099
1306231190140182528
1305935336770502656
1306225294550892546
1301563454029996032
1301199227629035520
1301786467195408386
1306287479927050241
1301242187401789440
1301626414924541954
1307794645246672898
1301594658422902785
1301642211436752896
1300888076525371392
1301658965307260934
1301648443488776198
1301836462485368837
1301603924579880960
1301586936834994177
1301827515711881217
1302243976079003648
1306266453390352386
1301650862339772418
1301590526123270146
1301783027119521792
1304687292813135872
1301607772287578112
1301575307787489280
1307350258201038848
1307273963740028928
1306220884206792705
1301569937438322692
1306199908978892802
1311422406234435585
1304354586589908992
1306267084280733696
1301596324849217538
1308774302339215364
1301943224924344320
1310282027250450433
1301631171055570951
1307320484237897739
1301573338616213505
1301851697803915268
1309626512451293187
1301643632060096512
1302026785077559297
1307346211171635200
1301567671146893312
1301933449570377730
1301803368252403712
1301663657521278981
1302003052275261440
1301583089987129345
1310666248397692935
1301779685458751488
1301809235148312578
1301644691667136513
1301635144458162189
1301886840249647104
1301578327153573891
1301675502479044608
1308900275034431491
1301985183466434561
1301827289378947077
1301569996292788231
1301613722465718272
1301915917199249408
1307957813382176770
1307320109527175169
1301597738732343296
1306222055973695489
