1627029831928905728
1623787937207881728
1622601403666423810
1621476407359553539
1622350184637243393
1623738951407132674
1622388460374953988
1622392956886859779
1622273833448128514
1623986847595495426
1627424136061485057
1630685124961484800
1622326186822049797
1622539459945279489
1622064100913168384
1623990094301478913
1622278603332354056
1624281155728990209
1623698209557168129
1622296560238297089
1622208247946952705
1621143689438588932
1622661434017472512
1624177091976523777
1623998581748248577
1626251298860421122
1624040665972723714
1623765669085954048
1622305070183325699
1622294216914116613
1622240023792730118
1622219652674764800
1621672626329460736
1624516540149166081
1622250214437289985
1623982337720475649
1622560559676764160
1620922804118986752
1627798151703760896
1629981914160349186
1627437409678811142
1622271998867947523
1622306483571408897
1623824458128424963
1629936069327347716
1627088714257276928
1623812244906680322
1622240728641323008
1623817118406811648
1623024192651202562
1622333908720271367
1623840188530130944
1626221512423514115
1622518139710742528
1623797675257655299
1622293482722279426
1621391638986629120
1622319625177292804
1624535459471712256
1622249055513346048
1622272722842550272
1629612089261056000
1625939198510260226
1624457353666912258
1622254532011884544
1629883244660285444
1624350945088884737
1629571682561032200
1622327235838443520
1622317726004908034
1623826030476623875
1627408937573142530
1622383850746683392
1622684243909349401
1622258767881555968
1624017594880499714
1628168876562305027
1623692037106065408
1622537844932706304
1629613517211828230
1622316670025875456
1622375274053525506
1623705724814561280
1622362797639081990
1622223976222134272
1627408133034475520
1629613581380534273
1622340982015688704
1629809578723377152
1630290681452216320
1622255646186913796
1622327464998354944
1623719509809852418
1622366260217499648
1622287983289180165
1629586045418258433
1629818125209174016
1623923767989903361
1630356553759850534
1623745982146965505
1624319467030212609
1622644378576486419
1625818958828896257
1622417277923590150
1629911368642985985
1622791482909286401
1629605274884493312
1630155580961705985
1622311645442629634
1623805161737973761
1623776975012696068
1622492269654720513
1622329695881646082
1622552184079409152
1629642009026674689
1622274523356610560
1622329297384996865
1620968460904988673
1622455935976329216
1629603122245951492
1624045495017512961
1623691962791460866
1629862423166349313
1623819275214487552
1627480688730464256
1626970231460462592
1622925370348503042
1630644296620621832
1623985269450985474
1623834489716719617
1622541268730380288
1622518573972291584
1622381759827525634
1622227281006452736
1622217599936352257
1622217222880993281
1622445479412862976
1622559086914011137
1622343139984809988
1622334225503469568
1622706906484600833
1627398492036407299
1624555135853625344
1620820566948315136
1623774692363337733
1627592806469435392
1623757778010402816
1628491728192778242
1630236538473967620
1621527826951290880
1622216671506096130
1622501607530287104
1629982702769242113
1622347389729214465
1629862625474486273
1629084467569598466
1627412425141288960
1622232814283378694
1622274822326591489
1622311374197035009
1624067324608225281
1622521053103771648
1630234683660451840
1623788808939487239
1622581120897372161
1622329162445864960
1622661206828883985
1622291855302971392
1622492943985659908
1624042114538516480
1622514687182098432
1622284198944931840
1622420498154983429
1623752176773234688
1622307359853780993
1623987954765922304
1627408721881051137
1630123613138427904
1624099098415575050
1620742867160563718
1626290814690156546
1621404172129009664
1625893035039944704
1622388298411900934
1622267554382204931
1627401923027501058
1623702831889846275
1624172315238957060
1623963198478057472
1629850563226501120
1629805677190184962
1625242443275816960
1623776871711227905
1627072205464154117
1622569548502208512
1624104157253627905
1620903342653468672
1623786948874715137
1622303266003423233
1624035460711317504
1623756153787150336
1623752315889934337
1621569695160889344
1623795362950422530
1623485803463598082
1627749526185381916
1622239663510507520
1621735346688892928
1623052159041552389
1620878818151108608
1622431829864157185
1625764105897353216
1622596602455027712
1622360908415614976
1622292196857610240
1620925862920208385
1626186313463476224
1623788398933684224
1622554571171061763
1629960599139491842
1622412163347259393
1622479856188510208
1627275431555616770
1627287459204673537
1624060893959970816
1622313239940849665
1629895885487210502
1622283594998620162
1627500380127916039
1623785056106938368
1623861282565681152
1622289380139204611
1623784613612032002
1622336011769364483
1622250482671489025
1622212871953289217
1629804299558477824
1622702935099559938
1629890364424306691
1625745948516253698
1620779024883798018
1622329374060978176
1622382457977798658
1622231988152287233
1621177997779931137
1623745342788321282
1621499922439884813
1627442537676828673
1623740631091671040
1623774843899375616
1622604741799817216
1626962536430985221
1621500099833511936
1622373112556707842
1622393562699599872
1622647068182343680
1620817430691057666
1622713282254569473
1622638729805299713
1626609675868176387
1622241094988701696
1622208452780081152
1622315403916492802
1622307757218045958
1622710295155146766
1622373959466360833
1623707712625287168
1622307022917013504
1626270850549788674
1629590962803548163
1623702987028762627
1620763248814596097
1622232019118727169
1622943135906013185
1623725959386914822
1622279006027501570
1623785623684349954
1622277238392590336
1624140416307105793
1629911035879600132
1622482863516966916
1630215730795880448
1630208353807859714
1624043257570160640
1624007119337922564
1621027410761191426
1622394725679484928
1629844187691483136
1623763772912332807
1622366429998612481
1624753531872854019
1623797710984716293
1627146415666262018
1622336797475831814
1626652673721372672
1624347463539621888
1623004752396136465
1622345877791690753
1621225676513677316
1623553513526534144
1623816170351603715
1622518769892356097
1622263425219829762
1622414694811148289
1622435306703147010
1629571530056249345
1630284878020263938
1624154568132026377
1621265084885467136
1622359331789234181
1620965128215887872
1625931080174796840
1629570011583881224
1623789619392266241
1625966410206773252
1629802899042709505
1623804864814895104
1623794099865243650
1629515641735487488
1622364670592966656
1622234621076176897
1630013365434085376
1629491363447291906
1622644658026184713
1622455784700362753
1623702255848329220
1621421812050436098
1620852680548831233
1623811261417811968
1623784618435518464
1623756597682925568
1622353436371976192
1629812734119358465
1625943841357369352
1621428814868889600
1623954485419581441
1622408134500155392
1627399587186057216
1622488058808397825
1624248073621762048
1622577664887341056
1629201725566459906
1622332102648676353
1630130496335237120
1630019396587474944
1623733944255406081
1624900237016854529
1624019738635427840
1623757086969499654
1622231663513059329
1628704068049698816
1624130083559546883
1622234491623194627
1622250974357164032
1626605644319977472
1629860532760051716
1622505192833921025
1629477894132039680
1622265624771567617
1622261388352659458
1624513611891605507
1622281028063711235
1623392899520950272
1623395768051634180
1623809493787152384
1620768214946021376
1622375426289967106
1622313155727613954
1622967359899316231
1623723242597847040
1625575100148744192
1627286201664172033
1622266867069878274
1621586943170564096
1624017098866364418
1626999975631634436
1622296172655267841
1622537638757511168
1629581029940838401
1623780408084115458
1622449129287827456
1622307802382204931
1622336977474404356
1622317894947176451
1627010679348527108
1630283087065108482
1620833867308437505
1622520358954758149
1622923838953598977
1623718267817807872
1621083695942701057
1622298679062237185
1622844297967022080
1625150028279947264
1622504595510423553
1622339310392320002
1622602496643399680
1620892067798065152
1622332381821603845
1621621308588015616
1629807620147101702
1622347247017934849
1622274195013963778
1622254590904131588
1620736657489276928
1629096620183674881
1627454236991651842
1622304262054109187
1624015696949567489
1629907183272964096
1627106071289495554
1623347791920521217
1623212667497336837
1622513083884179458
1622327807664705537
1622217133697417223
1624046830840315910
1620764456551849984
1622308651141570562
1622243110586667008
1622230868092755971
1623760459848462337
1623699237920702466
1629872278145056770
1630237837512802305
1622335739009683459
1622376568042422272
1622215714009485312
1627398945155747840
1621587872775081986
1622349720445423616
1624072573653774336
1623714485209821185
1622504781179678721
1622297930030895104
1621170239156396032
1622261326490832899
1622306718607675392
1622529205467578368
1622281515546583042
1624348560241065992
1629850614153740289
1622377743928201216
1629029682925502465
1630381834721800193
1622275470069841921
1629571331082657800
1626955943131901953
1622353795106619394
1622298666969989122
1622314035592003584
1622321666302017536
1627403113756860417
1622318272249995269
1623044648569544710
1622518408012070913
1622261098601750528
1622342032365600769
1624006713341771777
1622292316567257089
1622563097947906049
1627294823655809024
1627734166480556044
1622942167042863104
1622959362124746752
1624058360138981379
1622537892315668480
1622241019122126850
1622241373515554818
1626076004656578560
1620954591008260102
1629578841382428674
1627756607261093888
1625888010251247616
1622309013315534849
1622250069872214018
1622212594386800642
1622259432372555777
1623731481238466561
1622451263832051712
1622339470069534722
1622365874752462851
1622996459275550720
1628353661481938947
1622276124133711872
1625257829560123402
1623941775718027264
1623555994432471040
1629922397733154818
1629623439836209153
1623805655734751232
1625974397432463363
1621156152334782464
1622289221548400641
1623865645069742080
1622278130068254720
1623755277152489473
1627054933706158081
1622368076481138688
1622335719120293890
1626227731494232065
1622233786401398785
1624502532432179202
1623750322664472576
1622919930860433409
1622372304301834241
1622291451240488960
1622213919270993920
1622497320880246784
1622516319630290945
1622372613484941314
1623713763680571397
1622255888735125504
1622252897957298179
1623708407042658308
1623734860174045186
1622263755089256449
1629921543831552005
1630223517391245314
1625516599758188544
1627049802692263936
1624249769039110144
1624067845624659970
1622447832765431809
1620863705306267649
1626635684936024069
1623814697110712320
1620772778390740995
1629925945883672579
1623951017241980928
1622252203367866369
1623962287642902528
1624508319686701056
1623821194662187008
1623819841399300096
1622719416243814415
1622604221269909505
1622531598124974081
1624055633921118208
1630500865281851395
1623812377111134211
1630220664656347136
1622544775994900480
1629554610762395648
1622358360170418177
1625246456671006742
1622260278393020422
1622479511261442048
1627346492670324736
1622417541233623040
1622557647256932354
1630445884759580672
1629986200579719170
1622322114396135429
1623918311674347520
1622330778318159874
1623995253928734721
1624002406353707010
1623746468132659201
1627408228358270976
1629047747318775808
1623719779071582210
1624168717385883653
1622921642845384704
1624048035884941314
1623762138857672705
1622357472525619203
1623841016594976770
1622213668367654914
1626975017018720257
1623707225960194050
1630308370941968384
1629897984849719299
1622348326275371011
1627402397126660096
1623996193700290564
1623027522177847299
1624001657397805056
1622751924775706627
1620817723763875841
1623717223763259393
1622527107250151424
1623789617014087680
1622243478884212736
1622270181417394176
1623938064560328704
1623786767760388097
1622343549613182977
1623694616217194501
1622692042592686081
1622350144074125313
1629044399907786753
1626592156592005120
1622391080678309888
1622356051025694722
1622299539066478606
1622294286736785414
1620873615695831040
1622499557757140992
1624119450013138989
1629923050513678336
1622212177867276288
1623762271334703105
1622287423454560256
1629802893896216577
1629983188301885441
1629830447239766018
1622310248588386305
1623763044076597255
1624038856512229376
1622279931446132737
1629936275263217665
1623793870378086401
1621432343390031872
1627422845709025281
1622273856701435904
1622332308593188864
1622435853611012097
1621099571991703552
1622482515289063429
1626440862258307072
1629579375380242432
1622303851763097601
1622345470617026562
1622719039574343686
1626967403899789314
1629116485296594944
1628821821326868480
1622269478888144898
1622269275359657984
1622373371286622214
1622359415750811649
1622306927030960146
1623800012193800195
1629442311238156288
1622289618505797633
1622248707310723073
1622270450972622855
1620951675237445632
1622307354942267394
1627416800429309952
1629806573991100416
1623760545282248704
1623998028901220353
1623837239728898049
1622323641831636995
1620876151731396609
1623344322123911168
1622306455297589249
1629583438347993089
1623772472679038977
1622941941011820544
1622319385288351746
1624913289955115009
1622314562061045764
1623782634752036865
1622322824894464010
1622251683739799553
1622295078357155842
1622249459202625537
1623760006431617025
1623702225007648770
1622275145338425346
1627454705357008898
1622215590512402432
1629816454366257156
1622274033172594690
1623735441944985604
1622507243097796615
1623724409084162053
1622501785423298560
1624313921015275520
1622384473869352963
1620753787223953408
1623713682537472000
1623746949038936065
1622345417282265088
1622337569554849794
1622860526123462659
1622331637634682883
1630319067570610180
1622318924476858370
1620845753857081344
1622357124742258688
1630222994189451271
1629573479841366016
1622420326922461186
1623619809509273600
1627480024851914755
1624184707830226945
1627399242074451971
1627398504850104323
1625525616052260864
1623752297468633088
1622293369304006658
1622252137051815936
1623814324597784578
1623660403619143681
1622335661100466187
1622327526654607365
1622282652324593664
1622643089587175432
1621092694096318464
1621819104473616385
1622926227408289795
1622229491241066497
1626935981906530305
1629828332182175745
1624041003769364480
1626956509492936704
1622364865288454144
1629617594645848067
1620827867562246144
1624003106529738754
1623703666367635457
1623707091339825153
1620770800054714370
1623978311348002820
1623750705143066624
1622313117278523396
1623780111936897027
1622251017071988737
1622209014632169475
1622685028265390080
1630161888502849536
1622345367902732288
1622261988406579206
1623786435944886272
1623407825668939781
1622274206128799745
1625558073984094220
1623711276282130432
1622414850612756481
1623766417207091202
1622333888549773314
1624075136746881030
1622321031774982152
1623323572319002626
1622305728173117441
1622305316883898369
1629579512319967232
1629824688712044544
1624582830545326081
1623951315024969728
1623905800753393665
1623585189032075264
1629531739633614849
1622256478827454466
1622327342977646593
1623628434210537474
1627532626268495873
1622237062131851264
1625766331600539648
1624156356604223499
1630039479246376961
1622312933744119819
1622994327801659394
1622553054275899392
1622286958058668033
1624787915275370499
1622966559583895552
1622557722599202816
1624105865526509584
1625030478704123905
1626976846511329281
1627409095991885828
1622346303807053829
1622340514564505600
1626978323300552704
1629569582997426178
1629162344159780872
1623764541216591875
1622214127820148737
1622363597308313603
1622344293531664387
1621223238410932226
1623803073624678400
1622247213232525312
1624189422076846080
1630395266170859520
1628342726256197633
1622236059915456512
1627410466833154050
1620892409839386625
1624053749051269121
1630242984724934656
1629814183502966784
1622297120828006401
1629160596481486849
1621177220453765126
1626428177886154753
1623312080165126152
1627510501889409024
1624021662977884163
1623990050605203456
1623779511912353794
1622474475391311874
1622265147346526209
1620867806534443008
1624091796694347787
1627732753994158089
1630331670657204224
1623916371875868673
1630488589552295937
1629786641865818112
1623801573737484288
1624018362715062272
1622284623983087617
1622258234038919168
1624162536026169369
1622505337642270720
1622225743055921153
1629510560088829956
1622358380042911744
1623784408074358786
1622310226773917698
1623605765201076228
1622380510793142273
1624107998023909383
1621233675621777408
1623981635573088258
1622318898233098241
1623775603299057664
1628331004464168960
1623957070700597250
1623807004413239296
1622493875750289408
1621164352098258944
1621245930895720448
1622208899750174721
1627772343371157514
1629477943410933762
1630453065617645570
1629571856477872130
1623712390046003200
1622505827797200896
1623987430343729153
1622779504421740546
1624009101708591104
1622541821254553600
1629094603835027458
1622250986126327808
1625044963955179521
1622382145690796032
1623792431803076609
1629156911760265217
1626966406494359558
1623003326764793856
1624045212807856128
1627443990852169729
1623750449273634816
1622337347844030466
1622269963355525124
1625205010827993088
1622715341435535366
1622658799201820674
1622241656547282945
1621887393086185472
1624426783813603329
1629060451861405696
1623780720643563523
1622639326046584835
1625063019284770816
1627400949701521409
1623734204767916033
1622379093395128325
1623805516638986247
1622338549545668609
1629089018162937856
1622582315716165632
1623258418587787266
1623796390013939715
1622231117850972166
1623779114036461568
1624200514656165888
1629134035065704448
1622379404176269312
1622381375151112197
1629888648219971588
1622355281589026818
1629888329578602497
1620820416410566656
1623667312132857859
1627435497013354504
1624418432832634881
1625854666323144704
1629873447835664385
1624005148816117760
1622329024243539969
1624275759907979264
1629512407352524806
1624115269676195841
1622289027503104000
1629789920708403200
1629909591331831808
1622508106998599681
1629540984324333568
1623779770180816901
1623797638729457665
1623304339480518656
1622323963023200256
1622952929991995394
1622357333694156805
1622299758105661442
1630009255674642432
1624014762517331970
1622577853417103360
1622259713441153024
1623787394552983552
1623965079040364545
1622278310418939904
1627743915133571077
1629575351180357633
1623748470698901505
1624018225620041729
1623782756957184002
1623946307260801024
1622593091315154948
1623949669385527297
1622352445119643649
1621186512258846722
1622283142777262081
1629857301040439297
1624875513213865985
1623759982322671620
1621172893865607168
1623702292271595520
1621093747277578240
1624209473777565696
1620891278476181504
1626636319639076890
1624183853152710656
1624069095275495426
1624519659952168963
1624046124448243719
1622252091832942593
1629679453331677185
1623963670295334912
1625937124967972866
1624081621287636992
1622239856008040450
1623735186524340224
1627630040287440896
1622281501718056960
1622494787495395329
1625419073944166400
1622939569833271296
1630336760650555392
1622574354167996417
1624034151329300481
1621945742322434049
1622256903320371200
1624134144912461825
1620836825886773251
1622923894062477315
1621208912606142464
1629435331593351168
1622315679885004800
1622681866233909264
1622213401903497216
1625102142758322181
1629909455289700353
1622343632920395778
1622340885185691649
1629094589549232128
1624015499699838982
1623988626630516736
1622246660297396224
1622771307975790593
1624035711010721796
1623931257729187841
1622295116131012609
1627128236948832257
1626166463265443841
1627438003214864384
1624110158451179521
1622232245577687045
1622288777614921732
1622246886177443843
1622390069129527296
1623985826014142466
1624062605806501890
1623826667977187331
1629803619557015552
1622277361914843139
1624016180712185857
1630042357092450304
1629803386081034241
1622460771929145344
1627421792406065158
1623975372944449539
1622306490634715136
1625191020735434765
1623707564985790464
1630214802114072576
1623090525745328128
1622321487263793152
1622282420643926020
1624323738970849286
1622255296713195521
1622884058232500225
1620833548889649152
1623828278761979905
1622532821955883009
1629856774105833473
1622297854814429185
1627405890427953157
1622579734495301633
1623795255458902022
1622455804774256640
1621489444837539840
1621283970099941380
1620881214268932097
1624486492528685060
1623702313150959616
1629807268924465152
1629820327386664960
1629573093235597319
1623982656869244928
1629811090254069762
1622308718208499712
1627438057849856003
1622250210503151616
1622289234898960389
1630134525639417856
1625101405458427904
1622398820221870081
1622277814236942340
1629905638980558852
1629791882506010624
1624013946318475266
1627444494239924225
1622495757675757572
1622283726263656448
1624506481948205064
1623834504338059264
1622273703680659456
1620751357413040128
1624067269587267585
1629767453843640321
1623781955916427264
1622230852288581632
1623958684672876544
1628870823355244548
1623720637113016321
1622336939423571970
1630243654014218241
1622669994701078530
1622382154444378113
1622214412844032001
1625890440699338753
1621221699415953410
1623958241435693057
1623340705488814080
1622267746405728264
1622225481570328577
1625257303069888513
1627485696733679618
1623957396564369411
1622345558852526080
1627441424059846657
1622312356758831105
1623785627677237249
1622548937168019456
1622967409391939584
1629323327637540864
1622659698301235200
1623801243968671744
1622257421639946242
1621075121523027968
1626957785635164161
1625888944519843841
1623773306192101378
1623809358000791552
1622360198764498946
1622235742616297473
1622301924618895360
1625395312880758785
1623850281183199232
1630589700741234690
1622858374202138626
1623794072530952192
1627402090556321792
1623772360682745856
1622379305933197312
1623773427210375168
1629898979642077185
1623722395721768961
1622579438658502656
1622370725813264388
1622421292216459264
1622281566058840065
1622262604562325507
1622292533496745984
1623752514175729670
1622243930757537799
1627420422118449154
1622240425468727300
1622323273898905601
1621364433149739009
1629884148843180033
1621093135970627590
1623759556504420352
1620756591107776515
1622284639678119942
1622560054015676417
1622265350996852737
1620739296612458497
1629852814632538113
1627665097920327680
1627457574198038528
1624551571328573443
1623777830260682753
1621505692082266112
1623058045029990406
1627464503305637896
1627429724636041218
1623717563837435904
1624056527018422273
1629808812520615936
1627402610390011904
1622287568929693696
1627116842153041923
1630217618094161920
1623561486495875074
1629620911480479744
1622309846581116934
1622472495545597953
1622309119871930368
1630298090954432512
1627711066758053897
1624104009064742912
1623848573681950722
1629574329984856064
1622854732724273152
1622293174491271172
1629789901318238208
1629576772621594624
1629864676438753280
1620756889146634241
1630243082477137923
1620600478345338880
1626176047413690369
1629948951381123072
1629033829905190913
1625182686389190661
1623377408383455242
1622385732449959940
1622468943096020992
1622313375131734018
1625955085942460438
1622211265987854337
1628076321229221895
1622731963034378246
1630307971023478786
1622269541265858561
1622270269090840578
1622212515609432069
1623792753954983936
1622293744492986370
1624883338770108416
1622561541626134528
1626250904188977153
1624178941790388233
1623720992144080900
1620806313847705600
1622318631848747008
1629633894285811713
1622416875467509761
1624017815454744576
1624442321969225730
1629928552052273154
1622783741671227393
1622238926831239168
1626212171284877314
1629572237673091072
1623851183457591300
1622159382300573696
1622239941865472001
1627427822552719363
1622646243200466958
1626992810934009856
1622567717034242050
1622271748329578497
1621089563623190529
1624118732434833413
1623813693174587395
1624414776943161344
1625292562633220096
1624338383085477890
1622348365408116737
1621395021038604289
1623336735064330240
1620883538357919744
1622499741119512576
1622859823644610566
1630288726462025729
1630076875090395139
1623804164168994818
1622250500102971394
1623723062813245440
1622234424455593985
1624049414795919371
1622351009933565953
1623985288899923969
1623817670675013632
1623787173336973313
1622424855416037376
1622469119730663424
1624043646667325441
1624019582464757760
1630281452981035008
1622216607706521603
1629714679210598400
1622360223972298752
1624043945402548228
1623937101954961412
1630285596336742401
1622266534214205440
1622259620419870720
1623371039857119244
1622740003028705280
1626966262944235522
1630238771479298048
1622278758022406145
1622508709355077639
1620925354927067136
1629847556707549184
1622449623854972934
1627409150610227206
1627071706472022016
1623620136081977344
1623728586346602498
1623005436776525862
1627855485142433793
1627409403405119489
1623701683803914243
1622267360844333056
1622652019486883850
1629818129168715781
1623704005145681926
1621432990713712640
1623890987431915521
1629095167318695936
1622251295267557378
1627228860172365824
1622240184774414343
1627403833302257667
1627048494484672512
1622289693588049920
1630045658219683840
1622362717477605381
1622232104263192576
1624328039575220226
1629903140416806913
1622407830878699522
1622454871906566148
1622326959731625985
1624165668105904165
1624132020312936459
1623721753942827013
1622228363761917953
1623706566468812803
1622330941388558342
1622233337258442752
1623641632787648513
1629577062511001603
1630331874215165956
1623169682428526592
1622480535430782977
1624003196157931520
1624212250721415168
1623706012246020096
1622302577315520512
1625885593094787120
1622264932283686913
1624091865023754245
1623736048411983874
1622966536209137665
1629599619092029440
1624044974483333124
1624114478613729280
1623921426523918338
1625777358476136448
1624144268070686729
1623775522034532353
1622332528873934854
1623982454380892160
1622608926469419009
1622214528460103680
1620773244503732224
1623784585711480832
1629323435179401220
1622355050482761729
1623732545069236227
1623939081297362944
1622333567488376832
1622306593260933122
1626191835847700481
1622272432772874240
1622361490282975232
1627402199830523911
1625888546031558656
1622498922504634368
1620816897804734470
1622270342315053059
1629803746329804802
1629875176635596803
1622287276423143426
1624044689748811777
1626959298524766209
1622297712568811524
1630241676496351232
1622631020007653376
1622479507390189575
1622356470435119105
1621179204250533889
1622296975990194178
1629761234416418817
1624363196667645952
1624013246679207936
1630681849004433408
1622303118363877376
1622389815164403712
1622320147762479104
1622952179614076928
1622218086488199169
1624539052648067072
1627635460041322498
1621298085178605568
1622409385749237762
1622271930882564096
1623850912241311745
1621211120512950273
1627413204946063362
1624029467361378306
1622341526838730753
1622220666840694786
1624015637642199041
1622321671511179266
1629793383110651905
1624350488283033601
1622304644641787911
1622357427831144450
1622083953900273664
1623653483315449858
1622317158389747712
1622298959757574144
1622251641100505090
1621355078794838017
1623799552166793217
1625970413497974793
1622321050464784388
1630262275570319360
1623739404849217540
1629940720453705730
1621029829662642176
1629865833487900673
1623780052373590018
1622304979473014784
1622301477380231169
1623820686027284486
1621239820163973123
1630337354320822272
1622329764030578690
1622596490119073793
1622494781916987399
1622231124381409280
1620913800030322688
1622340543475863553
1624007336292409346
1625845620807180289
1623993458644975617
1626973601248280576
1621292218064453634
1620901232217923602
1629740842066821123
1629586697095634947
1624029454090616832
1622419332155195393
1622209103916371970
1622965529974657026
1622330849025818624
1622294066212864001
1622277592152694785
1629571844171870210
1622325677646123015
1623782618310361095
1629894720502607877
1623756464404717569
1626216726345179136
1620747260614279169
1622279731839123457
1626974221640298496
1622268975840202754
1622217625383145473
1627425874730516481
1624060715676868608
1623777261294874624
1622344595450351616
1622560514822873088
1629930281267347456
1622510852191428608
1624075320436441090
1622279148394659841
1622281900881596417
1626025235249041408
1630001832238907394
1622548464872693762
1622313408530882560
1622541677826134016
1622351156813905922
1629853449461301249
1629975033547309056
1627674662598590464
1622322153684193280
1622216470875803649
1629792601497903104
1623732326575349762
1624025761920294912
1623569983505633280
1623822053315862530
1627399588817534978
1626977268584132616
1620671829416509440
1622215385847136278
1622303533499404288
1623985892510601216
1621112693150347264
1629927428654002176
1627418788151820288
1623752603635965953
1623772729588518912
1625420573848309761
1623916563014520833
1622323756319342598
1622292353753948160
1627403411040743424
1623635386810437633
1626959160754446336
1627404485441073153
1622416939183226881
1623744946942377984
1623794663130906626
1630333956011769858
1623711745188548610
1622222625333252096
1623805447298863104
1622216799876956160
1623862840380588032
1627503670269997057
1622281660795437058
1620885494770053120
1620749493569462272
1621714313969893377
1629330857679896577
1623837839606657024
1624139165590859776
1623738015892774913
1623692861748256770
1622926851784994824
1629870382411907073
1623578782765383744
1622344921268031488
1622305920477691905
1627453894497378307
1622225857891672065
1625182957794213889
1621479760030306305
1629818906763304960
1629739865515474944
1623806471707172866
1624377189100658690
1622380119833677825
1622223567684239360
1622216904176721925
1629044392341250049
1627399306243190788
1627274624269524993
1622250190072578048
1626249908180115456
1621394631597477888
1629043290170351616
1620825299561873409
1622384531549347841
1624134127564820481
1622336806606757890
1623799466347077640
1621094956801708034
1629777167146950658
1622667093308018688
1624296204740730882
1622318957951684614
1630539148137308160
1629819112703574016
1622306135079550976
1629767489776230400
1623955484251246593
1623811232045178880
1622583021495885825
1624185073502244864
1623827049243676672
1622341246214619140
1629889298060267520
1624163163707957262
1623652309635833859
1622293872385687554
1622263379938213888
1622215356432490498
1621271202391097344
1622578203662471168
1620885945028595712
1622952878204919808
1623956606844080128
1621035076694974469
1623073112236367874
1621062596609863680
1622488457393192960
1630279076589064192
1623969453544275969
1622545635978215425
1623735362030895106
1623781123489771521
1629582248868454400
1623735141003669511
1624018023202914305
1623753117106950156
1623717405313626115
1624010170752720896
1622256957888368641
1624097468441845760
1626996759221178369
1630275580993196035
1622992433750458371
1622302408645689346
1629809222178287617
1630617106424410112
1622523264105865216
1627367056097042433
1622331205445115908
1621309128625750017
1627419300867743744
1629850846157586437
1627000098919010306
1624016445305651200
1625977886216781826
1623768571162525699
1623946873328246785
1623764703473283086
1622957593642532869
1622623133403414532
1623985820104368128
1624202187130675200
1627415542284910595
1622312105926860812
1622900759250567170
1622275195644829698
1626118335006928897
1627039343272673283
1624010797406949377
1621083315813126146
1622917790590967809
1622297201799036929
1623781409578950662
1622352938529181701
1627453230308290561
1629571827658899458
1622628714524680194
1622334783194910721
1624006093960622080
1622283506079485952
1622272777523810305
1624018722988912640
1622569487869399040
1630252233051783171
1624061784624709632
1630171965704028160
1629576910236688384
1625151416267317249
1623637545748729856
1621442788180074497
1630358223734669313
1621278842924027904
1624318408413044739
1622988656456654848
1629296274204680193
1622366521950355459
1622248888387223556
1628766461773619204
1629851530126848006
1623726920390041602
1623230511349899266
1622556545253793795
1627478096545710081
1623992452594925569
1622252628007702529
1622367730413223936
1625987655455440898
1622253331367223298
1623779610864263168
1629582713979039744
1624035262194917376
1622353092837605380
1624312002192543747
1623714622766284800
1622339219099099139
1630217371414585345
1623973950291079170
1622315947942977538
1621017105272545285
1622261072815087616
1622537299358515202
1622333139262607362
1622554603098103809
1623788470379347974
1623890730988064770
1627413914160963586
1622515048462577664
1624160998302048267
1621476130569043970
1622847479099142144
1629613681595097089
1623792078474936320
1622664241672069138
1627453117892644867
1623790437965131776
1623754284478173192
1629918842313949184
1627406527660261379
1622243691573149698
1620821124627177473
1622222551194734593
1623718488400359425
1625088065298485251
1622210301260070913
1620865952069091331
1620905336050696196
1623799136582615043
1623464001698148352
1627403287497433100
1622492075831738368
1623751314508328962
1623736423005167617
1627450670704992256
1622252969784639489
1624416999542595585
1622385404354625536
1621272635639308290
1622282765390516228
1624092585932337155
1622689741551423488
1621318656377470977
1622329827645603842
1623735084313346054
1622583635869159432
1624108389688135681
1624083054946926593
1622317534446850049
1622305652398854147
1621055414707314688
1624352066423382016
1622920124809330688
1622510718405730305
1622331863271456771
1627490122710020096
1624237665901072390
1621970362949931008
1627461881811140613
1622294726798868482
1622360973712441346
1622271742713516035
1622572685812199425
1629804986585559040
1620598378458451968
1627415120216223748
1623709662943100930
1622571995136409600
1623723706978648074
1627400336368406529
1622264382443888640
1620863957996281857
1623981238951321600
1622387445437267969
1622257803761967109
1622260021357690885
1623845988417822721
1629146312623984641
1622503157233229824
1622257391684255745
1623708395688673280
1622251615636914181
1621460582770548737
1625945544446058497
1627698595863625728
1621476561609187330
1629939133169782787
1629813317140086784
1627417095620132864
1626751631780982786
1622331098171641856
1622282834210586624
1622618301695201280
1622450283014930437
1629811175138512897
1625884145212616704
1623846568301297664
1627471570611449856
1623833967869698050
1623739343864037377
1623709624300978178
1629951334362279938
1627447215294750722
1626651031080734721
1623909566923829253
1623720578862424067
1622926451728056322
1622507266438995968
1624018922319085569
1622230097523613697
1621231920825655296
1621015286341324801
1623955961764360194
1623812809581625346
1622360546535260160
1622209195029286914
1624140793245011974
1623777395734880260
1630232485790359552
1622640721923538963
1623992492776468482
1622361040624226304
1622526484509237249
1622326284402434050
1621498736244408325
1622493130862772224
1622477102686543875
1623796994882822144
1629570512178257922
1622227077750456320
1622324579761889282
1622676348937375749
1622542458931277824
1622370040556175366
1622330236929982468
1620747145505832962
1629571024504213504
1626061083550052353
1622342465087848449
1623789273655701512
1622505608673996800
1629312406324146176
1622346664328527874
1622307237212426240
1622226873018097664
1620746310486994945
1624118019390640128
1622221984653365249
1624409747607650308
1624229430502559744
1622496942151401475
1623773971907846145
1623811376354414594
1623280093723299840
1622266287719079937
1629781073272897537
1623930003204493314
1622263724638715904
1629173899094114306
1623787333366554624
1623777028372586496
1623968734510477312
1622338303339929603
1626059105759637504
1622546721715675137
1624434511009181696
1624004222214701056
1623315959657164802
1622977356209049602
1622556202784751617
1622365046780182528
1628043436510089216
1623763489729785856
1622238898553225217
1622462071718703104
1622738439106973700
1622352236520038400
1624116921875431436
1622340440555921409
1621159640762552321
1622303935225536512
1622304292886482947
1628346676225220609
1622318942185193473
1622342196228759555
1623889279381303296
1622650798281719815
1625420891864682496
1622243560937373698
1624179205318627328
1622240997479514115
1620748598014283776
1622216557249155072
1622573736929947649
1620652524104744964
1624364539880898561
1622318069178679297
1622517185900867584
1622628496798363648
1626091705123450880
1622353571168542726
1622228230215241732
1622319621612134403
1627463460614283264
1622588874600902659
1629983252248182787
1622525089643216896
1622338116517240833
1622267204698791936
1629911258207080448
1625095857983967237
1622320120000380931
1627446462379606016
1622252379277066242
1622325732310491137
1627436560193884160
1622696619622932480
1622324577165627393
1622271802754867201
1622209947386650625
1623800117114421248
1623783704471412739
1629576274858344449
1624164674630475777
1623688805386420224
1629872783667634181
1625170237464231958
1622211086224179206
1622343134171496448
1622446561757208577
1629446437946773504
1622408301794164736
1621299858765217793
1623970870799597568
1622217617359491073
1624134777031860224
1628803332629319680
1622513271910662144
1622839759885197312
1629997171243118593
1623753641394839552
1622936761432145923
1622337252817788929
1622411072400400386
1629826216919220224
1622317637677027328
1630051967937421313
1622364819041943554
1622255732283285508
1630238989293633536
1623796186346840065
1626363858397822976
1622376291952463873
1622325168914800640
1629789630039040001
1627409154368217088
1622497441609052160
1622267809483968513
1622351761615867905
1622280588794159106
1624009585785724928
1622694611960401945
1620779245684523009
1630241670179479552
1622223514945130499
1629107222792773632
1627445149398622210
1627703535084220416
1623748503531933698
1622643878137298944
1622576435041865729
1622508541998235654
1622736422984638464
1622254718511681536
1622408546049482753
1622374583486582784
1622271474584195073
1624042913339518981
1622303991747977219
1620845928705052673
1622323936238133251
1624083828347207681
1629813451781537795
1628765487399161856
1622537986486292480
1622218648545906689
1622308905584939008
1622229894766682114
1622231175262621696
1627425686414585856
1623704149752700929
1622353841684357120
1622310396215304194
1626634554403323926
1623826898982772738
1626205828511563776
1623946729451126785
1622558848367177728
1622369675823779841
1624044679128879112
1627431542770262016
1626018287149625349
1622273132366012416
1625891973130223617
1622603240440270848
1630173800208662529
1629655996665675780
1625996437946245120
1630509762247794690
1629872899753484289
1622269401423568897
1623758459379281921
1626957767201239040
1623781574922706947
1622269414111322113
1622501959935709185
1628052787345907713
1622511157952086016
1622534789575090176
1627456251952078850
1622298825279823873
1623846814280458241
1627072812858105857
1622289005671841794
1622277214866636802
1629873943073923075
1629975393502371842
1627410312977580035
1622908968740786177
1622356036039344129
1625951151962132521
1623732545421549571
1623937504486506497
1623724698277216257
1623930038013018112
1623710497513082889
1622365120557993984
1623965791505858563
1629571401534275585
1622301346538950660
1622212375423209475
1623755928284659720
1622289008804888579
1622265520383791107
1629873472292749314
1629746855994073088
1627803789280387074
1629915762990129157
1622922160254713863
1625884203534413824
1623951067061923841
1622749524824399876
1622184880560869376
1621071136569057280
1627721974733471768
1624513633546821633
1630141525207179267
1622217935275102208
1623834941292269569
1627470653711347714
1623791350322790402
1623741305569349634
1627048137356353537
1623829253237227526
1623815937919967240
1623789308296499206
1629095489562984450
1624692153535307781
1622487345743253506
1622396701112770565
1622253627074117633
1629611399490990083
1622249554346131456
1626959331810807810
1629771146865389569
1626207831400628226
1624054473516634113
1627359200673144833
1626195326309740546
1622492109667241988
1622321819054112768
1620827455597731840
1622097255099400193
1629571452851613704
1622208534489272321
1622684586193915919
1626980304937226240
1623645106631737347
1629417896890847236
1623928027007819780
1622769173905408003
1623730900289691651
1623790503199182848
1622635572857536520
1622289793576013824
1621572116452720642
1622356566627483648
1622229867914731522
1629589599696683009
1622344078129070082
1622266728288845828
1622225249457537028
1623941572650799104
1622490698858496009
1622479397314772992
1622131907382108160
1622291292947349504
1623833423461711872
1623803109465022465
1623787586937360387
1622293778705924098
1621454699135115266
1620832781956943879
1623816723034939395
1626986035698704386
1630589766545862657
1623021522284601345
1622279455560421382
1626431103316664320
1622401526886027271
1629974725064630272
1624018973623820290
1622378887660421125
1622691863760146443
1622337980252782592
1622575675654782976
1622872563742396417
1629879930409418754
1627663308609265666
1623961439420440578
1622545643955699714
1622572634801160193
1625049997111705600
1622353407603253248
1630336403677630465
1622310040660054017
1620703655098998785
1629974569200017408
1623338555375292417
1623791078301220865
1622319953847148544
1622968741574373376
1621307546332962818
1623897656614432768
1622558825772359680
1622294667868995585
1623780196993171456
1629976392048803841
1627427211539283970
1624511552375193605
1629571255820058625
1622280729638965249
1622352834732646404
1622313104733310982
1622473096790695936
1622331364388311042
1620701900596482048
1622299174673829888
1622378397891547136
1622263612990521345
1630113988498321408
1629568326669148164
1624105678267613190
1623272352740962304
1623715606519316480
1628102926898954245
1622264929506951171
1624038919560912896
1623784583601823744
1623813099638620160
1622407626045652998
1622393291269443584
1627048238648893440
1624354691931942914
1630296383411429376
1623918979168473088
1624132285053210625
1629769847264477187
1623634483747364866
1622320598289469446
1622311816427618304
1622305308373557248
1623042717008728074
1622247460499324938
1623947591917371393
1623718439037575168
1625450215409844224
1622373718428196864
1627408667988353024
1623802401110077440
1622323327002886145
1627073167612329985
1622539261139361793
1622256817286823936
1629476123661795329
1622326998918987780
1627519139295244288
1629452914090442754
1623734964209561609
1621437287769718784
1622972146443247618
1629571342818328578
1624200466203652096
1622978059526610944
1622226928257097731
1622300644252999681
1626117963072905216
1620896588360200192
1622345582252630017
1622295091275616258
1624081580959440896
1622234425898504192
1629931866068340737
1624113352652750865
1623774114669289475
1623614831205965824
1622502153972482049
1630695592652337153
1622314910729355266
1623730505857335309
1622248240035815428
1621031251397443584
1623595880547745792
1625942579534614529
1623766653669457924
1624427523785236480
1630568591144767488
1621096807312019459
1622674700919873569
1622225981216808960
1622330569131425798
1622389892293484552
1629128736061763589
1624472333523079168
1622496753202102273
1622300041258958855
1620851803326910464
1622398765603618817
1630245642902839296
1623806285127815169
1630602367711191041
1622338611516510209
1622288968346640389
1629785545449656320
1622471364635418626
1623924411756871680
1622351686261002241
1626520288979566594
1624069623606910977
1622287297247956994
1625922070470066189
1624071831551373312
1630264724397907970
1623716084686721024
1620819888192516097
1627453806366654464
1624047747270684672
1630288921035767809
1630113498758893568
1621430082446188544
1620863216304926720
1622243739711283201
1627240708691095554
1629797651234390016
1629904925768425472
1622240990797987841
1629476619378216960
1623744120769355776
1622270472745271298
1621115859031969793
1629991184507518977
1624614244980252675
1622361459584811010
1625943665691529233
1622548392558702592
1629891628352651265
1624134969990778891
1626205458326253568
1622483670706663425
1622344592451330049
1621253079512350722
1626212032885444610
1622652103708508175
1629856516323909632
1627700776301723650
1623335799293939713
1622872601340047361
1624320173112008704
1622285758944903170
1622946356225605632
1624715310266740740
1629989085145169920
1627047182837719041
1623768646743990273
1622878144708444165
1624082644265840657
1622230928436117505
1623928315978588161
1624087690634268675
1629871105270857728
1622535695276326912
1628800835500011521
1622384709605933056
1622305146356072453
1622275294336892930
1622275062312075264
1622503065893933058
1627464109372440576
1622260824873095168
1620925917119012864
1623600236823281665
1623803778620178435
1622341167042945025
1622264349405462528
1620839240497266688
1628836075983577090
1623033366651015202
1622867800623665152
1624047114031341574
1622532017920393216
1623790179646377985
1623792985484689408
1627445113046663169
1629570639433461761
1627467803748978688
1622340575054729216
1623310133307535361
1629777311259148289
1622629656372424704
1626234689697755140
1623790802341093377
1621100174952271872
1623801633934086145
1624044051900104705
1623559557132783617
1622244437014323200
1622352098812624896
1622507789011632129
1622216615306600449
1622346121921060864
1622734576463364097
1622358180356308995
1622331632727252997
1622843315128246273
1621408199424319494
1627425353869262852
1623765405163454474
1624135337432780806
1622339091495796736
1622252715807064065
1623789253149720577
1629804264217255936
1629099117707132932
1621234545759502338
1623777674647769089
1622476212441427968
1629572065593368577
1627401722153803776
1622536672456982531
1622295706433110016
1621180767542956032
1629479382367576067
1622318498054537216
1622324367622381568
1629744607658426372
1622260687643746305
1620833882072576003
1623693298362724354
1622299429431549953
1620857129539362816
1622432641189380096
1622318412356624384
1627458111068938240
1622931208773443584
1622244051557793793
1630498573103120384
1629866857590038528
1623735684044316672
1623965688921481219
1622248871966408704
1629806435713384448
1622348061342142465
1622624451954192385
1622266745548427265
1622264279633170446
1620885739486740481
1622326913216684032
1622247440572194822
1621807996341723136
1622363476206227459
1622372662935785474
1629859140687343616
1623749618990211072
1627404108608024578
1622229280997474305
1621654160771895296
1620859937579749377
1620850197168545794
1624095765298655247
1622280446976425987
1627402213290123264
1623910014460260352
1622352248268283905
1622237496758222849
1622319259908022280
1622927675974197248
1620914775608926208
1623809297103704065
1622318488147660800
1630540648930500616
1622743095564443651
1622274696963031045
1627423654375051264
1622395259069030400
1623707290019721216
1623263858373656576
1622404781204455424
1622351772772712448
1629874218438459393
1624100074635636753
1622309529332367361
1622257246691368961
1625886700189745152
1624048755346382848
1623796885004640257
1622567554668724224
1622349291590242305
1629698520180482049
1623810172756828167
1629808107906908160
1629925202695012354
1625997690646540289
1623777781237657607
1627409839549829122
1620829925958893568
1622333337191825410
1622331665145004032
1624125598015561728
1620952062069719041
1623677355477684226
1622210594777481219
1624180620032200704
1621801594676285440
1628852738254577665
1623322419615113216
1627499365798498305
1622627841987817474
1622510392302878720
1623760441477406723
1622520852443979777
1630485596958347264
1622346483457458176
1629914404601880576
1622509370486493185
1621401421882036224
1625894998053978113
1622350180346388481
1630312805927731203
1623977596051496960
1621637751115218946
1629905661558497281
1623776055428276224
1622300763279040513
1620953858045247488
1627397410971418624
1622225475996090371
1622588196210049026
1622356012601671681
1623813890659303424
1622526907202895875
1623740074159374336
1624693638985916416
1627446396604350467
1630290952223969281
1623736719328542721
1626955692031475712
1624183669232467968
1622317646505984000
1623740354582249474
1622279924144050176
1620782202291376130
1622592615181873153
1622351259603816449
1623833467950604293
1622233110044614658
1621050358117109760
1622249141458935810
1623792843151007745
1622238915259146245
1627399836470329345
1622539388499464193
1622350116878270465
1624013053267177478
1623302348968697856
1622299703659401219
1621280315003080706
1629604600452984840
1629662294320750592
1623834239773859840
1629094429586849793
1622856186788732929
1622406505449361408
1623826162777456640
1622276370138120192
1622211227781840899
1624067286532227073
1625787645879099392
1630404070425911306
1623065271022809099
1623810945851031553
1622398216355385347
1624181913597378561
1622519847161589760
1622288200059305986
1626982945058705409
1622208150219759616
1624103700615528449
1622667527137501207
1620756330884796418
1620652124433702912
1629835663183958017
1624092341383340033
1623825489914654720
1622433530935484416
1627403186595065856
1622238010275254273
1622585104173342720
1628354778752335878
1622258480483602438
1622288127774674952
1624180361071558657
1623705500096364546
1627415730433007617
1624044875116122118
1629652838434340864
1627413016168865794
1625177078713794560
1624542362402803714
1622320686076203009
1622231574119960581
1622209484121640961
1630498492580864000
1623838399504187395
1622924081355005953
1626379918295678976
1622312232250925057
1629850919700422657
1621349679345668097
1622348708338606080
1626280028190244865
1623791653046702080
1626981440675094530
1622413157913296901
1622231853385015298
1620812900297490432
1622229552041803777
1624192435801714688
1630272480593031168
1620985526571470849
1623973714348982275
1620905241964077056
1623365081311416334
1624901455613140995
1629099109327032320
1627651501052108800
1624011183534612481
1629720556684673025
1622210113044992000
1622252856257429504
1629097774246404096
1623855958836367360
1627413082946383875
1626720731622182914
1622323021447892995
1622377147871465473
1622323520519774215
1621367445687607298
1622286716500426758
1621499066160128002
1626984794335715328
1622498904041291776
1623966678865399809
1622476683268747264
1621759682682421249
1623916777095987201
1624392602215714819
1623799171198189568
1623724022289649670
1622571714126249984
1622493516088705033
1622280121469095937
1623710595164909569
1622207790205878272
1627478921334620167
1626316133342085121
1627400594750046213
1624337073942536193
1624041972125126662
1622224926773059585
1621262871232397314
1622048428153835520
1629595956277661696
1623464130161041410
1622319183483518979
1622281733394530306
1625882153836859393
1621423102096711680
1624060562001866756
1624490906094018561
1627436345009266689
1623735941264203777
1622484059510263809
1624449517092233219
1622312903758995458
1627417780168409089
1623780848360165376
1623784898308849671
1624059212169895937
1622654591358623744
1622221115140591618
1622336115670646788
1622411531638931458
1627423241370324994
1624276333462446080
1622667252641275928
1623838488456994819
1625697019141451778
1627463640126308353
1623940271791804416
1623942754043674625
1623373806742999076
1622448051875975169
1625889253904318464
1622341771891036160
1621328104219185152
1622368902855393282
1622924558863855616
1623931751994363905
1624007682301607937
1622887352183009282
1622645903088558082
1623676340279861251
1623794990777245697
1622281205763686401
1623745883299844100
1624019744348143620
1623841883121152002
1623594761964724224
1629810602280382466
1622258597534089216
1627026349197078528
1626591557645381633
1620851953294262273
1622323529445249025
1627629547691692037
1629574798731890688
1622239075435520003
1629977019004989441
1622219846552281089
1624082485205250054
1622232717642420227
1622543039812993024
1622578166186270721
1629109093355950080
1626193483005296644
1629494325317910528
1625131343435730946
1622510327152754688
1623820408402194432
1622255750016909315
1624070157843812358
1623816658493005824
1624794253233647617
1622421338697629698
1625641496664842240
1622374935724277760
1620741447799689216
1629824113010147332
1622319017342935045
1623670996317220864
1623934652615630848
1622545000260112384
1623753343515389962
1622388640557981696
1623776213268418561
1627403766394757121
1626620660205092866
1622209034173423617
1623750431619837953
1629131866178564096
1622310820020461568
1622208547546071040
1622340226348638210
1623995566559567874
1622560785779097604
1622509850394517507
1622298474422181889
1625203344745631746
1622596458036748290
1621305905538031617
1627625188010360835
1622222148839395337
1622312995870183426
1624081477905395713
1622222123010871296
1624146179352104965
1623786875457511426
1627708483393945619
1626959331898847234
1623720477423173634
1622306998581600258
1621293806472646657
1623718960922349570
1629488072826974210
1623854174516436996
1622259204802191361
1622492673071280129
1621210515388129283
1629563820141051907
1622268455545192454
1627416076249186307
1621947342374014977
1629092072320802816
1630624424230567971
1622254502920192001
1623369374458384391
1623779122374647808
1625947289586921472
1622332724936687617
1624074307675516932
1622359075102117890
1629836702108794885
1622312677354741763
1622258506370875392
1630223624534720517
1624187669776416778
1622211342999457798
1629581216373506054
1622285558859923458
1622283643531005953
1620877359263145984
1623804398118883328
1624408612364853248
1623934483941699584
1622288409036210178
1628599187813154816
1622264478980100098
1622256465963515904
1622211740661415937
1625479543518638080
1626246481748402177
1622343152630644739
1620912739509223433
1624137665795747841
1620633447806164993
1627398684378902530
1622212828542255104
1624062451258990592
1623965730252247040
1627456319237111810
1622291413269364736
1622252864566329345
1623715161499377666
1626992947001724928
1627439317898481665
1623778793507758091
1627388457038278656
1627072202872090626
1623965514501353472
1622585362861129728
1622262173207502854
1627697369784455173
1620813045776941057
1622315558464004096
1630322801168076802
1623761108627558400
1622535019708272641
1622684169531756565
1623750251017281538
1629932620288086016
1625097750424481796
1622263686625738758
1622261606871715842
1623031661045682185
1622333826717388800
1629998708296237056
1623775131268009987
1622670211383009302
1626991166641111043
1622298028806651909
1622373025076101125
1622491353174122496
1624208193403473922
1629601607347326976
1627432209975066625
1623710987210698754
1622307219193708550
1629974792873955330
1628831234762612736
1627422967599665152
1624084686006890499
1622475555374235648
1623704221844373505
1622762677306023936
1622347931792580610
1622543588063051776
1623775675017568256
1622300077157908483
1622284739527774208
1624039970972344321
1623966908893593600
1623708207846653953
1622356767366594563
1623060405198422019
1623772388319023108
1622274623499812870
1624093366290984961
1623315840098570240
1625908785649790989
1622298517803859970
1622288876684419072
1627399549311492096
1623011432823500806
1627024756930142208
1629580849095008262
1623704556050735112
1623771173405196298
1623957291874541570
1622288892027174913
1629791131834744832
1623796897050771456
1622938421558755330
1622285994903879680
1622284224748290050
1623786155438227456
1623773675303407617
1622280519835688960
1624156007554244616
1622000961156747265
1624010659426930690
1622886759343194112
1623777890893500420
1621191086809948161
1622593169555685381
1623776580836159492
1623986553189007362
1625855535315816450
1622337080763244546
1622227681256300544
1624144730907938816
1623722144847826949
1622242171876163589
1629488909578010631
1621472656892612608
1623000653638385665
1626158120555757568
1622529159137267713
1623803941677936642
1620848451486650369
1629810333131915264
1622346310836801536
1622326419282878465
1622307810611453955
1625416116498464768
1622624246898782211
1622949223758204929
1622531910034391040
1622208500834205696
1622385633686593538
1629893617023176705
1623059734227193860
1622366676653154305
1622338137836986368
1622715120597041164
1622948119020290050
1623702180522872832
1620916659241500672
1624656275438186498
1625747957898248192
1625269270459342850
1623961450195607553
1622238694441734144
1623725601809891328
1620898713811193856
1629615665664458752
1622294303488737280
1629841084066017283
1628406283912073217
1620655287442227200
1624118225293148189
1622660246903693326
1622358052639735808
1627418071924195330
1629787691888910336
1623761711583924224
1629631987785818112
1629942318336802819
1627413535599783950
1622479179903107073
1630217298236653572
1622353908877213699
1626632181090230272
1622757001146015745
1622290613105213442
1622259471287287810
1621205063094919169
1622398230871801856
1624100293561528344
1627415910213459968
1621093366200139782
1625972915630997514
1622327128673886210
1622322864224456707
1623786091739226112
1623705340691857411
1622889020156964865
1621439465993519105
1620761897103659008
1627443061021196289
1629441103668604928
1623284101892476934
1622262778714095616
1621265159388807168
1623691829488111617
1622302249371189249
1629855415235125250
1623360091012341763
1623744897969795072
1630246507462139904
1622291322647216130
1629440331585314822
1622524987285417986
1622367892644790273
1623233308682223618
1622933890775097344
1622231047818678274
1623928959493869569
1622507483582410752
1630265926116335620
1622327660461309953
1625379817012006912
1624100402466631700
1624142684901281794
1622270586280894464
1620906821023318016
1622618544906051584
1622524955526152193
1623789818659409921
1622521734799785990
1622265113070772227
1622488140626685952
1626974801444184065
1622486633030230017
1623739010232221699
1622582044898328576
1622356059233959937
1622319087719268352
1629572423988199427
1624389724931489794
1627936839779725312
1630365914829914113
1624045376490680321
1626958251831984128
1629930147531874306
1622524612604055558
1621229435679555585
1622263501489160194
1629452905383116801
1630006397449515014
1624016577195610116
1622272972810502156
1622644364760449035
1622572451778396161
1622326571066441728
1622365334446514177
1621360842607366149
1626519721943220224
1622683001468362752
1622441511857131520
1623049021576060934
1622353399432740865
1623823203993894914
1622234214316777473
1624047627724627972
1621303318688546816
1620811241911619584
1629929224122380288
1624324228366344195
1625988872374038528
1624106784024670209
1622920608299245568
1629543857074348035
1622484479557124099
1627399113909084160
1622269885886726150
1623799576560902155
1623740162613080065
1622333260071067649
1622252042000408577
1622215704165466113
1627468433108393984
1629492832921591809
1630215713641168896
1623711776931020800
1622272762822656002
1624326814305853442
1622745008381083653
1622372781148061696
1629812330212077569
1623732748002140164
1622524351479169027
1622410768086962178
1622338659188883458
1622522014110990345
1622631997951688704
1622614500162564098
1622348023077474383
1630273790687969280
1624107498520121344
1623770679798628352
1623019506204385280
1629652197142155265
1624146810578079774
1630590986551189504
1629584664116580354
1623470083216474114
1621034437369634816
1621183990227996678
1630360727071469570
1624094710301175813
1625873569094807552
1622333241301651458
1622219766252404744
1622386611538350080
1622281426447081473
1623972275073478656
1629271485914259459
1623938850333822981
1623818184783544321
1622948489503318018
1623703595983028228
1622352628389642241
1622220873842266112
1622344014346207234
1623965315120889860
1622354777781800961
1622282043756347394
1623705908588027904
1626942501218050048
1623804575059742720
1623767305237803009
1627074689406504967
1622331542742732801
1622240099432792064
1627443655421165570
1623754720916475905
1622354922728480771
1624086204571344896
1627425055549362177
1624050314272800774
1622370533944819712
1630296142348009473
1624383348993826822
1623758742155153411
1622373781611184129
1624165645205004298
1629099647078744066
1622363690946134022
1624318497651142656
1622283903879860240
1623981357343944704
1627657834539122688
1629536821104320512
1623478225480417284
1624383444976381952
1629762592620027905
1623741632288882688
1621181934838620161
1626963782948773888
1623848135784120320
1622600346739568645
1621297974025355265
1624058376459063296
1623755852640387192
1622321076125503494
1623803631580372998
1622209842130591748
1629128323904290816
1621659238123577344
1621080632356130817
1624137663275012096
1622969339313004551
1629792040341893120
1624080273842249728
1623766708849717248
1622307903469195264
1623929907213651971
1622318614656188421
1629889429786460164
1622290110204022785
1625978684023664641
1622591517930954759
1623957329489133571
1622709504520454170
1622270061284130816
1620890076338348032
1629792814736211968
1622272313998692353
1623744732655501313
1626241437670203393
1626210120559656964
1622318813298425856
1623754171525615618
1629823163541463044
1626992157184647168
1624834584205529088
1629616446098624515
1629809016854528000
1627314510707978240
1622363674521337857
1622310913914060802
1622288573767499777
1621499971706011648
1620893452354605056
1623795637295742980
1623029756278018057
1623833432517214213
1624572579125026817
1623760339757150208
1622286060951687169
1622342046127210502
1620812830089043972
1623792559351902208
1622335632088485890
1630625139355205641
1624085241097756673
1622624882415620101
1622568665051717635
1623762053180653568
1626123336991313921
1622230033673732096
1629182911046946819
1623929053555355648
1622226343801896961
1624514843490279425
1622334463442051073
1623319251019788288
1624680727865434112
1627416352939032578
1629140183831441410
1622393669872455680
1624311375274147841
1622320154292920322
1624108348327993345
1625845400262389765
1622869137184759809
1622285013692596225
1622245584852717571
1630327032998395906
1629906875213905920
1622308361025847296
1627583397072887810
1622046955743416320
1622360052530126850
1620820309002846210
1622514997413699586
1627048450989719553
1623951320506851328
1622341060146958337
1629803703795347464
1622342398335500289
1623809532051726337
1623792540271910914
1622628552771239936
1622335311031287810
1625924903718334465
1622743159376687104
1624302626752851970
1624152064510115842
1629809294504869888
1629418069075345408
1630599886721654785
1625871206699130881
1622327736629972999
1622308701632663555
1622549968954195968
1622340259026550784
1624396748146851846
1622284712289894401
1629832178866565122
1622287547584888833
1622379641720737794
1623067703576494080
1624826128593715201
1629503725667581953
1621317512230051843
1623608172496707584
1627413396348887040
1624107452122767360
1622649497456082973
1623765338935504897
1621082971829854208
1623799648660910080
1622481748411002883
1624077890840064001
1622266192898543619
1623729356253044736
1621924193607598080
1622699204501012489
1622865333747867648
1627419569563262976
1629570225384423424
1623772895083126791
1623669643750539265
1629802915429859329
1627474047901507585
1622544895599644674
1622477205593899011
1629571232864641024
1622257482499325953
1624190691541753858
1623316137126641674
1622320214439333889
1624108785089249300
1622275586537275399
1622369462992117763
1626970094445248513
1625872754011406336
1624487432866639873
1622928194478256128
1624091612149166094
1627303178633986054
1620883514639155200
1624066104371953664
1623702989935374336
1622565303631720450
1623805621878378496
1622296280801091584
1623775841099431939
1623741084307267584
1620808820057604097
1620676486650019846
1625150307159121920
1630608595560673280
1629583585857482755
1622537252860485632
1622482835415216129
1623811436320370689
1622675169071308828
1625102917559635969
1623789624723210241
1622312126789423104
1623751785234984961
1629746333664854016
1623741051591688192
1622319480129945602
1623850214892224514
1623782691433742336
1623993686156607493
1626304449789534209
1622232016459632640
1622210303202058242
1623987585277108225
1623801967767175171
1622944935602266112
1622313316021313536
1627451297480814592
1623236688850870272
1623774805207003137
1620696284930899970
1625633031821135872
1626256969207099392
1622355378108334080
1622288464652771328
1623815399488868354
1629174317924622338
1622479060084326402
1623794143888646145
1622367790932922380
1622354595220492288
1622263382236594179
1624330270793953282
1623748612634058757
1623236929201270785
1630263499552161792
1622842046984646656
1622547504771510272
1622267048486400000
1622535653840809984
1624143405222662170
1623432912577363968
1622222962060410880
1627422957810114560
1622439924636221440
1629569811310051328
1629877332922998785
1623780601860857856
1629544975116402689
1622387452148162560
1622263283599147008
1628341213777563648
1622882474287067136
1622226071054589952
1622672265916686348
1622556435371393025
1622367582379560962
1624076714505605121
1629895247370002433
1623652879117479937
1621252892026978308
1622680918182793220
1627005710226563072
1623837191049805824
1622324836398759936
1622239705046683650
1622305835769634819
1623932536044015617
1623834862074355720
1626989226632925184
1624252377330077696
1623785070984060928
1622921265332846594
1622215557964566529
1622308888526594051
1623796750191296513
1629481191832207361
1622273301056741382
1623798435177545731
1623931175382421504
1622338845747331073
1623837318120349702
1620762900867719168
1630043017938718720
1623924207133556736
1622497913988317184
1620765045918670848
1622283311291793409
1630281439097892865
1629579164079599616
1622273396141703182
1622257865133096960
1624042151851044865
1623710764337975298
1622523508822532097
1629853106874744833
1626638572047503383
1622218363240857601
1622135104771444736
1627418364569059329
1623974200711999488
1624066054593949697
1622588085874700288
1623800034520100865
1622304004544806913
1622713461145759744
1622842733806202880
1622383985560002561
1630244804104691714
1625251389487083524
1621576360203354112
1623989976298930176
1623991715882319872
1623967952700600321
1628051915748659200
1629475655862697984
1625973865724739614
1623808390400036866
1630215977991299072
1622368936334336001
1622744996385357824
1630218293238693892
1622360329299656706
1622832791820836866
1622951973577428992
1621268137978085376
1622327924039770115
1622279456772575232
1622321008303607808
1622246897724301314
1623829640946061312
1624164054582321160
1630662812820185102
1623742668957261825
1624028968188887046
1629569425132199937
1629866995243012098
1629864607669002241
1623740680911704064
1630379986518519808
1623029138817748995
1623797159895212034
1622311572017217536
1622383906417790977
1622362742358147073
1623774233036726272
1622263128309338113
1623785927393804288
1623833354876362754
1622300095906553860
1623724330935779330
1623941013252239362
1622356050493018112
1624011268725125120
1623913921072726016
1625826389881487363
1629040019036860420
1622541389924794369
1622334103889625088
1622406848048467972
1622222320482893828
1621530463008587777
1621315111142002688
1629812048505851907
1627447525698416641
1622290388764475399
1620880190418333698
1626960616131788802
1627457388864315392
1623770774405365763
1623707650004328449
1625158700775227393
1620867248427769856
1622345496676163586
1624490728079478785
1630510048685244416
1622919025389981698
1627406989960663042
1629932034859597824
1622466796551827457
1622248278728253440
1630007379289862144
1629599518042865666
1623773282737455104
1623819065285304321
1622340500068990978
1630170763125817344
1620852498616692737
1623988516815249409
1629846401931673602
1623968960310919171
1622367103247319041
1620637671482867717
1624071097397268481
1628730583428878337
1622394499614875648
1622909072751173632
1627417182433955844
1622511652993130498
1622525820639055873
1622292328881819650
1622529095950123008
1623992621050781697
1624490286255570944
1622977212889681922
1629855447262928897
1623759799824392197
1622310451525607427
1622360679603740672
1620900838960160769
1629580011614134273
1622256240888791040
1623766992778932228
1622317143164588033
1624061177868308482
1623704630092783616
1622355366137794565
1622293252509515776
1622271526799024128
1622923011551641601
1622243336458223619
1623981238687043589
1623801216470753280
1622562827331375106
1625844167740981251
1622520896140238853
1622256363517640705
1624010219498926080
1620746144212217856
1627247012390359040
1623927156148703232
1622218000630779905
1622299852355866624
1622540598489006083
1622340827866341377
1622270903538126851
1623797895307616257
1623794263845634049
1622265812047257600
1623706402467246080
1620766857266630658
1622324992024117248
1621002404639703046
1622232376272162816
1624092563484311552
1620866454810951680
1623739612437925889
1629707800430673926
1623702308394508294
1620915640751247360
1622336149602668544
1629762279355850752
1622597860695896139
1622282873167306754
1622296472866721798
1625843679960223751
1624083446464229391
1622222189494689794
1629817160997404672
1627489455627022339
1622326287875334144
1620808095013425152
1625034778884939777
1625525202141515777
1622481520496705536
1627465084208283649
1623950168008581121
1622356971021115392
1623414271454445568
1627446094601891841
1626478324540182529
1621837558173794305
1623916648465076224
1623761678826455041
1623414231969460227
1622502938928095235
1622340857746563076
1622327450439979012
1622236250387218433
1622365845686030346
1622278459983552512
1622351035510439938
1624051050905845770
1623927460739055619
1622346578873778177
1629777819310882816
1624527594447114241
1623832754696728578
1622356674878087168
1622313041520955395
1621312066232504321
1622216592212824065
1623759619737657348
1622312873685835776
1627113666867765248
1622496113239461892
1622254554145296384
1622306707023044612
1622503683689795590
1629894641142190084
1627514064745144320
1623737729195417606
1623711456792379392
1622246217886334976
1623750257002553344
1627445411748118530
1624320201293500417
1622278527516041216
1622342110199283718
1623768279654309888
1625845193114021889
1622644897374142481
1622306348774920192
1623054058318872576
1620856824466669568
1623917474029920257
1622492918198960129
1624095669832101907
1622256312380755971
1622508410313887745
1623590793930850305
1623715763625381888
1623285850002845696
1622820309521821697
1622485401641312257
1622322619822313472
1629477095578431489
1622349553881026560
1627422960439926787
1622374145609682946
1623692463629008896
1629608912688226305
1624003618473926658
1627626465771548672
1622310849388879872
1624168649668845578
1622658704456749057
1622367869135736837
1622293171362209792
1622281041200259073
1629928551859273729
1622319112402632704
1623965035784462336
1623820033485840385
1622219209089421312
1622216233159462915
1622269742521225221
1623307200964722689
1621367147233525762
1624049319362936834
1622212356611653633
1622213814014955521
1623788426926366727
1621353893518008321
1626417230559707141
1622214782878203904
1628665085404102657
1624555358868983809
1622339077440684032
1622388837597995010
1622252282262835200
1622251173393702912
1624297952536657920
1625894354639376385
1622540183965933568
1622273044314996740
1630283183638937603
1629755570109526017
1623707227272912899
1621537556432146433
1622375579289796608
1626009526422978560
1629572563021045761
1622516112603680768
1622293677728038913
1624077805825798146
1627469648588337154
1623952502071648257
1623700246877413377
1627261127326326784
1623852710540738560
1623689436465618945
1622320341493186561
1622302330937901056
1629917349183733760
1622286601547022340
1622248412195217408
1622219742760079363
1623955326587355136
1622529993044533248
1622251445989908482
1622275223062986764
1630215624763793410
1629666384148848640
1623098484256636930
1622930154283573248
1624485255620005888
1630326244486045703
1623988493440409601
1630278506910236672
1621581142720741377
1622341321791774720
1623706867099729920
1623825186700029952
1624329726016819206
1629981161001738242
1622527529272705027
1627405030620909568
1629961853072728067
1624014827902443521
1621390701295554561
1629850445425278976
1629843995244347394
1629292915850637314
1623952558380224512
1627406065041129472
1620877184339709952
1629091494610063360
1622942289986301955
1629928854889299968
1623754813346291712
1622545019767865346
1622325237483282441
1620810339507126280
1630215790346526722
1623702338245369856
1623691919929798660
1622267165247143936
1622355167982010370
1622313592753192965
1623840926920474624
1622277711757545474
1621101482958360579
1622351079391334400
1630303235796787204
1624471900700147722
1622312974118490112
1624454751671791616
1622581349784727556
1622209113035010055
1626408825023602689
1622290588870533125
1624009836680601601
1620640739918254082
1624110080424656898
1630300925838389248
1622307901074284544
1622274927456813057
1622270605474107398
1622251983376621571
1624074448390307840
1622616748754173954
1622504048241819649
1629899337441394701
1629891849002393600
1623349418584932353
1622631537748344838
1622270082524012545
1629570236071510018
1622734908979388416
1629648750439178247
1622241959757713429
1623943489397325825
1624701050480369665
1622580648891277315
1630257177259638785
1623962484741664768
1622489848132026369
1622400271224635399
1622696038338334742
1622521650917830657
1622271193070829569
1623800891491901445
1622314997433999362
1622286143583842304
1620913818292441094
1622644426525798400
1623932807981723648
1622849650230263809
1623806913023549442
1629581290419679233
1629907318174253056
1624190782071504896
1622281725320503298
1625832937626251264
1622322234672009217
1622142593994838017
1622266198313279488
1623633156350918659
1627459800807141379
1626208831092174851
1623414250290163713
1626198189815775233
1623001253348544512
1622353980205531139
1625846361592672257
1622257437507031043
1622319684300275712
1622290417734619136
1626192523377999877
1623804004214906880
1622349173537357824
1623049120981127168
1622309186318000131
1625981191001186306
1629800500764852224
1625978065971998726
1623304364893896705
1622336830749253638
1622254496045797376
1629788483245035521
1622250626309672963
1625948321297666076
1627293092058390529
1624004617355812865
1624048017681653762
1623036111621705728
1623789849038798849
1627424639713411073
1622301840980299776
1620823453334142977
1625051623566327808
1622492552229269504
1622267374018650113
1622392251274903552
1626961959034798083
1622518372561739778
1622531311276523523
1624054305522065411
1622435397232984064
1620851709189980161
1627502316440911873
1623867556959322115
1629962682852835328
1623955153949798400
1629500484569423873
1622272831374430210
1623982133554315265
1624350139660832768
1623802916678107136
1623762191030661121
1623093815065169920
1621397784535367680
1623781668396859393
1622937430679597057
1623037708036673544
1622526288312381443
1624141634106523650
1623548304758870018
1623744909348941828
1621430111814795264
1621207414090485765
1623763372243140609
1622359611276673024
1622391652999483393
1624074183851315200
1622314017086750720
1623753668100079616
1625452282170032128
1623731330012917760
1622427629491032064
1622525629513056257
1622240806777102336
1622977440535527424
1622253946604503040
1622227116447105024
1623773979684007940
1622616961141047297
1622257467227783168
1624436609725698048
1622245799466762244
1622353001347260417
1622305496282578946
1623966691637055488
1629861306760155137
1621812950695559168
1630306895696220162
1623971844834426880
1627717409770438679
1622351434137174019
1621044079432974339
1630248296844500993
1629953316187774977
1624053503327977473
1622273934992318464
1623571614724939776
1622510362762379264
1623708785826054145
1622581911523581952
1623804213120606209
1622330748542795778
1629640122881720322
1621172153998770181
1623818062259539969
1622284171593793538
1622315874307788800
1623826995216883712
1622253594148749313
1622828525609705473
1622584556799901700
1623941735155142656
1622272059408629762
1620795337823883264
1623811119017074690
1630256262825881600
1623744570474352643
1622923176198959108
1622524220256227328
1627445298225201152
1629859745656963073
1622245302827622402
1623773492696035329
1625811150234349569
1624018982687674369
1622618175463366656
1622249138367733761
1622209365326405633
1623775531043852289
1622291483251326976
1622243433975799808
1620898533263183872
1630227399701929988
1620902577046196225
1622839129284177920
1625879572045602816
1622365865692872704
1622225547815165955
1624520574335700994
1623830241696223232
1623991924821487616
1620813143135125504
1623930676331556864
1622477618887987202
1622364732295348225
1625919172709433345
1626959807734218754
1622286891377639425
1622505539375595520
1629842408253927424
1623759687039451140
1623809874306994179
1622374049987837952
1622170480164720641
1627662820530585600
1627416761262809088
1624001784783032322
1622354864918466569
1623979721397571588
1622314823429115907
1622267953902125056
1622326340618797058
1624354080263905280
1623923725816205313
1623727004032856071
1625118003879677953
1623787420184371200
1630004162321629189
1624081310087098368
1626133104107614208
1622629054116515842
1622350408155889666
1628858891579625472
1624147741495463937
1622287337529950213
1621368080608665603
1624059752735973377
1622324055314513922
1622589951920549889
1622584204985769985
1624215257160773634
1629585285804589056
1622250198138232841
1622213892826099714
1621259734123794432
1629029974098251778
1623860775822434307
1622305093474258950
1624195901781643266
1620778218310742016
1622389064707063810
1623259330656063488
1622296152698765312
1622229579015372801
1624009233657126917
1627329670688518145
1625037935136440320
1625202932487540738
1624047879651295235
1623798125256224768
1622323146484322311
1626954604519780357
1626465755280670721
1622512532815589377
1629820889440083969
1622367414213132290
1622300163959148550
1624036891556302848
1624281263409332226
1622294670305796098
1623705302355812356
1625967603255574544
1627419796026400769
1625884347449368576
1629659220722307072
1625934929811980288
1629810360063602689
1627413801015410689
1622291889666891778
1622257620991066112
1622581958172635138
1623890950316605440
1622275470069825537
1623994495640502273
1622257192991596544
1623980923237670913
1623791237009494016
1626195501837336576
1623043555231993888
1622222083177517056
1627445031421239298
1623703492589244416
1623836289626767361
1623827483911913476
1623781747224719363
1629483544547295233
1629592617422864413
1623824269821071362
1621238217038077952
1621005346268495873
1624508314238189568
1622583681318547464
1622280183628562434
1623980552393981953
1627712550707003395
1622547534756339720
1630531724764409857
1630608578083012614
1629820666789732352
1629983495253643265
1629096169019174914
1622368040154271746
1629619326482370562
1629842440524890114
1627119856993665025
1625246322398752788
1622330107590230016
1628061903854485506
1627404470337388547
1623837459204251649
1622708042495131659
1627048901466554368
1622290138201038851
1629649784767225856
1629889171639730189
1622237860848975873
1622367248982614018
1629563534496366601
1622307770375495682
1622297872526893058
1629482414518009864
1624060098346729474
1622261015449686016
1622543154959245315
1627430595998482432
1622354370330238976
1630282711188267009
1623804979428446208
1622330793845473282
1629574657547354113
1622256863688392704
1629592322659713027
1629758550292459520
1630331676894150656
1623754865301245952
1621998709817970689
1624061669692375041
1623757569792651264
1623737051127459842
1624180323549425665
1623411178360737796
1622371881851490304
1622259881351778304
1624853820105801733
1629894925507518466
1626168624925839360
1624099550507020309
1624011635080691714
1623926553477529600
1621402688469483520
1623741246886883334
1622273751290109953
1623930228161810433
1623839685712703489
1629693535871201281
1629673687728128003
1623707180598804480
1623018416213721088
1625910119157444629
1623764201968742400
1622506884572774401
1623277197048832002
1627568444949364736
1623709125866651655
1622513811616935936
1622663385480405025
1625094668626063362
1623787479361781762
1622343826416222209
1622296800685182977
1622314355248300037
1620837975302246401
1622258076328812544
1627408171517050880
1623697828345257985
1623697003816402946
1628769627940560898
1622947221686611972
1623725059163533313
1623925218170535936
1620823170860318721
1624153601676304395
1622305867734327297
1622329816404922368
1621143219357765633
1623798291660939266
1622531752378990593
1627287763098771456
1623968828160892928
1622372600742649856
1622320919724138497
1624297575774920707
1622279063413968902
1623765070420357121
1621684960024215554
1622293082610831361
1622228253946839040
1622711947283116032
1621122360949768196
1622663820756848642
1622308953261576193
1622208787548356608
1621293193407995910
1623792219726438402
1623910507253215232
1622278285819346944
1624345889895505920
1622552486031532032
1622357407123865603
1622237710067843072
1627026475240112128
1629571842942939136
1623619829423808512
1622535010451353601
1622310824722186240
1630273501948006401
1620665247601414144
1623695640038461441
1624128724235915276
1623816527421005826
1629569841530060802
1624792026905468930
1622689936477458449
1622330299664273411
1624195350599794689
1623369258011951104
1629166176558366721
1620738430182518788
1622257031397646338
1623779286581755906
1621284292759281666
1623846572894171138
1630215731798212610
1622211186786799616
1622339060747354117
1622862104884662272
1622302210699788290
1629808042928635904
1622488999871893505
1622343422957740032
1622406946266431488
1620945680163299329
1627414552252977153
1622261493419937794
1629589731594870784
1623979246656839682
1622399192030224384
1622460598431645697
1629805881700261888
1622263590081236993
1620743599360212994
1623811517203324929
1630215990817554433
1626232123995877376
1622210190119403520
1626624821281931264
1623053589290835968
1627326482749038596
1622272317236584449
1622251830704046083
1621211686995730434
1622241146402476036
1624070726176194560
1623467109991821315
1622501609136594945
1622251080934428672
1624772226925973508
1622266971717832704
1624052192842743809
1622260252673511424
1626073684979875842
1627622604935770113
1624047581281091587
1627209970558152705
1627406868661297152
1623750288380133377
1622538158138064898
1622270491422490626
1623965250805538820
1622389291329495043
1625965597853900800
1629103582862618625
1624080538930753540
1624221214238466048
1623821904913084416
1623728450509873152
1623930631381213184
1622366066457432066
1624113067108839427
1622285621002752001
1629708365185138690
1627459705927868416
1627403516401647616
1624010946921349120
1622339851470209026
1622282794629042181
1622235999613947904
1624210195998990343
1630228615806763011
1624037676167974912
1622869035825217536
1622258813783998468
1629891733659033602
1623776801288847362
1626202309809037315
1624116296269938689
1622333922364346369
1629873787909832706
1623783828136361985
1622274277725687810
1621008310752133122
1622292574416343049
1623722941249687553
1624535265074204672
1623949632408633346
1620835392751812608
1623714832284368897
1623849130417160193
1629580513919770624
1621470741391704067
1624048596134903809
1622313763884900352
1622273230378524677
1622501824828678146
1622217493816266754
1622207995030474752
1622350219999313921
1623260178484264964
1629826512122675201
1629644417945554945
1623777775302705156
1630215615116877826
1622745765310304258
1622382735040958464
1622804557477871617
1629956775603519488
1623726802932727811
1621197116583329794
1622216015038894081
1623945296991633409
1627444525718282240
1627426326561816576
1620824725399437312
1623821437172686848
1622266056898125825
1623953790586986496
1622291826685235200
1622240159381995522
1629840543973818368
1622261613851021315
1622492851371122690
1622336821236535297
1624014521227509761
1623608999055589378
1622362067339542529
1626958173901914119
1626965517780111360
1623950919812390914
1623802073694232576
1623738947988750340
1622311287106535427
1623725988872966152
1620737491442753536
1622384559462486020
1627426008814039041
1621836840620773376
1622264907684106245
1623783603132850182
1623769466675814409
1622260835702775808
1622380743513997313
1622337345797214209
1623753013214019587
1627037095310290945
1629802857737207809
1622337114972061698
1626504100455088128
1624426091074007043
1622925670698319873
1622286139812986892
1622262248663130113
1622302081188089858
1623820585636663300
1622445964576391175
1622329777637007364
1624479468235509762
1622562448946475009
1623975046250201089
1623309034093772802
1622229654001033219
1627767828525862926
1622219483019448324
1622266759267946502
1622207744777371650
1620833844227358721
1623934523867291648
1629924576288186368
1623957590643286016
1624064032045932545
1624065765669277696
1626447310526849027
1622356072810926080
1623794433215848448
1623779600021987329
1621322900048330753
1624082818748887043
1622284449109901317
1622513681153110017
1623734465888411650
1624168861418283018
1623724497642610689
1622860368518254593
1622309887526019074
1622248714789068802
1622518043103358977
1627788989741649920
1623754237271281666
1622286445556662274
1625710395150270464
1624045815730782211
1622267609574948865
1624505673324044289
1621233470201647105
1622334490826661891
1623777169062125568
1622567629280903168
1626966318153973761
1627400909050286082
1623753768637440001
1623931023703822336
1622368900334886912
1622254595618607107
1623777518531616768
1622290547728650241
1622234425231646723
1629613435339128832
1625886904473329666
1625098831485366273
1630215633114726400
1622367975255822338
1625676060195946497
1623808871021117440
1622270675292508163
1622226751119056896
1622277941844385793
1624052570342785025
1623404553017126918
1622305986902953985
1624010143808512003
1623437389355175937
1622334435222867969
1620828988204814336
1627413834775379968
1622303530592751617
1622283524836392966
1623173561341943808
1630222250744881154
1623068163301597184
1622564264467742720
1622545564356182016
1623703665574875148
1630349832027029505
1622333641681420291
1620879441936388098
1622309789085622279
1627119363013607427
1620892977983033345
1622324457531445252
1626994402722816002
1625794116184309762
1623788707890315265
1623726349503410180
1622558261374337025
1622840979186147328
1627400765416284161
1623869427094638593
1622496519856263168
1622285717396242432
1624518242004860928
1623907730229702656
1622474334274027520
1622267425654816768
1620897449056538624
1620832146423439361
1622321191405998080
1623782737265008643
1622515376268378112
1621975402523549697
1622207173202792448
1627478979526500353
1622225025725075456
1630218903526801408
1623715316952973313
1623710602450374659
1622939523083534337
1629650755710857219
1620986744337317888
1624401619969343493
1622271562995957761
1622321569170132992
1624328383571144704
1624466592825241600
1622336437055094784
1622311061654327297
1629343912773943296
1626209749304844288
1624766322608316416
1623691320136007680
1622274357878743041
1622209701894135808
1623841813386649605
1623793951210631178
1627459942469799945
1622419501487738889
1623754134204678144
1623761174046167041
1622509135672516608
1624157667605241857
1622343598715846657
1622270333108494336
1622217652755111942
1622253775254593536
1622304437212516352
1630007356812607494
1625920211294601216
1623737852486991872
1623702812981878784
1622214458897465344
1620892660369346560
1622326387209011202
1622315458358661130
1629074764529639424
1623750368977887232
1623704785240133634
1629636342236823558
1622248159186505732
1625175982326915072
1622341962736013312
1623621736259256320
1623360459368763406
1623774428470337540
1622540491584679938
1623211036076539906
1627286419747094528
1622474705369284608
1622251515392950275
1621905559610851328
1620797013234446336
1625177768097988622
1629489267977101314
1624955966872592387
1623793763565899779
1624196969823457282
1623900803378413568
1622247770382893058
1629037118524731392
1625388396741787648
1623787044215439363
1622310055096844295
1622220030342479875
1622317983577128960
1624678555094249476
1622239367854006272
1622262849975336962
1622232944998760449
1624046521493643265
1621188900222898176
1622504218761330689
1622336162961432577
1621134988275027973
1630220642594217984
1623758564488609799
1624140205774016517
1623930787413528576
1624043873466040328
1622352436663914498
1621159859340341251
1625771601714200576
1622536802857897985
1622436828400816131
1622319129414844417
1620764794772148225
1622492900352266243
1623909753809412098
1629044821624061953
1622277189054992387
1622309739274113025
1621216274012323840
1620858316581916673
1622500047358148610
1624279280665460736
1623729579578863618
1622267661005590531
1623210390342578177
1622375103819382784
1621449067086618625
1622465372514287618
1621259909609185281
1620956283238256641
1622207718516817922
1622369538611286021
1622223572017053696
1623083189546762240
1622348953084624897
1622293004378669062
1622595762520485888
1622354731086614530
1622389407180283906
1629520893390069760
1623938777373888512
1623973938408685569
1622722210006806534
1622465397424328710
1622320218495229952
1620790936291913728
1622473121969176582
1623793312095248385
1622484849138229249
1622294320949743621
1622234288845357057
1620860821353152514
1622533419199524865
1629587211258585089
1622286099656622088
1630642986500620288
1630050347434516481
1625100806344114178
1623997405262761987
1623749307265429504
1623807757341147136
1623795244926992387
1622406020273262594
1623757200798674948
1623997541619572737
1622261838187487237
1624005417159344130
1622252068433010690
1622237953572454400
1629872627639627778
1622319659335680011
1623849002989912064
1623763558654672900
1629949907145486337
1627405692880490496
1622362344000000001
1622214860929961985
1620952986263457793
1629455126074212355
1624349290859569154
1627788092139614208
1624132105998409729
1624127254207860741
1622522774198575105
1622321548966170626
1623969496619778048
1622697321199767553
1629078971710144515
1623918502167085057
1626197619029733377
1622513562047459331
1622720295843860481
1622340800024662020
1626973075014025218
1620684694777126913
1622238934670385154
1623752251129966595
1626222689684967425
1624034778298064896
1623822469525082120
1624271825554341889
1623710176040583170
1627345523261820942
1624035617121214470
1623823429668376578
1622946823387185153
1625098235994943488
1622980813561204736
1622226189686292483
1624504622361501697
1622208602025893889
1622507742098325504
1620853108665634816
1622232307674365952
1622241263767494657
1622300009029844999
1622901771541544962
1621195981013352453
1620791718458327040
1630291368143646721
1622332644116545537
1622283895948414976
1622349977354739712
1624055521962491907
1629876309559070722
1624017888897105925
1622236852144033793
1627436588237029378
1623967129505607681
1622741351858044936
1622523139962945537
1630118650064560128
1622272710108659714
1627400071007313920
1624107850539597828
1622928292192956416
1623994426761613312
1622532122593427460
1622382042167054336
1622340177900216320
1622258982223060993
1622245503265120256
1620851486564704256
1622240841392603136
1622286333149429763
1622254009556893696
1622288577592688643
1623702284029898754
1624005930651119617
1622913518973472769
1622252122593959938
1622701991314030602
1629099179996860417
1622382931325947904
1623998402311626752
1622319691376066564
1622307100205400068
1630248430122434560
1623797552230301699
1622511667471872000
1623974604174774272
1623831844163575808
1623734405758914563
1622284986383491072
1623836605214560256
1622550296915312641
1630228142244655106
1622242171054080001
1622255795508285441
1622200363028725761
1629759155723554818
1629917673889882112
