1451300688445673473
1444584215970996224
1443856097337565186
1451937505033572362
1446346667054206976
1451961138715971584
1445252655723552768
1452885690857971721
1445716980841922566
1450786993105932295
1448399563610525701
1445843477691047940
1443988206626746369
1444569189755330560
1450509688622178314
1446025257652047872
1450067785694973952
1452947273902661639
1450523780812574729
1448655884297461774
1448639931782336520
1450825317912821762
1445684155828695048
1449020829661073428
1444409298235187200
1445649169616543752
1451021932959354885
1450052328397148161
1452995480691122192
1451687888022867968
1444607099292557313
1454690176446476290
1451449967223189560
1445663354773598219
1450825809355329538
1443908508878053397
1451289882316394506
1445550522535010308
1451920951977910272
1453427060983177218
1446014199394668553
1445434113951997958
1445805951492128768
1444002881334652930
1447184816143839235
1444072508844556301
1448653939495223300
1446023893739872261
1448207583630610437
1444237650920189952
1453429306034638851
1452949594682368005
1451087184929476608
1447128111582269441
1444222910927941633
1451316757076062209
1453578055541313540
1447451009119395840
1453749451651272704
1450564951966420999
1448365724158791687
1450922522900406274
1445975144963448833
1446040965282779139
1449351276882538499
1445695215780700160
1443997309960871947
1451838454409699328
1444002643593072647
1451635557352841216
1446285602467557376
1449705038356570120
1452313607807582208
1446229868069408769
1445684655357771776
1449671350273159176
1450750098909061124
1450049818257240068
1445270025619787777
1451525828873965574
1444005475662639107
1445637224884752384
1445761971723276289
1451193944969146372
1445383624069685253
1452525200415862788
1450598567924674565
1452578435419750401
1451917311305297924
1448686122394001411
1446594833599148036
1444622198732476421
1447146337020125184
1450509297801179140
1450742404479397894
1443861969589653504
1451677949061525510
1451917252471705606
1445147811683749897
1448600201015476225
1446459106085244928
1446443894451937283
1448636232863453194
1452411591014682628
1450940989418479617
1450504258374230021
1449725887390310401
1446112601985875969
1445678794891685892
1450534013639221249
1450061122263003136
1449666053735436288
1447941539863228416
1453250458638762008
1450806862006439940
1452650268282298371
1447452068973740039
1450049304538849281
1444059857892651010
1444107512018608131
1443793156131151872
1445273206982598658
1452627326446051332
1452502571357249545
1451143460384382981
1450806765587730432
1451096968726552579
1451178534429499397
1453102260284764163
1445742359065489417
1444639860468424706
1450781223761158150
1444283631988613120
1452998348227719169
1453853595632377859
1446493800449429508
1444230304185655300
1445813837043617794
1450870323855994888
1450566963533598721
1451632932993523715
1452076592444977155
1450506786885312525
1453444347173785607
1451294655182778379
1444000458998272001
1444004400842805252
1451713388984340481
1450766784240492545
1450802876025028610
1445641081299812352
1444408882986725385
1451936683235086336
1445657995665285125
1453967151316942849
1450537348727545871
1451608739245658144
1446109807581155353
1450523338347057153
1444723496538365957
1452019921467084806
1445654637692915719
1447134986600165378
1448545743023878150
1450098267988152324
1453970675606061062
1451698027127836679
1445131234821165070
1452425988328103941
1447841607038951425
1445671799270694916
1449687854997716993
1450047360927780870
1451957540963631111
1446169817111728134
1451853881101754376
1453295274273738757
1445690620492664834
1452456820581208075
1450129521332654086
1450528134588157957
1450065872022818821
1448020166965710849
1454349436881100804
1443997803202629634
1445855173620994049
1443899366213885964
1453692451349221380
1450048606950543361
1450521459668013062
1453372691944255494
1443861659366342658
1450789561454538982
1454223580846301188
1443992735707451392
1446348826810458113
1446508810294734849
1444037694833704963
1445685794220351489
1443888466421485568
1452389080000520195
1446565939894444035
1452311249124007939
1453770202487853057
1446517084331053059
1451861343628402693
1450849800035962884
1450862805276561418
1450087714288721927
1445878717289402373
1444000495807434753
1445557711148503043
1451970585664294918
1448736694459670535
1445281144963014658
1450059368951656451
1452531183879852037
1446376858593996826
1445689901568069636
1445733760465518593
1445815355515936772
1445315253387108353
1454556072958697473
1447897673269329927
1448710415081422852
1449715641099988994
1450510930337570819
1449665996227334149
1450739852035698688
1446439332529807361
1449228779352641536
1451918544015446026
1452307653569417217
1451932784063389707
1448693978950422535
1446466978948976679
1452503105845747719
1451985801378770946
1453778878770581509
1452558819423395844
1450097492780068864
1443980365085937665
1443919066180341760
1451933851123687426
1448659202654621703
1453628981589254148
1449064399680020487
1450056030746984452
1445771116161605643
1451503058530209835
1453562601724518404
1447416502509051906
1453719579008507912
1448659999719231489
1443992538910806022
1445288999006912515
1444004811565936643
1450790485635829760
1444075615901163520
1454381588289048576
1450066430691512324
1447269965824933891
1450450565457121280
1443939071965941761
1450916809935306760
1450063585259016199
1453815999829008385
1451305929945726985
1450327547489697792
1452388789066809347
1451068065274335232
1450818707052273668
1450053252712644609
1448295156852170759
1444550414716768261
1451634497888325633
1444237193531301889
1451333452549263361
1445691253031460865
1445745088072544262
1443880949717078016
1450067945133154310
1448927439309115399
1445716294846742532
1451749088383447041
1450042801991917569
1446695999469146115
1450497382567890945
1454040302319190020
1452698159679934470
1448329445203456003
1452557068288897026
1446473836044734464
1446469242287689742
1449677066383859715
1445672558662234112
1452288703397781515
1444048411217571846
1444230867946295296
1443981406074544130
1453130717328728067
1452933623229952006
1445317471817318407
1450820266729279488
1444032875729403906
1451410525552787458
1452718051175157763
1445743659245211655
1445829642162556928
1451473115784138759
1449670469242736645
1450024372303974404
1445770367629357068
1447168443200032773
1450090063656886285
1452669575468879876
1450014490158850054
1448657826658668556
1447884291489341440
1450373333409800195
1451146744868360196
1451934324845076481
1450757799026233345
1444400200051744768
1444267476359995395
1453721654681489411
1446073871459930112
1445319699449982979
1444040685880020992
1449753328448069632
1449699107916943363
1444051752769163276
1447176082965340161
1445632895075291139
1445323235105595397
1448301174856339469
1451962406758985741
1449675431326765058
1448215179318210563
1448671810959052801
1446415328683216922
1450727133203083269
1446508142318301200
1445361671942414337
1453078310175510535
1451920378251579406
1450016095717441539
1446072207533387777
1452992838178942992
1445776688613191684
1445668423430651906
1451253207490039817
1452611961582141442
1449931849334235138
1452950544205717510
1452937688995217420
1445108620925014028
1445728565564043264
1450784534144897025
1450780986577358850
1444012911001800736
1452586195461066760
1446337732712747027
1445309755136876546
1445686669328338950
1448700210427871240
1444002684621803521
1450800843826008069
1451475059068002307
1450741016814829568
1450059246410866689
1443951762839322655
1451322507995201539
1446926536385368068
1445667480475602948
1451639535885033478
1449119679042236419
1454375842835058693
1447450630629515267
1445123282332684288
1443854281912864771
1454004325374693382
1446424778982805519
1448398924667043843
1445691570771038213
1451453390320439302
1448694546250993664
1452017277474426886
1450069601845383171
1452469459566972930
1443993677425152009
1444370829656182788
1443861284638937116
1445681369254744072
1451092930245058560
1443960593044709382
1451900915158601733
1444624433893855236
1451942892067598337
1453457357061693441
1451826179296702464
1444033923273592834
1451610929888702470
1450779486186770435
1452383091113275393
1450586517487898624
1444733070595301379
1447119336397750277
1450691856745078784
1445634856055042059
1446465554391371804
1446127922524291076
1445129636749344775
1450820214300549132
1450031751389237248
1444706737949446147
1453839152743698436
1449693977582706688
1451937207007203331
1445763767522840586
1449344845860966404
1445637663415959554
1452177045371359234
1445985324430249985
1446468372586172453
1447136040444125187
1449724181189480450
1452686610596827138
1453764621781831686
1443956058242887685
1444154613045805059
1444027881965895683
1452562300121063429
1451250289286254598
1448237161501929480
1453460364058898436
1450733917925949447
1445291466578960387
1451919973379715078
1444996325565685768
1451485979123007490
1448657330376089615
1446442845234245632
1451067877268807681
1448967436678713344
1453078050141310979
1448652367059034117
1447120802114117633
1453341316293840898
1451945116332085249
1452987540160618505
1451477614707810304
1445715188070555656
1445723131998400524
1445808946506174466
1444026343956623363
1445168361084755973
1443996507510878208
1453076436357718022
1450144343004745733
1450076015368224772
1445321026536198148
1452373660367523841
1450097535482318852
1443933141798985731
1445057861579689997
1452494967923003395
1444371697612771335
1444319910990131205
1445134257316409345
1452697205492658179
1445688146629324811
1450760236692819969
1452717046375006209
1445159820580036609
1450805773014024193
1450927102535118853
1444119630889508870
1450026829377589260
1445640831705047054
1450406668139962372
1450879840417107978
1444645699891650567
1452287388034781186
1450701170180304897
1444652027334778882
1445636338376593413
1450808275403001864
1452530753472958465
1448379889325940736
1445834518225580044
1446748247163293701
1449677322957774849
1450051519672356866
1450832889210359809
1450889453720023045
1448738588594630658
1452556382645936130
1450537062189486086
1443939825149689867
1452321844678234114
1446557001631338504
1445644879493677062
1452408153052749826
1451922510665113602
1444373279549136899
1446142556300095493
1444200508764397568
1444023274036502536
1448199884440543233
1445987882972352512
1453769147884711940
1445666784195928067
1451479266957402112
1446129345542561800
1450820792476917773
1445153366280114177
1445804471771086849
1452847690295955464
1448245347814416385
1450078777313316864
1445795739242618880
1452577223962243073
1444036088809627654
1445651981566033926
1450895009817976833
1453119535729479688
1450069276291907590
1446264356036091905
1450689551261913090
1451840946606325765
1451954940025491460
1444081865518981120
1444585240501100544
1443978237613326339
1450090328451584002
1445821773174476800
1444031199295549442
1452374125545246729
1450811450843451392
1453857828234477569
1450596485402345474
1451942182194122754
1445692232078696448
1450875887902208000
1444297024132853763
1452373289666482182
1445643554403934213
1445413746785009670
1450539255982342153
1450902597892812809
1448373515070083081
1452054960317808641
1445875990459076613
1450848782925582341
1450031937809231875
1446066957183295488
1445792839938412550
1451075810207674369
1449784806338793477
1449101387409788933
1452328315046486020
1450743294577844226
1448889491171729420
1445663215510188032
1450297754530484224
1452751751854137350
1447521862129537026
1449168903339495431
1445637501796847621
1450831210306052096
1450608277041991682
1449777165332062216
1443964038338289665
1445644626052874248
1443864130558087196
1452638568137076746
1451495823158677505
1449073401335799811
1446464372629442585
1448679213918310406
1454422376893009922
1448591654865313796
1453122840014774272
1446913149626732544
1445697816911761417
1452888059578667015
1446633807755493376
1451248612181258246
1453406869024907275
1451441097524326404
1452036190119604226
1448658352393703430
1452333215818059778
1445189016647868416
1450503697935618049
1446284266019639299
1451381479250989057
1450549276979994628
1448363644593524736
1454883276921913351
1446166123032944648
1445879000245493764
1447134222641242112
1452887425806700544
1444010294313947152
1446052757887139840
1446037651920928769
1452226692966141959
1443909001486405633
1445635030332547075
1452313701940350977
1450583991493570562
1448698601778163712
1452279875205795849
1447904202055815174
1445493559763750927
1452377209730129926
1450700114587262979
1452401858388152327
1444314709184892936
1450885929443463172
1450812422084759557
1451918143992041475
1445638711429849101
1452893688095514625
1452291058096877574
1446589551456182282
1450523057806708737
1443783559844610049
1450756814589644803
1450718450964434945
1451917237665898503
1452542890694041601
1451268534588350467
1452387582256549889
1451940573699510272
1450542713682763784
1453907049805385732
1450235865796595715
1445812465686564865
1453764097854615559
1450885847625109508
1444060794338136070
1445668906782257159
1451921178021486592
1450699930436317187
1450053703378014209
1452373654977884160
1443927356436008964
1448398598559907843
1443907724782313473
1451077306378821634
1448620982651006979
1443979927045525506
1450196615847895047
1453690806385070086
1446661956614574085
1451175071523827716
1453737060167127047
1453686260195807233
1453487248670867460
1448657793808887812
1449085209283072004
1450734185946271747
1445734344291758096
1445364429709774849
1446918390820614150
1451675519372697614
1444062641991962628
1443997998845943809
1450584812868222978
1450561878216822784
1447135214698999815
1450686386638663680
1450559398682710026
1450724557019549699
1446943498956115970
1450566985197228035
1445793622205419522
1448280990712049667
1453409651735859205
1445787765484912651
1452328877783670790
1451972747303788547
1453572471525756932
1449178195362713601
1444023978033664012
1443913388522938378
1446505020464242690
1450012105101430790
1450377583103725572
1451641857851723781
1452527702133592068
1445369560991940618
1450695195130007553
1445639843912904704
1447472690546286593
1445681891789586436
1453077442348847104
1451823328407212032
1445991359953969157
1453382116629221383
1451279844935880706
1448667590855774222
1453025941547061259
1453762522092290053
1452524603818053633
1446023686797107202
1443991663140081664
1445835495817236482
1450685840448016384
1450742332953878530
1451473238815658012
1446005678905171968
1449100327584677892
1445290817636249603
1451920076328820738
1444274720866766852
1453641722093768708
1445639843241861126
1453322253563801605
1445852640601018371
1452388425869496328
1444001725858426880
1446508331984687106
1444788657165148164
1448653857999896584
1450926955449229315
1450749816896688136
1448293998263685128
1451917199241850883
1445633292020027402
1444958670446604289
1446610661895806981
1450787470694625288
1445114291309457426
1445986442547769347
1447843915046981635
1444016710110089238
1445657627602526217
1451938953603473408
1445655360602193930
1450758069311393795
1448023812189065217
1446668166894084096
1451975061120950272
1446750983871246336
1443961759669366784
1448361461634539526
1451506558567845890
1453642647676100609
1450568738525360138
1449675369699753986
1446041002943385604
1452771226959613966
1447971615476695049
1453725176940490754
1448665014697484299
1445635292778483716
1451215480778366985
1446105401691344897
1450679525109547016
1451965515040272391
1450102812688461825
1454937451378642945
1445753463120400396
1443999165051179014
1449665874680549377
1453630617028022278
1446286165674532867
1445133747205066755
1448199725107269634
1447905732649635843
1450825961990205453
1450114417635610632
1444158788181893120
1445158113498238983
1452233783558737920
1451603274470199304
1447212335165321221
1445669258243891200
1445729340445057033
1447548149074219010
1445806971542777858
1454848257398648835
1453819014174715911
1450918015571316743
1444015802596921367
1443996354443988996
1445291289373810689
1453069419735764995
1444038790830596103
1450813190292611077
1445633220339384330
1447655274689466372
1446771370143191046
1445702102374748170
1453107363947421703
1452678049477058561
1453362533683892230
1450790332526907396
1448041684076580867
1444016858043191297
1443987622121123842
1453829045410537475
1452285238403555333
1445873703540207616
1451853787442860032
1451294330774298633
1452334495215063042
1451998471670702093
1443865493987905579
1443870593301073948
1450787955816140802
1447191169931354115
1452481993074221060
1446464575688282136
1448300905598799875
1445386331010605061
1449739313789480961
1448706181921452034
1451690025603698695
1446429655418933249
1447269687117635584
1446188078499049476
1444012077388075033
1448022808823570435
1450727900047724544
1454761093964914688
1448001858862190599
1448764056115032064
1453617636718354434
1453382056801677314
1452281474493919236
1450845652947251200
1453347380045172739
1450065643735293959
1448740059805626378
1452511060901220355
1452538742565183488
1444926045078102016
1446807316289015809
1445790748176158720
1445414972553564165
1445785344201293827
1445376173119311873
1448207601854996483
1445304566115934210
1451447122797211648
1450892263538765829
1444446600613486595
1451930625578094594
1445735553928818690
1444413613876334592
1445829161612873730
1451436258841042945
1445339071186882561
1448678862716604419
1451428625228705801
1450897721104207876
1444322247850741762
1452331561991426060
1443975794464890886
1453819084999741442
1443880241341026304
1448022948787462144
1447165645448257537
1451227504912617482
1445486066010525699
1450722978400964608
1451861267036127232
1450330023878144003
1452934804056465412
1444010374001528870
1444068167207297024
1444406658386612232
1445979716612145155
1445315917806714883
1445635782669045773
1443977468910739469
1450021683402838016
1450740318022864897
1445636491527471104
1443977471737597957
1443926477066674179
1444114593526202371
1451680916242325523
1454389241409048577
1446122620538146825
1453535169344937989
1451221180648591361
1450850063597674497
1447549500424392707
1446801797125971969
1445634225923715072
1450107120909791240
1445258197254774787
1453579884660289542
1450094585984737287
1447298923563978759
1443980076819832834
1448433252142882818
1451487072368349185
1445935663828832260
1452614813138489349
1449025939405524995
1445796676657192965
1453103880577945601
1445652144686702597
1445132946718003204
1446412076751151141
1450873823457337344
1445534983599263744
1448664496021536773
1450781909706027012
1448403424903634952
1444051012545916942
1452399010959007748
1445635207235727361
1445743994697252877
1445633256049688579
1444043278177947649
1443975636901638152
1450092227611480066
1452570375414599681
1451937900648615941
1450812529962364929
1448462658991235075
1448318758553063433
1445722458229645315
1444037048571203584
1451338920394956800
1450532484345737225
1452668357338095628
1445782931029454854
1443944856359931906
1451260051138752518
1446025526670462979
1444390066911125506
1444200255189364736
1451996662407237633
1453530412739928070
1445841042188562439
1450810096569700363
1451443158663958529
1445727014233780225
1450818425358520335
1451939526994239499
1451937542929014784
1451916887307268101
1451704038945443851
1453771869409120260
1449692888087007236
1451916784987254789
1450684928371290112
1448730880919343107
1448435612940447747
1446566104713809922
1450775716463890454
1451122957254860802
1450804189391622147
1444568062016040971
1443837341890662401
1445645503811620870
1445652480050667520
1445130582292369417
1450867285036503040
1448660178560163852
1450565934071046144
1448664396641693697
1443938963455102994
1443770894929829898
1451573663380160515
1445141771000889350
1449011217939501057
1446490771247583235
1445743645978673152
1452112131478810638
1454816335603589120
1450779239586926615
1449667031649951746
1446997458748383233
1450992482511171598
1446094745558732807
1444386708334723076
1447270004035133443
1445658181175181315
1447567479392411654
1451446260045656074
1445314048682233857
1448982458989481985
1451268905540988929
1450781151430316032
1453406180848685056
1450897250029391884
1451918965526126611
1451923675226288143
1450993638109065224
1444170680283635713
1444130206214672399
1454106610503143431
1445709300740071432
1450026620836794368
1452778764027547648
1450039898191417344
1446020690713382920
1452933915472191495
1445654708211761153
1445654747407605760
1450111688980811787
1452350052840706048
1451199121319071753
1452580620706664451
1443913942653411334
1450703529363087369
1445655256583471108
1454813942988091392
1450866410075443201
1445311949538013184
1444405052345552905
1452994651061899283
1446058372093169669
1443881385501020163
1451655007271538700
1443908638851076097
1451917621226520578
1453660718520172546
1453072037539418122
1449114695282085888
1452539632512610307
1445637135860584449
1450069235200413706
1445136098502533126
1452731991057698822
1452130394430660608
1448358839779221504
1444013676713943044
1452374515548368908
1451632786255880194
1450803880862834692
1451834208490491906
1451299099425312776
1450537131009511424
1446702947614830593
1448266717793292291
1443890100631375886
1443895008608858114
1445432951223762949
1444198832926085121
1445884121419374599
1443863362648092673
1450564143552122885
1452889233115566080
1449833384046379008
1452536998875607045
1448653964103208980
1453723454318858246
1446100771846688769
1453718199430750210
1444423332464627720
1449730833401647111
1446564522475638787
1445131266177781761
1450997489155428356
1445760581269692416
1454741805489082368
1451247598808010753
1446493626826170414
1444081997933158400
1449125720886849538
1443889353676185600
1450759860241510402
1443894842019418124
1450825912497414144
1450580747711025157
1447368852778610690
1446643993496989699
1445311482804293632
1450539448085647373
1448366920026181632
1451263347157000203
1444421997824520192
1450598346620559360
1445844441319677954
1450522969793511425
1450032052850597893
1450564656360218628
1451289049973542913
1448246861547151368
1453769120776966145
1443940575951085571
1453837454734249987
1452475816080719872
1446162804214575109
1451457023309139972
1450831696438386690
1446706930362298369
1450539677480591365
1446515520128393231
1451917821110333444
1452555755542941697
1445309694202023939
1451941140547112968
1454106973402714116
1451916868126744578
1453377511862190085
1452079216686739466
1447118335745875973
1452848157964992522
1450059663878332416
1446568228772319244
1444203323943526404
1443984244674633751
1450424795695362054
1450093671257415697
1450891224609603590
1450558884876275719
1450743370494713859
1447820938561662977
1444387519710343175
1445853395219369985
1444728764039041031
1444398284697743363
1452888491256389639
1448692354433490946
1445778082086883336
1452263748010455051
1451950181453377542
1449681880283029506
1445133164662374417
1443957733380796420
1451633801554169859
1446364766650445844
1444303607340339200
1452526462272167937
1446563740632199168
1443895514857082883
1453804739708297224
1443802010487336965
1450051052196274176
1452730731180986368
1448764905574764545
1445632797255913472
1446074151991713792
1448816034064916480
1450753061475979269
1445766750952321027
1450833860749676555
1444080328113545219
1447132888584146946
1454019375384645634
1451939888346116103
1453443950740656128
1450463696468250630
1450795080453926913
1452168849575587849
1445769495985807362
1454364963116564483
1447312430628052996
1447151718395940865
1454348872592068609
1454843085482078215
1448407617764798467
1448330700143435779
1446100696256888840
1451995664234205188
1445142067609546752
1444320996018753545
1450817733642244098
1447567930045222915
1452903184566038530
1444003274324074496
1451937190091558912
1451714128322641931
1446383764788162590
1444649409615106050
1452629540929474562
1443992133061459973
1445892673232162816
1445805458816528386
1451962362739703809
1445088408838230025
1444909734612586498
1452381732204945408
1450073906635845634
1444012625940123662
1449676607757688838
1445783794099838976
1444573557997150208
1450239455680475138
1451916985508536325
1444470470280204293
1449783842714292228
1443888922027757579
1445766807407579142
1453425749730512898
1445993156030484486
1454001676197810176
1453344242613501961
1444645428352389121
1453796528330575877
1447133966302072832
1446492112560791555
1445238723856187393
1450956133255028741
1449778452282871811
1445634794260361220
1450938646237007877
1451461007235338255
1451069967152123908
1450137655715549192
1446852845920301057
1453382969809375239
1447945178577346567
1451587146884784128
1453123420422557701
1445650815411052546
1445817723074727941
1452490361490841603
1450761073376727041
1445841606716710915
1452621801004097539
1450738674921086976
1451945426316300290
1452072692178296838
1452397932326662149
1450575902853697542
1453097881636855818
1448402762430046212
1453758676364369924
1445311033913061376
1451927684754333702
1448005415741034496
1450067740434305027
1450537618274390019
1453721086164488193
1444423539537416192
1453766018388594692
1452499269307584513
1452441231628374020
1445726913645907968
1451422702284255252
1451442874466410496
1445753748748488721
1446201793680191491
1447154693046681600
1445640318095794179
1445760838481035265
1453081051081871365
1454359410508279808
1445774063515799561
1445300688972619780
1445640358172377088
1452831226780344328
1448663647509565450
1447150208761073666
1451945687411830789
1443861233086631936
1452680740886433796
1443982077829988352
1451263241410207751
1450336519294787589
1444085343943331842
1451910486354767873
1450530881840590851
1449680730158686209
1445679559265849348
1443862610441654289
1445655785631977472
1450501633901801479
1453096718598291468
1448318245371527171
1445638878421917705
1445747369614581769
1445293587663663104
1451921451913732096
1453362439869894658
1449106976881905665
1448661583748472852
1449666723611881473
1450521650076831746
1451288591410290688
1450564570016276481
1453157872066498564
1453781192063455239
1445758388319645698
1445683322420543508
1445987819852345347
1443942338141818885
1450757269176688644
1452241107513925642
1454407891990061061
1451636749432729605
1446778398920085505
1445395515085139978
1453439341162897413
1450772417924698112
1450563807789699076
1449793981127274503
1443900410113187844
1448675832285876224
1446170261028474882
1453456849223696387
1443913189096316929
1450092794706632713
1446703227009912835
1453700332916256768
1453099883305517068
1448307362163568642
1445646050232918025
1450539082690478080
1450953502407249923
1450911469294559235
1446113344386076682
1445635812234723333
1451101002812334082
1450737484007096320
1450032876955779075
1451921781674151936
1446285458837737476
1451221816001896450
1445381866190778378
1445668153564954627
1448404809409761283
1446125115222081544
1450111660811702279
1446505501890592774
1451281383893176320
1445303529376256000
1444048749148491779
1450508421250392074
1445639175324123139
1446016683873865728
1446015540665987077
1453401924443779077
1445715995868360708
1450545309764014080
1443832614788476956
1446557201519288324
1445688480206491649
1449666006281080834
1444957160467746818
1453717200783634433
1446021393359982594
1450137551231229960
1453997546330894339
1444017669200617473
1445814899200995334
1450738876092489728
1445652106531115012
1450056370036920323
1453102564908666890
1446539339027075073
1449264152124563456
1445852819035197443
1445185465217429512
1445641717831532548
1452903119113883648
1446706902352777219
1453239949600468998
1446064101650743300
1445634046797643781
1444207636300316672
1444058312136347649
1450738254085492738
1447926508878766093
1444380838976704517
1454892128144793603
1450890163152953348
1452903933802913794
1451942091668480000
1445740042949824517
1450759299408531460
1445669726907031559
1444233108740612098
1452906338477125633
1444073220081168387
1450764808131854338
1445796211106238464
1450522446004621317
1445727164150734848
1450745922569351169
1448581025374801932
1444363535681736706
1451632435276484615
1443949026047664129
1452708645700096000
1448334252702146571
1444030501925408769
1452948620123287552
1446219650891665414
1453794670639783945
1444190610299265024
1446137450338807811
1449025734085906488
1452408731451412485
1447617249720901640
1448033481443905537
1452687192216805386
1453389014610886660
1450577617787179008
1451941579049029640
1452420232367296515
1445773005179686921
1445774028359159809
1446050988691972096
1451922943873847306
1444241359435665418
1444389187629813761
1448334676985204737
1450518542500106255
1450090640088436745
1454783123770720259
1445635581225017344
1452378180740845572
1452371854228869127
1450745388420399108
1450102252438441996
1450060574021373952
1450804029735546884
1450889932629762056
1450794368915345416
1448759309224058888
1448658283779088385
1443889650985222144
1443911673723691023
1443992091231719427
1450065027109642245
1445993991368069127
1451254576548569097
1446470205199224833
1445182686952361985
1445638252262608899
1447204163599978498
1447269584898248709
1451609017512509441
1450607331385954306
1449265633124827137
1451624346494119939
1445688710561820682
1449085671554101250
1451495130096078848
1448013909642956800
1452514674457595906
1444037074340941829
1444192248804040704
1448420440649748489
1449931809114968072
1451509253517287433
1449772150198579205
1454413245041856517
1450021404716437504
1450939833493467146
1445478231319007241
1444026425330343937
1449018268891615238
1450545638735765505
1450859812242219017
1451018117421936641
1444002162296688655
1443885950980050945
1445686508908793856
1450073919323529217
1443731681479905289
1445714425697079298
1450048741000482816
1448292523668123648
1454189620523110402
1444009014619222019
1452147805733146632
1445843570519281666
1451916923743186949
1450510478564855811
1450391343449182210
1453531073661464579
1452397671902294020
1450835215778304003
1450106512475627521
1444598064895995907
1445684333709119496
1443997869095194631
1452976895168028675
1445242865165160450
1449790311740362763
1445294094322909187
1443849988669427731
1453318520331280392
1446158088386527234
1446323385181556740
1454675354908561408
1450788826834771973
1451957003576819713
1450063313812037634
1451058001264193536
1448335313156325376
1453533632648212482
1445641649338548226
1452935308274765828
1449021743604109315
1452266064667099145
1452965425093005318
1446246448111161345
1445366233906483200
1454172610661597194
1454126273362550785
1452893002096119809
1444090085901807616
1450748339084005376
1446025492453277697
1443864180180799488
1445768351746191371
1445738579242614787
1449690987765379072
1453307355916025863
1443975707630215192
1449056236016709632
1450508436353978378
1453682448483581955
1453278831066980357
1445287577444130817
1448284379206361088
1451955707599888386
1451806118280323076
1444020445930405890
1448671185714257921
1452594520055484416
1444051447251935244
1453457460589641728
1451929369002270726
1445696353921736715
1453748819137548295
1445716725094174722
1452571160571531267
1451328424098795520
1445649605081767946
1445633162558595074
1446544508422864900
1450955579179032579
1446417339461902339
1445749779980435472
1446162241330548737
1445378852054781953
1451290229336383488
1452901888404373505
1452493358732087297
1445639419864633355
1450753617921822720
1449138508581453835
1450552601234268176
1449276268084613121
1447092182972870657
1443895332782346254
1450842989773852678
1453449184313499651
1450061388295114754
1448371985977860099
1447138664895729666
1450938887359062023
1448261315731066892
1450066013505167363
1443995334468898816
1448506182600216581
1450556818946760704
1452900257298272257
1448957137594552324
1449674073366220801
1445406354508812300
1450791633784647683
1450832960068915200
1450727553946296322
1445483947387854860
1445022604570632197
1444010463101128712
1450611046931214337
1450339526916853760
1449483651721408515
1446105388420579340
1450724723042684931
1445664514473484292
1450043575069249548
1448656034365513736
1448735923529728014
1450531178394656778
1444009137906585600
1451927473319460874
1445792143696535563
1445134545746079749
1446661446880874500
1444074979843264517
1452392715078053899
1446664817914306560
1449751363504717824
1450735304319590404
1446900220726554634
1448261819064270848
1443762313291501573
1445702655095934978
1450841292641026048
1454082544195022856
1453495493951098886
1447647366966820867
1443978267841765403
1444044847380377607
1453733950174609416
1450070594536591361
1453090713818783756
1451493139445866498
1450844843241050113
1452408828360806402
1451452144704540678
1453257856862523399
1452968576747462673
1446960962620297223
1451268833830920203
1450846699170189318
1450748153897050112
1448408675962470408
1450532698989207554
1450938833395240969
1451556124583411713
1453143213565521926
1453597211275763712
1445077439550566415
1450721729345634310
1447683674573582344
1450109158775218179
1445643170063142912
1450726388936462338
1454939214987108354
1450879310143922176
1453382096408481794
1452264767419191300
1446083197008240641
1445654407056482310
1453448774953672710
1452928953228877831
1452895777156747265
1451894031609438213
1444308166334943234
1443900908778164224
1448893313256497152
1454408209490448389
1446143536865415172
1447106581376733184
1445670864196968448
1443906044862902276
1445760256919830550
1445684628249976837
1445860781279612928
1450834260726800386
1453770626397835270
1450106566997331972
1448410620337000450
1450533627352207375
1445863447762198532
1450755614523678727
1445139948835835912
1452580954493554691
1445634292793544709
1443930756103946246
1452311127447248897
1451962056224256008
1451633752417914884
1450801394525655045
1450034760139657216
1448379031905243137
1451270234443329537
1450836861283352588
1451431366718074894
1448684608892067840
1451938201451511808
1450906486557794310
1443984335854571523
1452515080223043589
1445320542421127168
1445674267761209357
1450657371018211334
1448663828456108048
1448019305795366914
1450909340911734788
1450807619174772744
1448404179211460610
1444225122378846210
1448328040073895941
1451783808446046209
1451894020406484994
1453080419151273984
1446220834046201861
1452078685402578954
1443980872991088649
1450514666434797572
1448445607618781185
1447646942096281602
1445679363551158278
1448658711925329920
1452409886072057858
1454054259876564997
1453772946716119053
1445671126982541312
1453900954835709952
1448374931092381706
1450077719610408969
1445806876143194113
1445728218959466497
1444068045438205953
1452393721027248139
1443940687825805312
1446002296664506369
1450865133157339144
1450428804162330626
1443899156184113152
1450858920822587392
1450049465939894272
1446829659971325952
1451939230230499336
1453739346817740805
1445634346153484292
1448796480056217602
1452382002791976966
1446016721316425731
1451405208525881344
1451938904479834119
1444979953972531203
1445759566008881157
1448326299278249993
1450578970626469907
1447825475494109184
1444078747120984066
1450555766902071298
1453461228169437199
1453238905810063365
1444945779051974657
1443861392604467201
1450479152478494720
1445636043298930690
1445672504853340160
1445888075977027584
1452396467835047941
1446598790216134661
1452384469889978370
1450099527889862665
1443924272527908866
1445840387101298692
1447572155093422083
1452616906251321358
1451474999253086208
1448402910920986634
1444317936177631240
1450917961632452611
1445293036339073024
1450527179218038790
1443743939656302592
1450920543817981955
1451526120130572290
1446758505940242434
1450816726690566145
1452056529574760452
1451952302022082570
1451643855779020800
1445787780492238848
1450608237569527808
1443922414602231845
1453166214784618503
1450785432136978434
1448242107919990785
1450023394431455236
1445876680354979841
1445633006996123658
1449703273435381767
1448657123320025099
1445818948335939585
1450783402504904704
1445728963024805888
1448011919013593088
1446477239302905862
1448707027933483009
1446029397413269509
1443962387363737609
1446569250659897350
1450542894855634949
1453901606517309440
1444350558211555333
1447639103718236162
1451164127485849603
1452916813029855237
1450738075764674562
1443958420101545992
1451642897632202757
1445644178382151684
1450755159844339713
1451930840066404363
1444222574397956099
1443974884959428642
1450535695508979722
1444004752438841345
1452636304773160960
1446000613192515589
1450018804986175492
1445303019814494214
1450867301436301312
1452077058495029248
1450712410961158147
1445718558223130625
1443952679085031467
1448017053106032641
1443989504889610241
1452968476923121667
1450530833706754057
1450038623059992578
1450787244512620548
1447823471443124229
1445764243953840141
1452313660408336389
1450086792754044932
1450067702345781252
1445266298003468288
1450828512483479558
1449701715012370432
1452331286673166345
1450857207407460356
1445650968910045189
1452616297385242626
1451273536413306884
1451980470552498186
1445185940297863168
1450799904201351172
1451656436258324490
1443916150602141697
1446066266922524676
1446442766318424070
1453389003227635714
1453123191656878085
1448679652680249347
1451551206808109064
1452714669810991104
1450071735706046470
1448334981181452292
1445131428728033297
1451940399044612101
1448406307254554625
1448551157484376065
1450633617798008835
1445701835810131968
1451591962004529190
1453137377564762114
1450858550490771457
1444476443128442887
1445721045638418437
1452329508678295555
1452479694209753088
1453623809660145664
1449669614045220864
1452595181912526853
1443910967042191362
1444195958674366465
1451688456552386564
1449687895653113856
1447610320244051971
1445538007633649671
1444414744392343559
1445685581162237964
1452090133386309632
1453427935315120131
1450514935923023872
1450112626483208193
1445291583981694978
1453787706832605187
1454462016178032651
1445127399113383944
1448406972181753857
1453813250123079686
1446417245333245958
1445141914098061325
1445093977749921799
1445750785938124805
1452076536966832132
1452929357492727812
1450784029633097729
1448817901675319316
1452259966765740033
1450725688760315911
1450819728373473282
1450954052808884229
1443977448513839132
1448657322981552139
1450933054822928386
1448728651395223553
1444414740906844168
1452544083654807555
1449728172963028996
1452506517694001155
1451255988670062593
1453101278561722384
1452394556398481408
1451980546037452808
1451494033528872961
1448898380097331205
1449697647166640129
1450139557509349377
1451213349518290947
1450542652206747657
1453845943938273284
1450544278879543302
1445385129057263627
1445402227850584081
1452395145001897990
1450908249792958469
1450090821324263429
1453271691447177218
1447306765188616199
1446054202770432007
1444032934739161088
1453270150044700678
1453837244649943040
1445852513832480770
1447155908157612032
1450573216074842118
1446003138700496896
1445129505077665812
1446145774866284547
1452518222893363203
1445189969069420550
1445818873467445248
1450753688516145155
1450087367377932298
1444255338920873990
1448326866713120768
1443994424430759936
1451216071768350726
1444415639892922374
1450747806080245761
1452376744145604614
1453106894034325510
1451889876010426372
1451937089050841096
1445659388870475780
1450788868572303362
1452978403146149893
1446795209535377411
1451437759072251920
1452289613301702658
1445632895121432583
1452993920095371276
1451269773917106176
1445266151597133825
1450545873608445954
1451261017489555457
1450807334008246277
1452963009568063488
1445651379574370315
1445788081169190924
1448002495398260737
1453797431183876097
1450809771133636608
1450523761640357892
1450532121643212805
1453521957866061824
1450020367964192770
1451921499447775236
1450531862376484878
1445265876735995907
1450821535829307393
1446785030139875334
1445436458031067149
1445355683071893507
1446061508652408832
1450269274770128896
1449118421912805377
1451910180531146763
1443889935837171727
1452409007054991362
1450780874035929094
1445687188788764672
1450039681698127876
1447447541386289152
1453739363733434380
1445419543476703233
1450515572693819394
1448536719817646082
1445651843590209536
1453781119300743174
1451254117469392898
1450850482168160256
1445694604246847495
1452642902019084293
1451397588956106755
1446027904933060609
1450954281977253888
1450788121130541059
1445696519915540482
1445679486092005376
1450071192438718468
1445336134033215489
1444191132418707457
1453237487845969928
1448301346592104451
1452333447142334477
1451976984058281991
1453310029470240768
1452072842011586566
1450089037314859008
1451936733050851335
1445713376382898189
1451939483662888965
1451632988035375109
1443965956405989382
1450720909011075074
1451281009841000456
1451921954655588357
1452290314530697217
1445241627082121221
1447685318006685699
1450138941194129412
1451460159767728131
1444704580315533317
1450064740881940488
1452066705405005828
1450732011145023491
1450718917731684355
1451938122791591936
1443989342049943553
1448727152719908876
1446412943655067661
1452206678137520136
1446531579942158340
1446091167762894851
1445996434243866624
1451449831571009550
1453093617183215631
1445126278361894921
1453094373709733892
1444243479161458688
1448656764434468875
1449089073407303683
1445802445951709184
1447714931990749188
1451972807752130560
1446474031708921858
1453247460386684932
1450135950793773058
1449353705774624769
1446031993003728897
1448660713224880143
1443921658654433289
1445683322529607689
1454574532728139779
1450915184730681346
1445702706102870022
1452568151514828805
1446111515287834636
1451306333676916744
1449010361504604160
1444066405511467013
1452915265344315396
1443890965576617985
1451963278930890756
1444059433370374148
1453796350290808838
1449842906215374848
1450844858588057600
1446025411851345920
1450956497790423044
1450457040325840904
1446862970999431174
1452697835208589317
1448710629645242380
1451069811199561728
1444024328329342978
1443987808339832833
1445423057221337099
1453614535898812416
1449666470955388930
1445690016223535119
1443990593898700801
1454034254090969092
1450056897864867848
1447133319431401480
1451443528589062160
1447319652611379202
1443919555223560194
1451849882541645824
1452541822929092611
1450059437188784128
1452269514377289742
1449121459125866503
1445648885313982476
1452500794549354496
1444478105771458571
1452741822019784713
1452517512608980995
1450575926471823363
1450816105388384269
1445879833553158145
1446033718041268225
1450544066932977667
1448378266973310978
1445637809151172611
1446069394975731715
1451664166595534848
1450739351265161218
1451840770747555846
1452123973337104388
1443983738074013703
1452334663662456834
1450057957367062540
1451918993317670917
1444286218208960512
1444699639219904522
1453318211320045570
1454138582843760647
1445682621275594752
1450812485511036932
1443965499063382018
1446479621550186509
1448751990679474177
1443943908262690853
1453796173198725136
1446090825574883331
1453135706436612097
1446237185460604932
1452383415626502151
1445636295909273605
1452999365891665922
1451260771392970753
1446167496562720778
1447912660553682944
1450023583330283526
1450114784238649344
1446804492406636544
1451457267115638785
1452670177246695424
1450069596866846723
1449688071830654977
1443903034057281540
1443979150163943455
1449847134023467009
1445276039282823169
1446349884748148745
1445778153255829515
1454806781058850838
1454140169909587976
1451298378571202564
1444020026646933512
1450029423743410180
1446585192815243265
1450538723226132484
1450134914096148511
1454034066370662404
1450523780208603140
1443993584152289284
1453053039846346760
1451631331520262145
1450828830093058048
1450835670306525186
1445775557803741184
1450836525688754176
1443972874503606281
1445930323397816321
1450045782325964803
1444003177515335681
1450797874334294020
1443974275816468489
1450793856610537472
1450746453996052481
1451937022768189451
1443994741314658304
1453882515291258882
1444665399870644224
1450049409920679937
1445117271391756291
1445682642133737472
1445636775502700544
1448660503715143692
1448655129910001669
1449339344154660865
1443983557911879725
1450507275664297985
1449684904111968256
1446226687524540417
1446568497945923590
1454211470070321154
1443920344767733773
1450636482453065730
1450794797669683205
1450038140824129539
1451217611220471808
1451448541365297152
1452493545856720900
1450843211522580489
1448400544440127488
1452342868807503882
1450945077610700805
1447236072790953989
1443938729660493825
1451921729366986753
1451943586153570306
1446186057381318657
1452233625664200705
1446230349621735428
1445476181977927690
1451959356698894338
1452498489485766659
1452291932177281029
1445292174929707008
1445632941204275202
1452700209125990414
1449634491706875906
1452402019835260940
1452381816250380290
1450529630155325440
1445288765736505344
1451077623938011137
1450503338429124612
1450757887085752321
1447269368438665219
1451505184660725762
1445282374607122434
1446466005493026817
1447156669394432003
1450082440744247296
1452650535061004297
1451577380032716819
1451838740175917059
1450051309848219652
1449893230515007497
1450228884134313985
1448678507480031236
1445731849666445313
1446656425443405826
1454125677121318913
1452223575985958921
1452507747942125568
1450073949342257161
1453738977245024260
1452380701622427655
1443861829684547586
1443865763970891778
1446083664933163011
1450870301827518464
1453741277497991169
1450046604375957504
1446225492525387784
1443904543134158849
1450134292210794501
1448997951875989526
1451266667493867521
1446158135467642885
1446630839001956356
1445534053831036934
1445136491018170377
1444016445126553602
1445817209671065603
1451923538508664834
1445680040373485570
1447907389332549632
1446144802106580997
1450083002386685960
1446586645231378433
1445653415774679040
1446470699896410130
1444081497238028290
1452921552392146945
1452382714741628938
1452331297649606662
1443973435412164619
1453779111944523795
1451537226182107138
1450535595374268420
1453313325731876864
1445717173628928000
1445673661436858379
1453439141690105864
1452586512357462018
1450809973479550985
1448690057527713792
1444561794564075524
1450012386996494337
1445190553373708288
1444247754151276547
1444285263279230979
1446740923690401793
1450739606194884609
1446027690524434435
1445653790711943168
1444767264499249155
1447968627999784974
1453404311850004482
1452267632107872263
1450047530423758852
1443978723728973828
1452674877798952970
1444453039893532674
1450058858727198720
1445847712063164419
1445267759634558977
1445263516668207104
1446091680772464643
1453628425961365510
1451272878155042821
1448399578022223872
1444017863489110018
1451683634021289985
1445777140176154637
1447133875424174080
1450586985014480902
1445293669091840001
1452999710692814857
1451942833707966465
1450735174048747522
1444051179978305542
1453799243454484485
1445486810134634496
1446291439520993281
1450521955279556615
1453376639711125508
1445689759951560710
1452659882474229766
1454369744199593984
1450048684729815043
1452885988737433604
1452836881834524674
1450758904972029973
1450019013803786241
1446597968518426629
1451974938991251457
1450580826031263747
1450753026956963840
1450583135255736334
1444021857464856585
1453238811828396034
1444625665190502400
1451290519515156485
1446201507494379525
1450892823872655361
1451401321949638658
1447127532810252290
1444009930755805187
1445861105419501573
1448687441985085445
1443890108910931995
1452983043367522312
1444224399364796416
1446304163873402907
1443912943758942227
1446447080952762369
1452378932867645452
1447366056713015296
1450057595465736195
1444004560255782951
1452911319129149442
1445987254703427584
1450050864069107714
1443959271457267724
1451976227149991937
1445757782263623702
1445688168431308803
1450772952891510796
1451821905628045312
1445631120758870022
1452527105707741191
1453286600650145800
1448415753028395011
1453799575731515394
1445133591445397511
1450094450311671810
1448358569397702657
1454175367321821188
1448980430783397891
1450725253790019588
1446172273581363207
1450742372904669185
1445643522242015235
1451204001014370304
1447903728288342026
1445632647640674309
1453429333935202308
1445131990764855311
1443962493785853955
1448336235584499723
1446574212752285697
1443781300008235008
1446132086570635264
1445315162471378949
1445642155024781322
1453746030927912961
1447488265087504385
1448967120495255562
1443864963588804637
1452499042278297601
1452332849462382594
1445778138542211077
1452213408028311558
1445677431940018177
1452331297729302543
1446336435263524870
1447155318694219776
1445752703418712066
1450859078977265667
1453552689913077763
1449676233541832712
1445384935305580552
1450608428976640000
1445634273520889856
1443973123787919361
1448866839073861633
1453675696853700618
1445280354114408451
1444402361527644167
1446112091539009539
1450554825662423047
1453462327567818763
1450591215980879874
1446569207882305541
1445644151119400960
1451839748369231873
1444222659865325570
1445656092881473536
1450037118663905285
1448659401934393357
1451401348403109888
1446173008201138180
1449781801841483776
1451251625964810246
1451628130070839305
1452556443039719427
1451260419532808195
1445760892251959312
1445636614844076044
1445750551241641994
1445698013737881606
1452910793989804036
1452901548384833537
1444051364385071110
1453247419894931463
1450497081618075662
1445765365435228165
1445659073639186439
1448714715878891524
1451344778029842432
1451098334010265606
1445377622414856192
1453803115640131585
1445785545817280515
1448363518751870979
1445287283784097792
1446284028764725252
1453670689328750595
1451318358264188930
1443971199361499142
1446115767984951307
1450553890437582855
1444248521796841480
1445682565109649408
1444001776647168000
1445082422559875074
1446106881680871430
1453286485680173060
1450859276734504960
1443853716831064064
1453250519288406019
1450877728820011013
1443964623699521541
1454065719633752064
1450570917877329931
1453631540139892737
1453406270657028096
1448330486510768129
1445313743227953158
1452569499622912001
1452590953362042880
1450888900080177152
1446074535204229122
1452373738239008768
1452310917841133574
1449043778262741001
1443862903325708295
1452580917596262406
1447128639385001989
1446113683180949508
1453020624146866178
1444931747582513154
1450980149982281728
1445692215750127628
1445132732099698695
1446648272899219457
1451641393340878854
1451633407167959044
1443885288766443525
1451481897566146567
1446566433266315266
1450825631726403596
1448044159479255047
1444141632513794051
1451482526745341952
1446445550639931394
1451632587915546633
1445372431309344772
1445643080585998337
1450519959617122309
1447548413793406981
1443861253601079296
1446775388135362560
1450560293990539266
1449000536527806467
1450093689183817729
1451635801033478149
1452756464477556750
1452624751894093825
1445633090315980803
1448236395462594562
1443987534632083469
1451046856528642048
1448253331714056197
1446022652448100357
1445634311122665473
1447092626172391424
1444015187951030304
1445649438270054407
1445711038138118145
1449188035946496002
1451216549214363653
1450750421522395140
1445647377696575488
1448366812132003841
1452957573607477251
1453255508253724683
1450818322115842048
1448040502914396168
1446256844322840579
1452074422706311168
1451281791411687428
1450823832294600712
1449786091502977024
1445658872220323842
1445386266879606795
1449277655807889410
1447153680311070733
1446513473521917955
1446090665222451203
1452382392212246528
1450543818848280578
1444019026166960136
1447682634902036484
1449705050113204227
1450063651331846153
1444049481398374401
1446239951440461835
1450735636063866882
1444023244697313285
1445725169310474241
1445852915806007309
1448288171918249989
1445636123196227587
1452995301225156613
1449669739454902272
1445999542504206338
1452651002507706378
1444431024969109510
1450922491497570306
1450742576156446720
1452309676222291987
1445684223214428160
1445638965688614916
1447269516430430210
1447361070851633155
1444114619556155395
1454586470690394114
1450740229921546240
1451103491330543616
1445787502153973761
1445725520516222976
1452967535083761673
1446095239022882816
1453075132872806407
1445784974116982785
1451528745106411523
1448253397522690048
1445244816799977475
1450033026906329090
1451936512040386565
1452900035897790464
1447834425845170180
1451539376681496577
1450054050083389444
1449281503310057472
1447043996564348930
1447645945471057926
1446699917846597635
1445819954985635841
1448265832782565381
1451632927884947459
1451457890464768000
1444048928924708875
1451458179137785870
1449683193083449349
1450138073979830278
1453574845908856835
1445378193893077008
1451929316229533701
1450561249822101504
1450711704610934786
1451087891388633091
1453755104667082753
1446508304616894466
1445938984350322691
1445986839635054594
1453334895455924233
1449666287521734656
1445650586418888710
1444223112812408832
1452373238617710597
1453382746097819656
1448357932169633796
1445830964299505664
1451831160343080966
1447298259471544329
1445680668046860289
1444034590092505092
1444601671536062464
1451939210001358852
1445851132354605058
1454366002716807172
1453479082700808195
1452660859646496768
1452845326344212480
1443783744540774400
1445660677226459136
1443949765935382546
1447548470865371140
1452696910926651395
1451298154100498436
1449669623817904139
1450364505490329602
1452285682571960323
1451274059216474118
1452535373733797892
1445032060540932103
1452902546692087820
1445656441977655299
1444199116066729987
1449866765891158016
1451958554143907841
1445638946851995655
1445820213702926336
1453628649572339717
1448414960061669377
1445705751125659651
1450797783083012116
1445660122219384834
1450787581847908355
1446419331508850688
1448381855036739592
1445826309393817608
1447601094243278852
1447307313170223118
1450085397921505286
1445297138200715267
1451270015915855872
1451709877466898439
1450755979751174145
1450486866793439240
1445634551510810624
1451953883098583043
1454830062046482440
1452529589113266176
1445697223140937730
1446403668178264071
1448539273167245314
1446622863079976964
1453751194288017410
1444029934758989831
1445012150167248896
1444277027524288514
1450757320187727878
1450513712796819464
1453878184584392704
1445656730684194825
1450342590348464128
1450054646295302148
1446309365884100608
1444287911772442626
1445289969191460868
1445183301271134208
1445638584048885762
1444194668472897536
1445762490533507082
1443947142746419205
1452020182663278596
1449670310354202624
1448401622485422080
1452379506371698699
1446581404842840065
1445854693721133057
1450791358118125572
1447809448249004033
1453795953610133530
1445314230736019459
1448651902858657797
1450142064453226498
1444026119808770048
1446246454494912517
1448330046956048392
1445694106760450053
1445364779955236867
1448850577589481512
1449183168024780802
1449959337737211905
1444295382561820679
1443959959646085126
1448350600366788609
1450202201767432205
1446426281034371079
1451917152538316809
1451967293471313925
1450526825487163397
1448247235343491076
1445168813205606410
1447561739114057730
1453617180357054465
1448799221218529280
1446926800240644096
1447454430169796610
1451291891522211842
1453083654629072899
1447863901731889157
1453814462755090432
1445825917683597317
1451259312353988611
1444431463643066370
1450891480231563273
1445792537168470020
1451050208503246850
1443964207033196571
1452577439926951938
1451335003380633604
1446572745433751554
1451308901878702081
1451970774160613380
1445782547426791436
1448339417383460871
1445728954204114957
1445652319597596674
1452572700673781762
1452404443350278145
1445702615266828300
1445134463944511492
1445718528686841865
1445676302833385475
1445156074978480134
1444152862242754564
1450819658827902979
1443974977850646531
1446023872520802307
1449777971305357320
1445863285027323904
1453748207893291015
1450557445806379008
1451959878696808458
1445661599021211653
1451829996859891713
1451453979100078080
1451918598138736645
1453318382749691904
1446224313535844352
1453312084637327361
1450871517953277961
1443995575360409607
1448971163753979944
1449696888119300096
1452784588485447684
1446575686345498634
1451992575590686724
1444172629850693634
1450738879410098177
1451289502266413061
1452653619627663367
1445491055328067584
1449154761714974720
1450059406599757824
1446474464678621185
1450118101790511105
1452009082509012997
1445782355398905872
1450125832752611330
1450864330480787457
1449635347411918849
1444355346970169345
1451938554452627457
1450019925612023811
1450121682258219013
1452600471521316866
1451827444462333952
1452374908575657984
1453648936548421633
1445734295126040593
1444415767672500225
1444059937131356164
1445901052507721730
1450738847755735041
1445678438367432720
1445089402221441032
1452882811959054336
1444201023996891136
1450778281855361028
1446093374621093894
1452018844738936835
1445633777472917507
1445760083221041152
1445816312173785092
1453103856506834945
1450827430168498176
1448401225775558664
1453640148063854597
1447903793752920071
1445694401523511312
1449062462477713423
1450049842156380167
1450533471412277251
1448403250970087428
1451635892238622725
1451300748726317058
1450511426943078402
1447657416728924166
1443765923006107648
1444000959068311569
1447441023450365952
1451531129836687361
1451458307038892048
1450545866926968833
1444421473909813250
1447865255321874434
1453973981623554049
1453104924775038976
1451464637359210499
1453844113544171520
1453716277298700290
1446095499749113861
1450732808054448138
1451950677861838855
1445763927447465988
1448375191680266241
1451936952438165509
1453729516627525637
1449350641760063488
1444023746621284357
1453104959583629319
1445664823124000772
1452537464288120833
1445900333952077824
1445372158742605831
1452393764002091011
1451865553686118403
1448360768676761606
1450863036231786505
1447138387320885248
1448043874056876032
1448885664804659205
1453425709272256518
1447233551661944840
1450848557733490695
1450775098470936576
1446559254413037568
1444586660562341889
1445248785232404481
1445727439456374785
1453166136191750148
1451836506218319877
1448708277936721925
1450213266764992517
1452172138589442048
1445885738915188736
1445858428883292163
1453571748062851073
1450746507389542402
1445482957087682561
1445172253466009601
1450539421393117190
1451055073140875266
1450487530089066498
1449127516006981634
1445330842411274241
1445499262469505027
1444058212098093056
1444200318233939968
1452293839419584520
1450029222412656644
1450746351940218881
1452847455125471237
1450531985898844161
1449722984009175045
1452531798441877509
1445702439227703299
1448321451967328264
1447995324425981957
1450809638123884551
1451079610238709760
1446105114285010944
1449024766111887360
1454698472070946820
1450823263647567879
1450718265605558274
1450179872618340357
1452045114679992324
1452385290048376833
1445707028261838863
1445637659422986245
1445713348679671810
1451937406836518925
1450614597497626627
1445766088931770388
1443974527986409513
1450690412616822786
1452886211186630659
1449336811352903680
1448689160253054981
1453561326664626177
1448108354904203266
1450782339513135107
1445635029237833739
1451414782951706655
1445717915215351825
1450411058993287168
1446082031797084160
1447248577860972545
1446465137355919381
1446555275671048192
1450877245392834560
1451987429657829382
1443877511600001057
1450034565360271360
1446599437191634949
1450071528356319240
1446121412083675140
1453501861642731520
1450812463671353348
1450807594096992266
1446071832356999174
1451256852965101569
1453341724873527305
1449674597243232256
1451291014442930177
1453240618923216907
1444142323642900480
1448654683619221515
1446115033079955456
1450036869648076808
1450737662990639104
1451937532476727299
1445799362060292099
1450291561707683840
1451849215567609856
1451921053039607813
1446045515255255040
1451938175241408512
1448694047149862913
1450752056046899201
1452112149707325443
1450172218131075076
1445171246820466688
1444032109908140032
1452253649263112196
1450779095294529555
1450249681523691523
1451199933185290240
1450555259781324801
1453734419819159563
1443876340764233729
1445688269732155393
1443975504214827009
1451995042562859008
1450684296830853122
1446332766791028757
1450532420202151939
1453906070389149705
1450698455802855429
1450919733545644037
1446435376604893189
1449823050803843078
1450338598801268738
1448361772193361921
1444000150549106708
1445672795640242183
1444224771047272451
1449680947520196612
1448387390528163848
1452536213466923011
1449758608820944903
1445741826741211151
1446224804214870017
1445266281666686977
1445644851396026381
1450098049565532162
1448335067038818304
1453325265342537729
1450062550985592832
1445182866678329344
1451460844664107012
1451920173355749382
1443766513987723271
1445114275807256590
1452602239042965505
1448651980105080855
1450075484277051392
1445731847678332935
1444444866415562753
1453814921213489156
1445127609424228353
1446735307026706437
1451093948257251333
1451650255854911488
1453573393022951424
1450543060476174344
1450586673746677766
1450911829480419331
1452303578979311628
1451845783444238337
1450050448681996293
1450508525650710533
1451281202258841601
1450499613182599179
1443977992364073007
1452152420256174080
1453710749252177930
1445638071924318208
1446227702193790978
1443985273675816990
1449163214835572739
1446864451508977664
1454673207399751683
1448373230293630976
1448330243757027328
1452679263275130883
1445774205056782350
1443979668810616840
1452586387098722307
1450541637445332995
1453434163613294596
1450533633534668807
1449682858449178625
1449789479020109826
1445854449424117769
1452331224773562371
1450106957239660551
1452387583779119108
1453438408563597314
1451257043093008390
1453851996046364672
1446032107374104581
1450053215333007363
1447851543659638784
1449188116426723333
1448666625058775043
1445652237473116162
1447140543985823747
1453747002966163466
1444608058508861446
1445821221996843011
1446242089000386563
1453077595881361415
1450516862257745926
1451505991623794688
1450813351693520899
1452538536775847936
1451941631725293569
1451468082795335689
1448739185335148547
1444002967263272960
1447207637234356227
1445646113051013128
1451936822817431556
1444428487280967680
1450844080028758027
1448658137683152907
1449094000850313216
1448658170151194643
1447543842123681793
1450819542947667971
1450780232890322957
1449677979756335106
1450889431024611339
1449162493775908872
1445788927600705547
1445252278580043782
1452099251618598916
1452597724965130248
1451522192701853698
1450885167753596932
1448399710302130180
1450538726040428545
1445235920978972672
1449834018493513728
1443987847745245184
1453221202940633094
1452377841841147907
1450499925926559754
1453101610431827970
1445640394339880965
1443948213254373410
1450857483380068355
1454491236333768706
1452814085901389827
1452981101052444677
1443733337550508033
1444042526823002115
1450015635447091200
1447218502969045001
1446123916439678989
1443855040125542405
1448680636559015938
1446571378027737090
1450119624285163528
1448416385957249030
1443865494751154176
1444042679482978306
1452906028996206592
1445094911171309576
1445419472437776385
1444426748461002752
1450108792377597953
1452229702110916609
1444247954873856000
1450073684836818944
1450049692587409412
1452376506508918787
1445413261382459396
1449307077818658817
1445637068172894208
1446040415220686854
1452790803055583238
1445698735439159298
1450794684180320267
1449100547257212931
1447658597471588358
1443934855537037319
1453472672399101957
1445637462294863876
1444030130557444101
1452381194365149191
1454007488848744453
1450862051140816903
1448595278731284481
1444355954749755392
1449353936809385989
1450037903971737602
1448597336628895747
1450064360035033096
1446565032427462656
1451966147033698313
1453766817340665856
1450510765765574656
1445778303126622214
1451558638275936278
1452293658829594631
1445490405705850888
1450794604563996679
1445653420216516608
1448669814113906697
1445477179941294083
1445227079612698628
1453733364528156681
1450832725620006914
1445321694596509698
1447597614690709505
1445646739990482944
1450099577995022343
1446430011762921487
1446552029426552871
1453074593548275718
1450741391391293440
1446482210668826625
1445107892491857933
1452737212114739207
1445646443834871817
1450097845781073926
1454821992050405377
1445633558001774604
1446408099330416640
1445644484763545613
1450790763697250307
1446071252242862090
1444250621163495424
1445714967450226689
1445636575296036864
1451859345713545218
1446854523285344259
1445806388089954306
1445500291130933250
1450781739408842759
1445731794087723009
1453472562533609475
1451216940853350406
1452536692045385735
1448432674478112768
1450737762999619588
1453991337062191108
1445834313375825921
1446102374892904449
1447124511439081473
1452292069620387866
1450529884170764291
1445725301569433601
1445723428913172488
1445638932897538054
1445127594857443332
1447453407871225862
1444069895222747142
1451677016743424002
1450056114163302405
1450526062983720969
1445649271370313729
1451477757867839492
1450902395521802242
1452538059778633733
1450518413978349571
1449973107016482816
1445363686139441162
1445641853429157890
1450137657292505089
1448357157955674119
1445638051389083648
1444402850650546178
1453527545689911302
1453548604904251395
1444285110648516611
1448887534348558382
1445682737973641216
1450844613795844103
1450981877934870531
1450747253820313602
1451920344906813441
1450830536000299017
1452931994959204359
1443914292303175695
1453101353753055238
1447118286471237641
1453857114456199169
1451951098449874944
1452376695143637005
1451955903431946244
1451193468643012614
1450745644889657352
1445649267113148422
1444055176596369414
1449675588718010373
1450738712984240134
1452415237408362496
1453717253468401667
1444673229315100673
1445413979963203585
1450068938566606855
1445693534149828618
1446502480293019649
1445375013599817730
1447211581767622658
1453778685102862337
1449684711467520003
1445463107443200000
1450780552274063364
1445634039029776390
1445638471519858691
1451473679355875330
1452260338716618758
1447537537069764611
1444741704045694982
1444386575551508485
1453821170076291074
1444000067166347266
1444261306694086656
1445659199636008986
1445311292194136073
1446722004124590081
1444015572497412096
1452315415200387080
1452733215102455820
1450014249888231433
1450806242650333194
1451935292152336384
1444672851370520579
1445814271091355648
1454459861891272711
1446176642976600066
1452313184119963658
1445634141777629192
1452295620824346627
1443993969713680390
1445307308142170121
1451989524213649409
1443908915427790848
1451917818312728591
1450527494319312896
1452366216740360198
1448356913427755008
1452680234721939456
1450093117605097476
1451267007953920000
1450743634454880262
1446068040567775245
1450937659602440198
1450802872375992322
1444058298991382529
1445648019282489350
1445400689480544256
1446265406931546112
1449163580599717888
1451436355825905683
1450570103750266881
1452539420033404937
1450570636821139463
1447447602950254594
1446166969598816259
1445290832429568002
1449107316658298880
1445811490880057347
1448284294212984834
1452077138488795139
1453371400018960393
1450810761912201223
1447128154775109635
1446024028892893185
1445998159784730625
1445633053963943947
1446061176358674433
1446018025501626370
1452230791992430594
1454034843403235328
1451917936696901633
1450688647829852162
1448662285656866820
1450544774231076887
1445729733359149058
1452539917406543873
1450820805538025478
1454862299777413123
1445706751735521289
1446091396725755907
1454938642091106304
1454296754401153027
1450717099605860352
1448733446612955137
1453748255884333063
1444412125275897857
1446413840187547683
1447212116633661440
1447822258068758528
1451194299794657296
1452969040717225987
1452570220283969538
1452391546381377536
1446423562848456704
1450545145255010308
1450555797147115526
1445128916348383234
1443991784921649156
1450088071530221571
1445883646712291331
1446032197950054402
1453271709251952648
1445132147501764615
1444064961635000327
1451919650628018183
1451782267370627076
1450712579022721025
1453163774425239560
1450547523567947778
1450559547039490049
1445650432592728074
1445728469200117761
1451841166090117121
1451656715540250624
1446569751346614272
1451287620575801354
1451158574411943943
1444686140460748801
1454908826205949953
1445818022158024705
1445908705636147200
1450014981907488780
1451247514913546245
1450792996971159562
1451950994166779915
1451328819470667778
1450824269525618688
1451885643852881922
1450921836880048133
1443885976611340299
1450107751175163907
1450554392629874691
1450993531087110148
1445695190744776704
1446182068145303557
1449668052627431428
1445848291594276866
1447192296454242310
1447424936499417088
1454872092516700167
1451105899087532037
1445734444581543939
1443937289927802905
1444021708478894085
1446534455510843397
1450731248696053764
1450857910016352259
1445829684458053633
1453079838772928518
1445633473193005062
1450055231715299331
1444053719943942148
1450079286292058116
1445641491901140994
1450751048914804737
1451930764359122944
1447191804722524171
1450759333470474241
1453715230190542852
1454056239420293129
1450056080172752900
1443895171167424544
1445666119369383939
1453638125050269698
1450060765470265345
1446490676527570969
1451653858812432390
1443934914072690704
1446549972288253955
1454020120670621700
1444078631320375296
1451917920578195464
1451250615439536133
1448690674942025732
1443985679332122634
1443974798539956231
1452374999940177937
1450403721515524100
1453435650578042886
1452379346811883526
1447307132844580876
1446596608683020290
1445315941550678016
1444047889135775745
1450858388578045957
1444421022409764868
1445878087162515459
1449833529039376385
1446025786629165056
1446584522968080392
1445698266851524609
1450828656205602821
1445650659194257417
1454748325987721216
1452410951857213443
1451839353840455683
1450060442097827842
1450801764161183745
1453438033047523331
1448415415470804998
1452380987254616071
1450641119226863617
1446885010720579587
1450892543391145989
1444001323158945796
1445835603950678023
1451944671316426752
1446434638914887686
1445129047693012997
1450043606765645825
1446767812022882306
1446075710129549315
1453742021009678344
1448349888073420805
1451462352780644379
1451667292115415045
1451939913776128006
1450327283357605893
1448227339888955396
1447120349607440384
1454093451981692928
1450735439929921541
1443979727400804355
1448429206296305664
1450055440377724928
1449012820532731905
1448655613609664513
1448358269936881664
1452704511630446593
1450534293822918660
1448913300297764864
1446504884287778817
1452080116884852745
1449170123768668163
1446144396618043397
1445356229463773191
1451922405971173387
1445292913500504070
1453113480240893963
1451675443313131521
1450757791975608320
1445471226168688647
1443946749329039360
1452027208327958533
1444567547290992640
1454863386127355906
1451220010827931656
1450596452535767042
1446005788695306240
1445816327176921092
1445825545988628489
1444001048255991825
1445796627042557952
1445483880702570504
1445744082400120842
1453798471379660800
1450093117651161097
1446258989159698433
1450918259725946885
1448377413218541569
1445384762592567305
1444188053808025603
1445647339289415685
1445677088636162055
1444228805304983557
1450831024573796354
1452889904879439874
1452377775009148931
1443855109302128640
1447527604009979905
1450743455504900096
1446556707400847364
1450994453351706627
1447277253713403909
1448289838797578250
1451045776738639875
1448383363136593928
1450767910771859457
1450043727397916675
1447200469382750212
1446668467906744323
1450752504808022019
1451917782833156101
1446167093850906628
1444943895528419329
1453538063532101639
1450547776111132673
1450781217880674308
1450845348499447811
1446056497956462594
1446874118029205514
1444054978277089280
1450805473809215488
1445700124894580736
1446016766380056578
1450057293438066693
1448433540220194822
1451920079663378433
1451960506303094795
1452303454844633093
1447143891669602306
1448658402129825793
1446560709496737836
1447527819395874817
1452290078601064448
1449744878657806339
1450828542367916036
1452864143615217666
1452572758500651010
1453355983544197122
1448340761217470469
1450511697614151686
1445722076644474883
1446003778965155848
1454197186321952780
1453716507746344963
1450510510626119692
1450021596589068288
1454755699125280768
1451503606004322342
1445788717214363660
1453017747240202251
1453757687959855108
1450511997318139904
1450826974000201737
1451940822270816257
1443988135986204673
1445655301978419217
1444177126865911809
1453754994210004997
1448641318662676480
1446553642505486336
1452895005207584770
1445269044786081795
1444021035368685568
1451981091506638855
1451938552904835074
1451186807236825091
1452675929470275591
1446703333687791616
1445732886192312320
1444047792318595077
1451081023954067458
1445129722749407232
1449678192655183874
1451527715903971343
1452564113712951300
1444211805094621186
1450830269733298177
1451311176168652806
1450498957310926853
1450812804622127108
1445783873833476109
1449826192639545346
1450585406802743306
1449166883098333184
1449355409492488195
1449719900365279232
1445328496293785604
1454900671975657478
1446284731134382084
1445643098537664517
1452702627251240972
1449821490757742596
1451492185774432256
1443922960427982864
1445783621730803712
1444389201630355465
1447226595643645953
1450939555088060426
1444067662158565385
1451194634193887248
1448945082862800915
1451443457818570781
1446481907194208260
1450785651717181440
1443924313481039872
1450821391104753670
1445708946191228934
1445632834241110022
1450509826639945728
1450839050999504897
1450353091870699523
1448296320838602756
1445908263627677697
1445144977168900097
1452540086659203072
1453404340803317765
1447467379521429508
1445749720832372737
1444020887687159818
1448678917901017088
1451431532883808258
1448411996899131392
1449709484318892036
1450567199954022403
1449667449620680708
1450540832063475716
1452324116338561026
1445763704050491403
1444092589779603461
1450786124176281612
1446197877957611520
1451651774222381056
1453360708968763393
1451898069759537156
1446131887009718272
1446926900035792896
1451938076905857032
1448791776299569153
1444225982882254851
1450011645716140033
1445155327264104455
1452313698073260036
1447214814170947586
1450791431937855497
1445094579808751619
1453865766604922884
1450512314042626058
1450831931935846400
1445675617593151491
1450751500339355654
1450533340239568899
1443989413290258436
1450015898694209538
1445006538259697668
1443990309747183624
1451931604469760002
1447309145934340111
1452518623004827652
1448934743689531396
1451927352003506176
1451944255656808456
1451614297679925270
1446111429233283084
1451936956494061569
1445431687635161093
1445823228807626752
1448400785109303298
1445715582762905603
1451933303569801227
1450738871944294400
1449867826165129229
1445171799516450821
1444433930275508224
1445728101707632652
1452386349143797764
1451715877934669826
1451447785874731019
1451612509992063001
1453727429877325825
1448249011505352705
1446051268586258437
1445765365934350346
1448896832520736770
1452182366676557827
1447692773621108739
1451248394182307841
1445266132915601408
1444412294176276487
1445646567063519233
1445336909815894017
1445634290738360322
1450741652486774786
1445724433642033162
1443911301164589058
1446014966000193537
1446919324141228035
1445793027440529414
1449670982709428225
1451923996350554115
1445379899276075013
1452540832180064257
1451804561866362885
1450052870372462593
1448786471259885569
1444222542978428932
1445640881743089671
1454433068895424522
1445763251321507845
1443896112612511776
1453778176396734466
1451553836045320206
1452522440744177669
1452287563285282832
1444173485044011009
1445828305110720514
1444003438745030668
1445682816528781322
1443939251318673413
1445424828509564930
1451947834673041417
1446068566256726022
1445868812545380354
1450176815394398210
1445656772992122880
1453449638573391882
1444231182976176131
1446223412414791685
1450074265655648259
1447224297722896396
1444409387120988160
1448392296794316802
1450830411882434565
1447450931696709632
1450076455904350212
1450478105798266886
1449766324796809216
1445135182823047174
1448698521532649489
1445702564838658052
1451467993662230529
1450070616560836621
1445302100448235522
1444280330610003968
1452594262739148803
1449020341091766294
1444007550186360837
1444680071172734977
1445634316030013446
1444018993027760135
1450048212623138818
1445101385805144068
1447769757382426628
1445761974357331968
1452366293844307970
1444429665020563457
1443752322455195650
1452422960904560642
1450395058952458243
1446209764917223426
1453646096547385347
1446261487685750790
1450055784440778754
1450733130818723840
1450747392974753797
1450512345843871758
1445325376620834816
1451922431678062608
1450837580967198721
1448521061256028165
1451920650420080641
1450811573874872320
1451280359799283718
1445729080469458954
1448334360625745920
1448724071999496193
1450577329441357827
1445582578384203784
1450563575127412742
