1242771884321767429
1237536183816556544
1236561021462085632
1234961982673051649
1234943572782264320
1237039850416676864
1235338841269170177
1234547997171748864
1241365866593366016
1234947845901430789
1236807093765758976
1242103685271957506
1241508425034616844
1235987666476335104
1235205847317442560
1241440508096000002
1235110680686018562
1241416510008184832
1235204176918925314
1240171658092130304
1235145739212410880
1234945742420217856
1235637565446709248
1235340459922395137
1235171501327953921
1241405850444533760
1235546334721191936
1235120042213347328
1234975177663868928
1239491306424066048
1241305517873659908
1235311956292182025
1235155092346720256
1235170759028416512
1236709003314544640
1234956914582315008
1235011771271983105
1242521354412462082
1234952759163703297
1234583081660698625
1235322896173719553
1234450615587176451
1242011536576651265
1235316047567302656
1235151166855614465
1240944722505617408
1238170086613057536
1235129892255256577
1235589048866992131
1235004748316774406
1235684315163291648
1234952848745598977
1242776898922479616
1241532235943227398
1241390851105972225
1242086777164357632
1242099859173318673
1235089904482185217
1236766844767424522
1236811235045388288
1244973170916036608
1241361056615804928
1234980579336081408
1235097472399110144
1234971156949557248
1234945236306145282
1234825332454236161
1242130099132076033
1235018956890656768
1242106256640311297
1235141032079171586
1234553160800272392
1242006728138424320
1234581478316572677
1235533534061789186
1242126561165348869
1237668890320265216
1235125743081881600
1238782388517449730
1244972981438361602
1234779274663677954
1235320324658466822
1235573356658913280
1235527533891858433
1234942898531000320
1242227432268222468
1235558641559879686
1242127563381768193
1235319594895671296
1234895249912233985
1234227321432936450
1234220314915168256
1237182860806807553
1237775749777481729
1234988927208968195
1237146451886702592
1241435351903875073
1236055364145156102
1234229472787865605
1234076372605317121
1235317938636365824
1235562113520852994
1234947738460205056
1242855858284957700
1235192007162826752
1237074013727248386
1235541023775952896
1235020420916695041
1242958865035153408
1235531831015022592
1237104649842372611
1235183494021734401
1241493355915329538
1239563737196974083
1241456505074958338
1237506535699304448
1235325500999991298
1242018605291749376
1235532455299428359
1234990044303126529
1235101116817268739
1235546070735863809
1237671209782951937
1235153493478043649
1235526096772194310
1242025817758208003
1235995264785227779
1234944273583411200
1242088004405137411
1236617770646802432
1241558024017321985
1235251757028167681
1235579563981393920
1235023230085107712
1242060376973475846
1235452835954929664
1235151019945988097
1234832341018824706
1235152068991688705
1234544316787412993
1235132285948743680
1235174350267060224
1235858008048988161
1235144874481119233
1235810097692954629
1236641650115514369
1236198874454376449
1241737476449996800
1236617638278766592
1235597849741623296
1239563049641664513
1235521264300765185
1234078207722258432
1239891134559772673
1241986571412353024
1235610417986252802
1235317781895221250
1234594391253307392
1241456262199545860
1235139976100220929
1235419299940089857
1234971243834535936
1237797363789545472
1235032776786796544
1242088031148015618
1236659453908471808
1235195984755466241
1241476819976683520
1242041089923612674
1241323083090149377
1235141259351797760
1235200625731915776
1235172365518200833
1242103485853773824
1241341189355450375
1235157991005007872
1241452463728857088
1235852794986246145
1235108964716535808
1234856236878909441
1235299430443646976
1237036379885965314
1235979089602895875
1235250393480933381
1234991397100343296
1235261947291070465
1234627188516888577
1241702061273681922
1242115011083935744
1236035715831681024
1235311469136359426
1235120614639206402
1235979048368603136
1241644226535882752
1236780694715731970
1241436647348150272
1235303308585242626
1236742446673006598
1235130528581521411
1234916808471252992
1241668064749531137
1234703070136803330
1235173018810437632
1235125945591369729
1241459927157215232
1236757460280631296
1235976110958981121
1235322686139752450
1234591487297544197
1235163552287272966
1243474073667153920
1242062152229404673
1241379270192234496
1241376427427184640
1235200263398490113
1234856299969548295
1241530183594713095
1235455023552901121
1242546180103573506
1236578054547345408
1236705811755421697
1234826966341234690
1241797453243985922
1236410747334414336
1235289844349358080
1235645934114983936
1235158410297040897
1235123448369868800
1239597392074346497
1236043942296248320
1235080795179581440
1241449833292013568
1237488856200548362
1235179984358117376
1234835437610524672
1235534699277283328
1235122318398992385
1241406313181130752
1235101514022047746
1243914660631494662
1242318316502421505
1242105465460461568
1241424973291536391
1235564088807297024
1235473221903937536
1241706105211887617
1235177915492560896
1235114922142392320
1241398255994523649
1241578934074060800
1242854517202399236
1234951844402728962
1242040551236677633
1234972613333540864
1236348358559707138
1234874655586037761
1242741789007675394
1235148242473623555
1234839776219541509
1235601857973817345
1235107554415394818
1238231112754831361
1240602604847206403
1235994663863160833
1235686063831535616
1234629514094927873
1239536762910838784
1234560404753453056
1241324343445139456
1242002986164985864
1241429078944645122
1242061047814672386
1241012545718280198
1239979746894721026
1241643811484418051
1235625381371219969
1236617885793038337
1236630217755680773
1235482295626354689
1235258503784169473
1235140399905345537
1234963207741214722
1234954989635764227
1237042668074655744
1241667278481035264
1237826022332129281
1241346409489629184
1235236742279704577
1242098398335025155
1235469898320670724
1234545563200360448
1242860638944276481
1234946051615920130
1235140898066964480
1234949570787979265
1238043847936131072
1234967438044909570
1242131139579523076
1242103537271820291
1241522511612981248
1242116544974458880
1241442843748700160
1236062888936210432
1241470896784715776
1238925252362633219
1235727222352359425
1235141620732956673
1234969140978475008
1237045105711878153
1241368246722465793
1234981720031522816
1235180140843487232
1235485757357383682
1235178795398836224
1241660062743040001
1235146581810257921
1235116552741150720
1236658373912858626
1234651880946622466
1234916199378477058
1244621730842382338
1235568013581172742
1234927152207945733
1234819429155975170
1234942805866434567
1234207378972794880
1236413333814816774
1236756350622982144
1242087475763388416
1234946593050284034
1235142633749704704
1235300259074580480
1235559933837361153
1236675377088663552
1235308530556694528
1242102686306258946
1242084936129142784
1242060205065744384
1237521731406848001
1234960773446692864
1234546753392824320
1241426360972738561
1234958919975546881
1235237242710478850
1234984741905948672
1235183714897981440
1235605613490475008
1241407308997054465
1234948761278992385
1235536529801568256
1234989670313816064
1235566449214676993
1241326826183626752
1237143158900826112
1235539938432729089
1241408845710319621
1236603851890765825
1241439898277752832
1234555558642016259
1241415220532297737
1241425010495029251
1235317536541102081
1235327798002282496
1235081965084147712
1234065774354010117
1236784123160772608
1241429131751030784
1234943033776508928
1235137347718656000
1235125605504634880
1236579407516614656
1242149837602279426
1242103148463955972
1241405686774448129
1235099757774655490
1234973672122675200
1241341229088071680
1235150103003967488
1242130067867734017
1235221269978771461
1234961572931555330
1240816585000062983
1242094398663323648
1235179604077424642
1241383900724813824
1241362725403590665
1234210927983104000
1235164382474141697
1235138954816565248
1235668023211700224
1235327335051726848
1234972999599550465
1234927759987789824
1237657617431961600
1242264451778256897
1236634576086278144
1235376139364896770
1235119905265070081
1234991334533943302
1235525026801123330
1234789947959390209
1234976739765342209
1238279697202589702
1235119853163302912
1235542560027926528
1235531749020643329
1235325772455391232
1241561547694096384
1235306121478516738
1235124069546307584
1236236586385358848
1235878857628151808
1242095048201842692
1236733557160189955
1235171121390997504
1236714720087941122
1234945830106419201
1241484078559514636
1237075105206816769
1234135884276125696
1242106264773185539
1235541115136364554
1235320309445808128
1245074871585046529
1235581565561966593
1237834512916193282
1241442965874249728
1234954192160206851
1235575598799519744
1234947210372141058
1242045400493756416
1242125989603348480
1241331890310832128
1235531535631044609
1241646825628712962
1235003952355315712
1235317321792659463
1234873619907567616
1234579457303891975
1236318910875664385
1234980507399516160
1235215300754317312
1236640558594088961
1235531628010749952
1235121411812773888
1235201889622511616
1243764423149391873
1235167473890185220
1242119881182580738
1242104482009399298
1245039929148747776
1242155148035661824
1235862368506097665
1241341917373349894
1235271216312864768
1235120544758063104
1241392488499359744
1234581260225458176
1244743886083325959
1234984842627964928
1241344887045439489
1236416715917086721
1242059770711937025
1235163232337383424
1234869616427589632
1235916520485785606
1242004950235975683
1241992808250126336
1237090609657241600
1241340518371602438
1235586104432173056
1236349001290649600
1241489548116398081
1234771224317898752
1234944416659447808
1235066389162909696
1236603830378336257
1241308434382946304
1241458912341020672
1241794453033140224
1236740442366017536
1237101895082291202
1234951181874667526
1234943770245898241
1235353135826251776
1236211164100595712
1235315674760859649
1234967264757239808
1241404704942424064
1245101149079973891
1235552799837978625
1237483744430157824
1242002895584866304
1241465301864235008
1238745902384394240
1241404914858954753
1242102473545920512
1235147054474813442
1235339571359084544
1235208103580307456
1235162509855858688
1235249576132698112
1234916566812237826
1234770123241771010
1235316131365367809
1235158189953478657
1237660587083075584
1241429756274454529
1241588053338136576
1235087941866639360
1235561566503948290
1235993185928859654
1235139891639525377
1241363920008499200
1234990636203302913
1241446724469694464
1242094625785106433
1235547827062927363
1235200547524947968
1234994274837549056
1235194053068754944
1234984959258980352
1235316912986427393
1236645380034625537
1234945201132769280
1237085277329313792
1235962963720368129
1235330159949029378
1241996433223569408
1234964621049593857
1235120553041657856
1235196498507436034
1235184334451208192
1235657422879981568
1236691439201013760
1242759812884168706
1244980541054750726
1241312740754497537
1235533375454117888
1239335644528365575
1235633757757071361
1235542442897784832
1235078455399596032
1234977435269005319
1239593660897013760
1234906468568031233
1234579421216083968
1241361726676877314
1235523434114887682
1242021230754095106
1235150286311784449
1235558436978462721
1240974201663762432
1245025232701792256
1236009064372436992
1235478642248966144
1242103716116869122
1237372818465140736
1235461079313969152
1235246440034729985
1241424746983632896
1235671242499330049
1235123955188539393
1237739640276353027
1235107793407012866
1236748352781529090
1241429097290571781
1235528534875127808
1241401579393212418
1237076110132862977
1241402964222369798
1235168052125282305
1234957321396277248
1242106945785430016
1234816942885740544
1237183799030620161
1235139274892349440
1243475956494479360
1234918878217744384
1243211138424242176
1235120789394870273
1235187519962198018
1234254681129594881
1235146990041915393
1235120118226497536
1237474839901818880
1235142449053528064
1234981905906323457
1237149081287503872
1241444824877842433
1240109992939749377
1236685787003052033
1241344030077857793
1236282618863288322
1235138978833145856
1235536053395755010
1234947638191173633
1241984587317772288
1236631927827894272
1241855596527312899
1241407841514278922
1242097323326484480
1238470706230448129
1235975788106780673
1241973563894181888
1241644642376048641
1235161342417555456
1235547648213606401
1234953617800650754
1234928932287328256
1235226233887215620
1234973420506345473
1234948912101896192
1241395717266120712
1242019158788902912
1235637461146939392
1235286552961519618
1235262415325007872
1234896840442699783
1237798142877282308
1244616030888091648
1242114911360233474
1236621028958375936
1237136338438295552
1235155554651312128
1235329879572385793
1234976794626772993
1242016025413025793
1234772433716097024
1234561185439264770
1237797680262373378
1235232705069092865
1236998847676780544
1242521489838166016
1236001544723722241
1235312701909413890
1236700213601013761
1235123715664490496
1237048191985627136
1236708153762471938
1234953731789197312
1234986202052214784
1235135869985722368
1234859894223917056
1235034492647157761
1235169929546133504
1241435281544433670
1241444986245328902
1236749078320623616
1241430047019470848
1242047868988469249
1235666645026304009
1241450423590047746
1235834657020624903
1235670326765223936
1235322442459025408
1235248957909078017
1235819593936941056
1239241206640578560
1234946956386033664
1241320416280526850
1234944091059892224
1234825530697871360
1235178040793223168
1237519548338679808
1235544292833230851
1237511781955895296
1241686540922822658
1236962382947258369
1235637468218736641
1235140639060373504
1237680913745620993
1235619195506888711
1235140412123344896
1242113461221502976
1234982815940300800
1235556720727990274
1234966973513183234
1234950974432858123
1241327143507894280
1234465282888011776
1235545922261733377
1236609669235343360
1235327182756622337
1235268630906130438
1241362290059939840
1234829049534590981
1237045317742268418
1242115718189064192
1234970291622694912
1242096113441804288
1234945983454306304
1242112364033519618
1235667932706979840
1235129382399815680
1241399257619484679
1235265419721822215
1236771101063159809
1236641676879368193
1234964803917099010
1234421340792348672
1235599058326167553
1235528601254137863
1235526955765764098
1234415043216920577
1241447752804052993
1235178925636100096
1241666050464387072
1236290515269832704
1235357846033883136
1235247152584183808
1241389764777033730
1241442054804307968
1234966195033591811
1234946664579969025
1242086534687457280
1240266799213678594
1234943057579122692
1235151498922856448
1235876293364809728
1235139094402998272
1234963204150874112
1235531946429689859
1236634610550935553
1234952610626621441
1234949435857276928
1235211166596681729
1235610976998830086
1235535038370000901
1235223495669411847
1235639295458840578
1235215071552237568
1234044435777949697
1239397916734873600
1237221491323764738
1235132018117181442
1235120399152635906
1234943234436149258
1234581971000537088
1241422231865040898
1236584039164907520
1235217326406066177
1242174483286364164
1237040796953645056
1242231466970558466
1241648354226036736
1235011133096030209
1241779195895742465
1234965167152287744
1236634765907853315
1236974237539356672
1235638103592890368
1234947389347201024
1237113791474794503
1242099842534592516
1241480131455127554
1237010459808718849
1235142948096036864
1234954497065177090
1241638256283996161
1241408901960142848
1234986226068770820
1236621640978628610
1242052836176941056
1234992188628455425
1242629136914489344
1235577320238452737
1241987179150221312
1235640494354464771
1235342081595527189
1234124655440678916
1235031793847488513
1234549501156888580
1235345507494629378
1241463739804721158
1241500940257148929
1237476729918291968
1237044443007586306
1236409495825375233
1235194298502656003
1241450479567147009
1234797120361811975
1235336397436981248
1236201259314614272
1235118519559180288
1242094826784522242
1241393198989217802
1241413221820571648
1236074088856158208
1235455959096537088
1234954096282669061
1234798913837846528
1235284661942784002
1242112265706442760
1242103247021715466
1235852610046849026
1234562019224883200
1234955647877341184
1241469828587753472
1235201326675611648
1241414593626419204
1234165892084305925
1235867237098991616
1242063280589475840
1241991754360000512
1235224845056696320
1234815664784904192
1235480870183714816
1241966122485809152
1235327192252416000
1236728654152990720
1236544538468126720
1234989679792967680
1234173372466110464
1241315743872008192
1234791293517168641
1235228527223545858
1234988381299302400
1236784168102694914
1235171306460585985
1237670157788610561
1234813343526985728
1235342005959614470
1234945335308492800
1235182627692347393
1242005398229602304
1235247028722176001
1234958173754228736
1237424490252054534
1238214280727707648
1234550458972360706
1241451863301672963
1241987202206388227
1235139372716089346
1236066457496272896
1234949623179042816
1236633799431196673
1235648105690935304
1235198319300837387
1234982200241614851
1235334052221259778
1235209010229501952
1234962761005883398
1235121500568444929
1234470393265692675
1241420862315773957
1234967201377062912
1241485852108361730
1235983706822713347
1236721258282340353
1234977309192380416
1242853079306862600
1237123012262072325
1235316161874718722
1235125457605009408
1235293520644247555
1235164047018020864
1234943609578967040
1245037202826035201
1235005369170132992
1236577554364014592
1241455475054514178
1234846451034882048
1235034834596229122
1235017981958270976
1236620104449884161
1236743840129789957
1241401816534994944
1234834204401262592
1241311169882853376
1241995776554872833
1242114621697404928
1242061982062215168
1235149219960369152
1241378586751307778
1235149248800448512
1241790232162336768
1241435538474905606
1241365916136411142
1235929197895397377
1235161370947182592
1237024192920461313
1241778822648922116
1235121686925774848
1234931237933977600
1235522050032353280
1234945323400863744
1235097157935325184
1235404759986667521
1235343624801529867
1242109320726282242
1235333711312416768
1235146351475908609
1234947593744068609
1236464724738523138
1236008522040479744
1236695489212489729
1235305600059355138
1234963913575485440
1235121923656384512
1235358904034488320
1241441863690866688
1241425398409441282
1235123113538375680
1235334459714654208
1234969688687468549
1235165439505944576
1234918540261634048
1235267973734174721
1235147132816044034
1234090692256960512
1235524832571412481
1241407372775620611
1235305648604286976
1235239666565230593
1235540645927964673
1241404407851421707
1235151844567023616
1235046426930892804
1244015065323503616
1242860838429622272
1236034227319328768
1241449554555396097
1235533112362352640
1235316169097326592
1235167303228149760
1236299220707049472
1239273777944543232
1234961720432566275
1235142412407894016
1241458489492471808
1235268529395466241
1234956801243799552
1235540168536477696
1235176335099801601
1241313592466694144
1235534473485266945
1242017596339302400
1241325101552984066
1234889586049982467
1235197871768637441
1234982520904507393
1235575395279233025
1236400510246281217
1235173858208092162
1234541171378212864
1235995016629227520
1235477492636323840
1236748186573774850
1235225251933548545
1235243695483629569
1237146526658560002
1235256922644926466
1235107712670642177
1234991574984953856
1234866682117619713
1236332727957422082
1235567296715862016
1242019431884238848
1235653492074860544
1235542322810687488
1235206884761767939
1235150243064434688
1234890975069245444
1235458161106014208
1235203932223401985
1242135263775768576
1234960013724147712
1239325554182144003
1242089561410408453
1239948632197074944
1235447731058929665
1235140468675153921
1237336606773829635
1236631498847137798
1241448114470469633
1234775068569489409
1235119992607109121
1235662332556177408
1235230724376145920
1235165902322225154
1234553685952299008
1235231559873114112
1235199849043243008
1234873463246028800
1235103441070043138
1235530148683878400
1242141841480470528
1235155983162368000
1234950841221644291
1242577651904249857
1234942777349345285
1242095102522208262
1234955390221213696
1234818230881017857
1234838506150735873
1236336364741951488
1235876017677438976
1241328229832679426
1235557876896317442
1241405618281418755
1235275175677104128
1235152819415658496
1234559038580457482
1241403020274999296
1241505154727321600
1241361731579981830
1235173146388553729
1241328079227760641
1236282965367324673
1234246565499461632
1242093671178219520
1235201278042660864
1235141503443488769
1241463153520717825
1234683749180198912
1241341603224018945
1234887188174774273
1234953925742252032
1234944266876653568
1234552748219281409
1236041110016995328
1241398816026263554
1236002853103251457
1240559034002014208
1234572755422646272
1234978719866867712
1241508729209655300
1234953400468561921
1234571837364895744
1234986843889754112
1234494631741657088
1236708280619188225
1240175327202152448
1235521186983038976
1234738917557121025
1237531882931113986
1235183291499794437
1237827051165495303
1235531301727264769
1235256005820379141
1235263398851551235
1235124009924259845
1234956553251442689
1234935211235971075
1242006502338002944
1241336224440291329
1235316567212265474
1235412498439905282
1237043168270573571
1235108043307835392
1234944502873370631
1242087583909322752
1241406408953921536
1235506806606237696
1234944128062021632
1235313378517823494
1233999894874116097
1234965534942355462
1234936289398489088
1241396418327326726
1235223571145928715
1235141211448627200
1240603975029841921
1242051999941746690
1235166446776393729
1240090553838178307
1235833151760433153
1234972916992708609
1242012367808008192
1241464047767347201
1234967727703498753
1242813548218191872
1245051639351971840
1234968408732643337
1235124697211248641
1237371490192015360
1235251186980225029
1237550157316538368
1235199805816741890
1235140117771284486
1235214197857931266
1241426320552333314
1239338383983276032
1235334169737252865
1234660863417581570
1236311979536650240
1242061977326882822
1242067435966128129
1240344950111449088
1241453583255646208
1237897000059670530
1235530457896423425
1235310479377133578
1235281428281274369
1235279111360307201
1239327442503970816
1235092105887801345
1236618831638016001
1236710648634957825
1236643301148766208
1235568504620937216
1235819529105592322
1235251485505662978
1235230458956451840
1235063141920149505
1242127834191200257
1235639999711739904
1241304212224516096
1241360010606755843
1235237079560392707
1234963954973257728
1234094254898778112
1235342162830798848
1235351378832379905
1235114155973042177
