1574502283311824919
1574853114393513984
1575844265154187266
1574723723428761600
1575727057459453952
1575208702910398464
1574688519913721860
1565334701161689093
1567773790599356416
1574495274801807379
1574470279148945408
1575594075428126720
1574417579199922180
1567923339854749698
1574462676507529229
1569102050503319552
1574744319101018113
1567758270864965632
1567755914660159489
1572151821375868929
1575806584050982913
1575819765498925057
1574956757184442368
1574715248652611584
1572147685624516609
1569665757906173958
1575674278544277504
1573918385561374722
1575710610368524292
1574689482288566272
1572232647887429634
1572149869242109954
1569094651478700032
1565238008739151878
1574285140888408065
1569867119239602178
1567653951096619010
1574446172428722176
1567613215005196289
1574633436152840192
1574442383470563328
1572163354256633856
1568901148245127171
1569323590901702657
1574404796479594497
1572345310625538049
1575932611167649792
1574045742695698436
1565641082804789248
1567646780132655105
1574753138476736512
1574682472763342848
1567614146794987523
1565446396852985858
1567747251350413313
1572567089717874694
1567630728300564482
1567622240815964161
1574717173934698496
1575950735325687808
1567636698623778819
1567627134734143492
1574732235181285378
1574523530884022273
1572500389320183810
1574421255905746944
1572143444679884800
1571843654993444865
1568326006133374976
1573034919214866435
1574531375604158464
1574744221051146240
1566762788063776769
1566727172504551429
1574663941338419201
1565748058113073152
1568940673898016768
1575595206262419456
1575640185509117952
1574738473361154048
1567601565904650244
1574362261170360320
1575783262483628032
1574509169293594624
1572173697938784256
1567982474604548096
1568248774623129602
1574775339020038144
1574512002277457920
1572507866862587909
1575707689346179072
1574770396301332480
1567603449377726464
1575613320979423232
1567745107675299840
1575797006475427840
1574435568884162560
1572186536363393030
1574628859936391171
1565608761858875395
1567847683263545346
1565965053966405634
1574594682885218320
1575915713482481664
1567616376684126208
1570399294108340228
1568605002935205888
1567946573845352453
1567773952914718724
1567811196534882304
1570812237379702786
1572331111631683584
1572173497295675393
1574697440393179137
1567656067860992002
1565196085546606593
1567743942405365760
1574527477036519424
1572162881403117568
1575858714221096960
1574780508722036736
1575814142912757762
1572218451749654528
1565636478193094656
1574690007880720387
1567683503294189569
1567558404230479881
1574375562021330947
1575101563592245248
1575058080425189376
1572223321495818241
1572173188616065025
1575885851149893634
1567865653033422851
1567973296385437696
1567601483360739334
1572619685140520960
1569107899548303363
1572143352908218368
1565600762616598530
1575631458932097025
1571486605201768450
1574770178591703043
1567254185892085768
1574653299910918145
1567741531154513920
1572290252194316288
1574873907739627521
1574629862249271296
1570771211730427905
1575981838501175297
1572618917498978309
1572561412232458242
1574501145200017423
1572320941929103361
1565638963762692096
1575793688214614016
1573812863159832576
1568875318194372610
1571799180909203457
1574648956499513344
1572374808167591936
1571542608995926023
1567617689908088834
1570542049962921984
1570307700566937601
1574462908573966336
1573930475445489664
1567977935813967872
1574632644578488326
1567617236948451331
1573070096544993280
1568121141788655618
1575822203618095105
1567620338334179329
1575740410319642624
1575736900580622336
1574699857994039296
1574502934838009857
1571603809398411264
1566735007384739841
1569126566738673665
1567759220702937089
1574726369338163202
1574673198322532352
1570805999598178306
1574516156093849615
1572390607238340608
1566073973313617920
1574503050882039809
1574525022680539151
1572213101130551300
1567615825904914432
1570458385388011521
1566010292164763650
1574630497132564480
1567757229419290624
1566888310143860739
1575615674256306177
1567564760773808134
1566847798061965312
1569745646089019394
1575802128995876864
1572165017633689600
1572114670076444673
1572147400046956546
1565698562402443272
1572698638983495680
1568897857461141505
1567758598259834882
1572615166763872257
1567613479686651904
1570554506005610496
1575719741901090816
1574661970975805440
1568581470574313475
1574806593643896833
1573089969308147713
1567835649994067974
1567617519204048896
1574666178924011521
1567781795013222400
1572163585429708801
1574426669863026691
1567836862395318275
1567849932106698753
1570666453434769410
1567711853328875524
1567612734501527553
1567629186977636355
1574728642667724800
1567647815592968192
1570171305990946816
1574830645016236048
1574652490783539202
1574698308945481729
1575619949111889920
1575225593456513024
1567780055908077569
1574722831371407360
1574496800366641166
1572178554053447682
1575484173061480451
1567770512067072000
1567487931643748354
1565734746881228802
1575601382454763521
1574676297040941056
1575593863044923394
1572303988783198208
1567684019906551808
1572602519104245760
1567970287542759425
1567827379178946560
1567757810254987264
1574503150349959203
1565389433892999169
1568906695744552968
1574347802557161472
1565355886973169664
1567976580437385219
1567617595058126850
1574814960437305346
1572688115919388672
1575750422220111872
1574541791537385482
1570902043560386563
1575597609627971584
1569955889435525121
1574745360643129344
1574035421629128704
1567774768534900737
1575803475379687424
1574656623792259072
1567991119618936832
1570197063337377804
1565282330016620544
1568962574145953794
1574813522835476481
1567601790186651650
1567968250432049154
1575774842242023425
1574665456467976193
1574455806501654528
1568560186507362306
1565333037365469186
1567640609803964427
1574674888308264960
1567605840600879110
1567948904087392267
1565615879538212866
1567788908850692096
1567929256025505793
1570185066202173442
1574542954668371968
1575675941241569280
1572603276805439489
1568560304841162753
1575592404828454912
1565730025172869123
1574855441473015818
1574741570061881344
1574670929275518976
1574510412581818368
1571979376597815296
1567758863880921088
1565229179284738048
1574685712787673088
1575881675615408129
1567751399236161537
1574459518435692549
1572449478275399685
1575710787330461697
1574532936724254720
1567738894132678656
1573062465075691523
1567749117425729537
1567614014804447233
1574501496103878675
1572669056645464064
1567626589080375297
1567603914589044738
1574502580218208258
1574672414017212417
1567603301188788224
1567944675151192064
1574612926601826309
1568615258402455558
1575160994883862528
1572596154134859777
1570483834050981889
1571935849381593088
1567827176208171010
1572157495585521665
1568164286777757699
1567812468407164928
1567898389571936256
1574844612707029010
1565445743984484352
1574847960227188744
1575592811650371584
1567606694032670721
1574496315580596224
1575778385900425216
1568035272343920640
1574698372409204739
1574506479322800130
1567623854545149954
1575735270556639232
1575146724552761344
1571798376890466306
1567903436510793729
1567603345606512642
1567680236497551360
1573521445501779968
1571037224791314434
1567657218916454401
1574675761813807104
1574671364140793856
1574643789242712064
1574519347669778432
1570140102512476160
1570503568125460480
1572338107239776257
1572166114867646466
1572155665011056640
1572144809024065538
1574404339527032834
1567676799282200579
1575066970508369920
1574452098627944448
1575760275411963904
1574576822058098706
1572203237737889794
1570388124890693637
1565382608506191872
1574661522814808065
1570423416955744257
1568204633134219268
1574537866922938384
1574499089718607872
1570980094835064832
1574849045218136067
1574506616195538949
1567742959474413568
1565237163456856065
1575594080410947584
1567897473011666950
1575976807362617345
1572345783659253763
1575119264645894146
1572855280915955713
1565279983333003265
1567607950889320448
1575714094615003136
1575664513613176832
1567536642973466624
1571597991475318784
1574845808700231690
1574504566292373523
1567772421180080128
1565315063900246022
1566456016425959424
1573966975432278021
1574462834863243264
1575858518846242817
1567815053541343232
1574722270999683072
1572514119147991043
1574493478536593431
1574899642751492112
1567626392942018560
1571431229869936640
1565292079303036930
1567616204944064513
1574502074590674976
1575731995551973378
1574496314041286666
1574766617824841730
1575769695437074433
1572205146163089409
1567752759570534404
1565447783439650816
1567646497419698178
1571499136007929856
1574468151273717760
1575021863855861767
1567615538133598211
1574762839897784320
1565718088544395265
1575983479535570944
1573625272275959808
1572399945973665793
1572177218629177344
1567752639827378176
1574525376474275840
1574631958046449664
1574582814694965248
1566845493103280130
1567741625660592129
1574893455322619913
1574864544194764805
1572527234937921537
1570429680213233664
1570142431542235139
1575811874792255488
1572367940858806273
1572146065956020224
1574682971432357888
1572039752244682753
1567788494168154113
1569783445647138816
1574500974949179392
1569377864520273921
1575920935315861504
1567620960286564352
1567774599424663552
1570500133405741056
1572293664524607488
1570872767968587781
1575790652025028608
1575758391439667200
1565695105234763780
1574727068222459907
1570501699063914497
1574514836519649286
1575145891954139137
1565135651800072192
1565668427829747716
1574893321297829903
1574458338510659584
1565619906552504320
1565331584697475072
1568015033728397312
1567892261244903427
1567726154487926786
1575952653959696386
1574492781581565957
1567604904792825861
1574500437268611080
1574723835982598144
1567859597376995329
1571543576248557569
1569934310676774912
1574756269239504896
1575880264454066176
1574455972009054218
1574131060149030914
1571259727174144000
1570552570816655362
1575189139204771840
1574496230566248450
1567844928117415938
1568647137579175936
1574813393990590475
1574779266155380736
1575712803045769216
1572618293349064705
1571639114423746565
1567725448175435778
1575758310061395969
1567627432202493953
1574597998952292366
1575593834427187200
1572142787394523146
1571797499345571840
1565611958908473344
1570422811524534273
1567615082124791808
1572183362227572737
1574510831106154498
1569515717275566081
1575140160475389954
1574860467926867990
1565346313289359360
1567729078093881345
1574433738645086209
1574634308857364481
1574893803386937354
1572688537820053507
1574520985163743232
1575798760449265664
1570501018605219840
1570498456174866432
1572712799159349249
1567112593986273281
1574678023139385344
1575885775882723336
1574753814950907904
1574467698763108352
1568105027964751873
1567655537399005186
1572143924529238019
1575041924549214209
1568020039298650112
1567601330687975427
1574456231200231424
1574852287528402946
1575593647399383040
1567626270728495106
1570768753348182017
1568581925459181568
1567637554157043714
1574511212888436738
1575976606895460353
1567875084244721665
1575921112436776960
1567612337565073411
1567610120632156164
1567209345800192002
1572204286393696256
1572147024132186113
1574672908391170049
1568906662186045442
1572316039849086976
1569786477462142977
1575777826455711747
1567606291954024451
1574736244617027584
1572621711706853376
1575599960048865280
1575952213402611712
1575822040074186752
1574523717073268736
1575115991729799174
1565205132026908672
1567604359164268544
1575663710617538561
1575591855122976769
1574458946898771970
1567814133147488257
1574501073632608287
1574306230448922630
1572208967677345792
1567613499634745345
1574586348371324928
1572256222862082055
1574742437586673666
1567630361860968448
1574417944834179083
1565739306421043203
1575952207194730496
1567735614564405249
1574696328541532161
1575829993254694912
1575723714867789824
1574502505425539072
1575599103957835776
1574753188934295553
1572213641348276224
1567887948003115017
1567605316237279232
1567624674317684736
1567981584841842688
1574382790539354116
1575857450858975233
1568561648532602882
1575593712494968832
1572354795754721281
1575614679472164865
1573316701856452610
1574436294876356608
1567633437510582281
1575598689615126528
1569299386001154048
1574689216717459456
1574649707149656064
1574754576456097797
1565225863574130688
1574771302426198017
1574527601451978758
1565423476915290113
1574892880895905798
1574493213032730625
1575052095891578880
1575038991623393281
1575032169596358658
1574454129329852416
1575921444235907072
1567604881141145613
1575741025024323585
1575758019748630534
1574692815640084481
1572157199115231238
1567663397604401153
1572145811026509825
1565358802366521349
1572162049672900608
1567875140653907968
1574840375897985066
1570497709194514433
1572575289636696067
1572245450412916739
1575704762435063808
1574472426930540572
1567606169451089920
1567771226755530754
1569709340986331144
1567649536973185029
1572497189045243907
1572150946104496128
1567610394046332928
1572493347570470912
1575725375937601536
1571468602468876288
1575093420032659464
1574424620001902599
1574067922124816386
1575852723639291904
1571909320677146624
1575647516204224512
1573035608271949825
1567799529189085185
1573425985185546241
1570424394803220480
1567850692836052998
1567604980030349312
1574499024928837634
1574456491217752073
1567152048189198339
1575733251620057088
1570226898218672129
1572179669289521153
1565270900781596678
1575178207568936960
1565703228519550979
1572724369276948480
1567886101636947971
1574642930538741761
1569955840508968961
1574777188091469825
1567603875409952769
1567602116545363971
1574754974957031424
1574693852723937280
1574628561247666176
1567639984177283073
1565215581242023936
1574469571674869772
1571602728756862977
1574499378320097285
1565310241574686722
1574457692306829312
1570459433742008321
1567928535490207745
1568570935174742017
1574516338843738112
1567621099805884419
1575548517380395008
1567507861613281280
1574443253444661248
1572189165814513665
1565731469623975938
1575984532964413440
1570843085952917509
1572222091663134722
1574568787210387456
1572144433889681410
1571607343108091905
1574312229712715777
1575147334559846401
1572939634124128257
1572501788766642178
1574450219076521985
1567866446641860614
1567631207541637120
1572182506513776643
1567742051747352577
1574513389585448961
1574668173466443776
1574493117822255133
1567606575820414977
1573201970571124736
1567782512256077826
1572191975264194567
1567859861257441282
1575735955222278144
1567825213575897088
1574791517268582400
1572917039278292995
1574526299149852674
1574456345075634178
1571544605992288256
1574495926072360963
1574805630451425286
1572474648637366272
1570640674047012865
1572186240958562304
1572227987080355848
1566038039046094848
1565985443614756866
1567619406389280768
1565503373893406721
1567650509196038146
1572560602740166660
1575696353404940288
1570899266566234112
1574475814166577161
1572201654606331907
1570426318256324609
1572167534115168263
1574700030677909506
1567605221232185345
1574269966035165185
1574520954641940480
1575591925172047872
1565226090662068224
1574712007269441540
1575781460694425600
1574640144673812480
1574498066564104272
1572147105183006721
1567601844154765312
1572629524273332227
1568902045968769024
1567254396576096264
1565770447379173377
1566846486784114695
1567813485249044482
1567604256026279936
1574641935473573889
1575638307362713601
1569973304156475394
1567847654910054400
1574533982762553354
1574475946727538688
1572633113167011842
1571830149254971394
1565593454993981442
1574521319579869231
1575818606197104640
1574752397666164737
1574875996003745793
1575180217353924609
1575943669542440960
1572244135041548288
1574496825012371516
1567879733135773697
1574747372608946176
1574761613269278720
1574569187644772352
1572157224826601472
1571786761965129730
1574628874150985728
1575940518923890689
1566057277890641922
1567620044640624640
1565646357351776263
1567902782094733313
1567839142825922560
1567628784513294347
1575463639548628996
1565265043670929408
1567809977875587072
1566516479427809286
1575204965743677440
1567657116969623552
1574523770638852096
1572149255636414464
1567626629773463555
1567414198421917696
1575594407633776640
1567770746205741058
1574499848266694671
1572996124293701632
1574671947539120129
1574603510817202183
1566097535625793536
1567824741288787968
1574701692129779717
1567839216616226818
1574774554161029121
1567603022418661381
1567726462270115841
1567618060374212609
1569389941268033536
1567932726506061824
1574640802089037825
1565305078122168321
1567952366309187585
1574683657075576834
1565355380024262656
1574744907155374080
1574656622009487361
1575721101652815872
1572384373881585666
1573818649680412673
1570709118763282432
1575856865313013761
1572186039409848320
1571884729611288583
1574422062093008897
1574305291885215744
1574674083601588224
1565145173117501440
1571571746431549442
1568674599944224768
1567626720106237954
1575641957799378944
1567757918518345728
1568883965385404416
1572143193621233665
1567739620535803904
1572317245878968326
1574990775976280064
1574606703403757568
1574784925093576704
1570223506847047680
1575199449865125888
1565437873477881861
1574500530067542016
1574709461281046530
1574441276589723653
1574264612358332416
1567624797206495233
1570830775746170880
1575717178539618306
1572291633420570624
1574677876586192897
1574470144474189849
1572177508778545153
1574506627117498368
1575620688219865090
1574550161413775361
1572223711356256259
1565616913459331073
1571076435380695041
1567848024902090755
1574701040141684737
1574626856766242816
1572182717688877058
1574641668309106690
1574753209939288066
1571049025977319425
1567824575097982976
1575062053764489216
1572943378161209345
1568887842188791809
1567842311354159107
1574636187247321094
1567724461738102784
1572142287592865794
1575760814480707584
1574520130670845962
1574421060296081408
1570170073297428481
1567751919073886208
1574470267929333769
1565310772179308545
1572172180598804482
1567622640809934849
1574524626381590529
1574536135895748608
1567637424615956482
1569181217030799360
1566879348849889284
1572939005830000642
1572169229616529409
1575560443594412032
1574802411612475400
1574494921414701056
1572244824501420032
1574580896069750786
1565634182591782912
1572275455780323338
1567912052223623175
1567805921304231938
1574720598881832961
1575036818218590208
1574501332869955588
1567415706144149506
1574670623397257216
1575592794407972864
1574505078072958998
1567813118004174848
1575821568210792448
1574418299949121536
1574735468960292866
1574888665016303618
1567614029543120898
1572206697287917569
1575118403613908993
1569088673416634368
1567606605008478209
1574515649979768854
1571687136176361472
1574576168719753239
1566908702451441664
1567601547101577217
1569130185621913601
1574535366912233480
1575610505963909120
1570426335088066565
1567681758816079872
1567777806968393731
1567773253963333633
1567976531082858496
1574723778759708672
1572234584590372864
1572695104250576896
1574706661171908608
1573622667835572228
1574470549333577742
1572199035980910593
1574462246796890112
1574561524517044224
1574596736047357961
1575020547892969477
1574614842337808384
1574701894676652032
1570067895194992640
1574513244760199168
1567604174946189312
1569633131891929089
1574464914713870336
1574467641443586050
1575888995963539458
1567857347451670532
1570201367238565894
1574653142616068096
1572498740451364865
1565560792728145920
1574832647884476444
1567896392378601474
1567796687640444928
1575940880615104512
1575993443406426112
1575210413402124288
1568517725110034432
1574757028165259267
1567821642318987266
1572649454959841281
1575780082475741185
1567149898650247170
1569428255467347971
1574538114994909184
1574721891893448709
1567902675928289284
1567638908724199425
1575215831449235456
1572198280934703104
1572159480720228353
1567677935376601089
1567745360117874691
1574546849729769474
1574485695699120128
1572169612686667777
1572615411534790658
1567612603198758912
1573922158224498689
1573871305887285250
1574501594636468242
1565421535023824897
1572180881502076928
1574699726745673730
1567774766227922944
1574673357165019136
1574622115021860865
1567825965937565699
1575602712489566208
1568936842795393025
1575114442853191680
1568859972166979584
1574502820593946624
1567604720952377345
1575828892450836480
1570433743751639040
1573916880695427074
1567848528810065923
1567982833502748672
1575593011752620032
1575130434970722307
1567979402054737920
1575001279348109312
1574707283229134851
1574692255310704645
1574714434332794880
1574516668562300950
1572698209851506690
1572152832861835265
1567831340074106881
1570424257267617792
1570005197396791298
1565450309392007168
1574511174296621056
1565955017273647104
1575619246864072710
1574852630895108097
1571803257567313920
1569921777173684230
1567671226016976899
1575788752013647873
1574718602082717696
1567610868338233348
1574508894843445249
1574489471931891736
1568548946657640448
1567648071097384961
1565744998775152640
1574720012128235521
1567633869226008577
1569549784830066690
1575181539356180480
1574696069262450691
1573946236931121155
1567614218622435328
1574498623026610186
1572144840732975108
1572198701652709389
1565583450081566721
1568183855173062656
1567685176129355777
1569732393325527047
1567747173491642368
1565749705623076871
1574108462644183041
1567753787498004487
1572618642961092610
1575771113849643008
1574658166289272832
1575742859135057922
1574660879198883841
1572530290526134272
1565637523178668033
1565585852872511488
1574526828773244928
1572239507579351044
1575613166679388160
1567897547074637824
1574467985271853056
1574425470858395648
1567766969729912834
1570652682364526592
1567604598206078977
1573052334493634570
1568570805302198272
1572324433594916879
1565164812593639425
1572186787077931008
1575723317419724800
1574505393602035716
1571791461246459904
1570422442048495617
1567935556738220034
1574541116149415936
1574646573761691648
1567859951472607235
1567761442626994177
1567613264879652864
1572217269970960385
1565661393365438471
1568372502363004930
1575595559280209920
1567638215804215296
1567674359019347968
1572135352718032897
1567601213780246528
1574078722449326082
1566335609513431043
1567633470381244416
1570875795387846656
1575786633286152193
1574542005681770504
1574522984739770369
1574513551674408962
1574742685361250305
1574484046566023168
1565361281753927682
1574848753865003010
1575673296867053568
1574635694588186624
1572534135192956929
1567884877323796482
1567620498338586625
1575819186852564993
1571820159236706305
1565706113340915714
1572657145589698562
1567744539372167169
1572165110147284993
1571545097027653632
1575592866419683330
1574501182130847744
1574468620654186499
1565621128642678785
1574508115143393280
1567801717466566658
1567751483793330176
1572143584626806784
1574776214320988160
1575681872981790720
1574740056769708035
1574502348768133142
1574294542337146881
1574739908828463106
1574519576380989450
1567833076385865728
1572516634748923904
1570422996246097922
1574813903858663429
1574502148758552607
1569958270420549632
1575085401232273409
1567634833261711362
1570441580997390336
1575723137416974337
1569355586109579264
1571487910586720257
1567751357137838080
1567668787356344321
1575221909796507648
1572189342009020416
1565980708266459136
1570909482477301760
1569693671972376579
1573306836672987138
1574494022206255104
1572168258777935879
1574642099705847808
1572831074870337539
1567623866905673730
1572221194299998210
1575878659378130944
1574725569681432578
1574503830133559296
1572551645854314503
1574525658243694593
1567618626794004486
1569282362130710528
1574510736990416896
1565651867455164420
1574768762812866562
1567759229762641920
1574748070893568001
1565646855614218240
1567866611125686274
1574516889338138624
1567803230951809025
1574682642032857091
1574340916848259072
1574348639874568193
1574267550980083712
1574476943424208906
1574497037336428571
1567607300285767683
1574796969100419073
1575790611109531648
1567614345277841412
1575733744916664320
1574874614538313747
1574497526450995245
1569361795332165633
1567964116379131919
1574416578157940737
1574264520486387712
1575604123793510400
1574149604404494336
1567649329480974336
1575851881611792384
1567763201038630914
1574714655913779204
1567625466168623104
1565638942522839041
1570196600860954625
1567615508438028288
1567822225302061056
1567897585146363904
1575832691441774594
1572150657087569920
1574518720428494850
1574634370522120193
1572231300446289926
1572296200866467840
1567655486937341952
1572005307953610754
1567956680461385728
1574837475616464896
1570493659740794880
1574271782772969472
1573371713420918784
1574772905866657792
1574380813323493384
1567621849558679559
1574718649813942273
1572337381197348864
1567229193670230018
1574831776878428160
1574499838888054784
1575666083595362305
1567861857204961282
1574831787993272320
1574769451324547073
1574515324485001228
1570118126334877696
1567604543860383744
1574514237182967809
1574498436908564516
1575175250051944448
1574747402505961472
1574489005328154651
1569989570887827457
1567971047474970625
1575402673922269184
1572558736237166594
1566387601308880896
1565209988498440197
1567918321059741698
1568193914913390592
1574857195572891667
1575631050994159616
1569995643518857218
1572940572444299265
1570442730714677249
1574654039215591424
1572168337353850880
1572216431659343879
1567765631180603392
1571868427811229699
1569406062310080519
1567610589832257539
1574816764617265159
1574557703682535425
1574529707651244032
1571901313700753408
1574684391640829952
1574506047091482624
1572222007118266369
1571919916256591874
1574495705527296000
1572479925424164865
1575595576947011584
1575816835886645249
1574690069574815744
1575593870397939714
1575878181290004480
1574545861119561729
1567632558610849793
1571789680357642240
1570459796398288898
1574718802134278146
1572525839157440512
1572647780350558208
1574520826380050455
1567685405100675075
1574514366938222592
1575761505512873984
1572161333701005313
1574547839807520777
1574818487163404291
1573318410246692865
1574641434594258944
1572149559945723905
1575171875822399488
1574714352384593921
1572172543766806530
1572292681266495490
1572348955136229377
1567796059622998016
1574493068094570497
1565663122064556033
1574641534149926917
1575819298802540545
1575233745904611329
1574684305095544834
1574506222799048704
1574461326130384907
1575785473439543298
1575274288462139392
1574419382335426561
1567833875107160070
1575120646278881281
1574500970230431764
1570497184013123585
1574620908219764737
1574774171615301632
1575594339308535808
1575747397581275136
1568629726083796993
1567748829029568512
1575954753338515457
1574578610022785057
1567752252000985089
1574441107290742786
1567857729666011136
1568633498801414144
1567636345337647108
1574822349182042112
1574850087167135748
1574510045924331520
1572180177429401602
1565445995391062017
1574501581869006907
1565413975424221184
1567923818387177475
1567641171719077888
1565589425920385026
1568674268451377159
1567879633856495624
1571997332719423490
1565343741338357762
1567969270243508225
1567642954919022593
1575737713646481408
1574530874451939336
1575709375012151296
1572168438457442304
1567903605776347136
1572566375163633666
1575160487980965888
1574521429202472960
1574590978522238976
1574570897284923393
1567768173432258560
1567638981537300482
1574757605590843397
1575161435512094720
1572346427808022528
1567809450093707265
1565690342812356614
1567845781486321668
1574531247405027328
1570498910132776961
1567895148377276419
1574632285835776000
1572152931272593408
1565211223183982592
1574750093353304066
1574511187345444864
1572625701525651456
1572620789438087168
1570221854077620224
1574503691503435777
1574418605734707200
1570438891806822402
1575205970757943296
1572688459114119168
1565628055929982977
1565182045373968385
1575591825666371586
1574445214596534277
1567822789423370241
1569113376638308356
1575806948372811777
1567780456120127490
1567749766846480386
1567857253587324931
1575019305405935616
1575722983372763136
1572165209141424129
1574845373725679616
1568378619046821888
1567717354628415498
1575854806547456000
1572174653736583169
1572166385375002627
1572670911102455809
1574633554792718336
1565596723241689090
1570417360011403269
1575687191904530432
1568636443962089472
1567601871874920449
1571964272757940224
1567811673213239296
1575618297705660416
1574609253192634369
1574331716281434113
1572255360743792641
1574693923456417793
1568017643239575555
1575617449130852352
1567051110057218053
1570772774804951040
1567757989892820992
1574480257188593664
1574639168688365570
1572272195380051973
1574984679794434048
1571565026191851522
1574650167491698688
1574268075699863552
1574770393524715521
1574494213495980033
1572218691529445376
1572218643387392002
1575983326292496385
1574471678477963265
1572188522886348804
1575593490058080256
1567612651252981761
1574733456919363584
1569358580758740994
1567646267265744897
1574497065689923585
1574765065374498816
1575796761108525056
1574807374740815877
1574627531524915203
1572172082011840512
1572911294394793990
1570357978968231938
1565505262068400128
1567640063734943744
1565243986905792512
1574755558539788289
1571321338765139969
1574628494591823872
1574659649156046849
1572339203429781511
1566710834537107457
1567679093050580994
1570458339670368262
1569508940760903680
1575879288137519104
1575718125496332288
1574669111006593026
1575964722956230656
1574654406687133697
1572182000865517576
1575816848762757122
1575131802083229696
1574598976732635144
1570511873946320896
1574774863021088768
1566263475302633472
1569922228011016192
1575703781337096195
1575662569087389696
1567620229559115776
1567646127691907073
1570503161466744835
1568708137473003525
1570627430888669185
1574478122052993025
1574497956517990400
1567749948967452672
1567612733335474178
1565226511820546049
1574653500570697734
1567733663986507776
1567647160442691584
1574783241571209222
1574623437741588480
1569955900038725632
1568089668272398338
1570423621746659330
1574629511810932736
1572159246216888322
1572144266125656064
1565281954739757064
1565292820344315906
1574502444536832000
1572284398371831809
1574667046641700864
1569278791675183104
1575647136732958720
1568327873479458817
1567807682484097026
1570388998584995840
1566737879606386691
1575824640034889728
1567626327108239363
1567782221985026055
1567671897252323328
1566869858620506119
1567845725526003713
1567821030202261509
1567821068991176704
1574845531976876032
1574720893724819456
1567658956268470273
1573167943596253184
1567748812868820994
1567604517901946880
1575147208781008897
1574643419456032768
1572159227090833409
1572191495821873152
1567749306219626496
1567655883739365378
1574492808009990146
1574718891229839365
1567606981413715968
1574644228663128064
1574631396873748480
1574785986478936065
1574523708974108672
1574436769264705537
1572498344643104768
1572284638030168065
1572169212952551425
1574630579672616960
1567770321872117760
1574673084526665728
1567637880670920704
1574653972031606784
1570101844738822145
1575648557214081025
1567558404553539584
1567616960564789248
1567700718743654400
1574506086476161024
1569854067714961409
1574408820134219776
1574678489751494656
1575861259395747841
1567682814975385600
1572605551670095872
1574593906070757388
1572223907914215424
1567779414515097600
1568028428133371904
1567601193614036997
1572173047662010369
1571527813215158272
1574060433035649026
1575808664094781442
1573400546148491264
1574640978560167936
1575742409295925248
1574992458332577792
1570767455345311745
1575755818066411520
1567645058723201025
1574510787002978304
1567835877027594242
1573806244028096515
1574449403779502080
1570777350501171200
1567737886501490688
1572650318743359493
1572170010600120322
1575602663265538049
1571494575914508288
1567870476864602112
1569108227970695168
1575267140680273920
1574654219520561153
1572491108671684614
1574794295655206915
1566043717076746240
1567639231517921281
1567733747100835840
1574696718242705410
1574164237840424960
1575723995433148421
1567625737330429956
1567606748373999617
1570464736612950017
1572245884175368192
1574808689264967687
1573093289460473857
1574520353170153472
1569511062835458048
1574494673397334064
1574728781842960385
1567601945132650496
1572184424338567170
1565658125008605186
1570192498127142913
1567625938690613249
1574641526667460608
1567694261511921664
1573187436917800962
1574646959654281216
1575996699134545920
1567905928397324288
1565727613485809664
1567856720117907457
1572144338745933824
1572154702812389376
1570471586175791104
1567604447236202496
1567884558787387394
1567601623857242113
1565681918376660995
1574677669744365569
1567743500216672257
1572198807978246146
1575723590808670208
1574810038199369729
1565189242766114816
1565252726434537472
1570769350973591553
1567634194766913536
1575137987649839107
1574832003760984065
1574469421149687827
1574101704861155328
1567748818229252098
1571614828011069442
1575755835795726337
1567611331683000320
1574890980150575104
1574810692074586113
1574889110963200013
1570170839634685953
1572144741441015811
1570961143426060291
1568717885517725696
1573495828882329600
1574990456722952193
1569806168612130818
1567744263642914816
1574507585167921152
1575951371651907585
1575761567429570561
1575720293259411456
1567933243034329092
1574494931888095264
1574250531526156288
1575880873697648646
1575715518308405248
1575122537243185153
1574514127753850881
1575593161887744000
1567650857008742400
1575596296467259392
1567794459638636544
1567614828239360001
1572219390090743808
1572601718566752257
1567731158120529920
1567635015655112704
1574587778004058113
1574545602184368128
1572495114777530368
1574690101489188864
1574505053549105152
1572155734267428866
1568243346451079170
1570687863624462338
1575596440587763712
1575095052539658241
1574902579741564948
1574264891673874432
1567615962110742530
1574748661992591360
1571787093311115265
1565772868671209484
1575652898670669824
1573821682942238720
1567684300534939650
1572202118777393152
1567626330706952192
1575099209253953536
1574468387182448640
1573218209645432833
1574606832206860288
1574649285551038465
1574780419475734534
1567823681371398152
1565746177831837700
1574439516890632192
1574152341305327616
1567608053641482240
1575601290201088000
1574365860399091712
1574531633289363463
1572657456949370883
1572329218146537472
1570429390789701633
1565363488968646656
1572526242871783424
1574701692544634880
1567604104469352448
1572223465687777280
1572144456958357504
1569295528923389953
1567662405848555523
1565601011707813888
1565357876432064518
1567865883887820801
1567830595337682945
1567774899996852224
1571495238170021889
1574711100150796289
1575022633011548160
1574547762204610560
1567794639339413507
1567776595309379584
1574724613640069121
1567651944470126592
1574660406932836353
1573035871263420417
1575769418604466176
1575593983983566848
1567611027801473025
1574539880327426049
1567849535682084865
1573295974256152578
1567847989422465024
1572157267016929280
1567668068645584897
1571597549252841483
1567636385208614913
1570783987454574596
1567276325127294977
1574513102019698688
1574647403684282368
1567871551327928322
1565654902940082180
1575226054435708929
1571426750525210626
1572716305387487239
1574816694073270274
1573904669704953856
1567838421099446281
1575765285046571008
1574703581743104001
1567617542486728704
1574524347653541890
1567843269656076293
1574631583876784131
1574473363585646592
1567646953390968832
1565979822437896192
1575194332600365056
1571549365319376897
1565580318505148417
1574499520989175808
1574493100654764032
1567896357574164481
1566741029570633729
1567602664455782400
1565141294585888768
1567612554343600135
1574628134405959680
1574668453394657280
1567690240873140224
1574654033440411650
1569338817194217472
1574496250346541057
1574510102115225607
1571322146877747200
1572176377977118720
1574427298509783040
1574290942005215232
1569107743046344706
1567602661607751680
1574482186085945344
1567603214530318339
1572711405660536839
1565266764124004353
1570114356200759297
1567774615929294848
1572286474963271680
1572900526357970946
1575761764855472128
1574518863294857216
1568941875972694018
1565387969229365249
1575699850976317440
1567782634041769984
1567744505561980929
1573941492313374726
1572081461783629828
1567940446973841412
1574488169847967745
1574647609394077698
1567810613790769153
1567796652370427904
1572132687254528002
1569706341941362689
1571726679596478466
1567639720502464513
1567807616008572931
1574648467259101185
1572315489120178178
1574500488254570531
1567605381626568709
1567817570215936003
1575727024861478912
1574621803623882753
1574499582419025920
1575726662624608256
1574762055927726087
1574562397662093322
1567618873968533505
1571383989952479234
1574771170716549125
1571305857106706434
1566847627613945858
1565590079271321607
1573871636419420162
1566502775923654663
1575591525530345473
1574467271837323288
1572161308426108928
1574496535433429014
1572146960521625601
1575779220521111552
1568860733177303040
1567629905172594688
1574627540311760902
1574530100468629505
1567605840512778245
1574651064984403968
1567665328368369666
1575729072004812800
1567759930991513600
1574840830438920192
1574723822389166083
1574670538018287616
1568693098502561793
1565238536265240576
1572206242667397120
1574626388753240065
1575602117074485248
1572189307393445888
1572084910885666816
1567783691887198208
1574629630749085696
1575751780830699520
1574498699065147410
1568160198971244544
1575609418695442432
1567702848544153601
1574495399796445184
1568571328382337024
1574632171230621696
1567828993746911232
1575944245445550080
1567776244023926786
1574634704111910912
1575190034491527169
1572232407633502210
1570423321199783937
1567702857507389440
1574890170557648897
1565622027448352768
1570422975626715136
1572301401841348608
1575630281662349314
1574421510047031297
1574730343348830209
1574768950545629184
1574544369557950468
1574006570635108354
1569360167824752641
1574510330562109441
1570426051779776513
1575597871830773760
1574493935321464841
1567915932219064322
1574521636606337038
1575997240455311366
1565655795987103744
1567644360627322880
1565367537214361602
1565579834281140225
1572450824080572416
1574278435337216001
1574503770565877761
1575773634408648704
1567603810620547073
1570498383114301441
1575943902351482881
1575783571352354818
1567829451030859777
1568705700951474176
1573715602103042049
1567606853458186246
1574543909341970432
1572204984284098562
1572044578932559872
1567611342433001472
1572171132064899074
1575605764239917056
1567761998070300675
1568964199350521856
1570806583357214723
1567602099176833025
1572237746776821762
1567735450776834048
1567602153950269443
1567730673389113345
1574666303662694401
1574627773372669952
1569979141851684864
1572223026296496128
1568426033057091587
1575802793503268865
1567705974151970816
1575730285445906432
1574360698716495873
1571203517758464003
1575023254108250113
1567676239724396548
1570761829860937729
1565193298800779264
1574637428584972288
1567764903666094087
1574458859774775304
1575929214838411264
1574313136630468608
1573722881330225152
1574557991352795155
1575717934907150336
1574518214679093248
1575592229359345664
1570652551338401793
1568876987506122761
1565615940116553728
1567769342414045184
1575114234765381632
1572906674532552705
1571818928480944129
1574677075394408449
1567768692137631744
1567638407714586625
1575759712275992577
1573699173400158209
1565206100969930753
1574687113441816577
1574278685867261952
1570457696951832578
1569759219552866305
1574630448508112896
1570677711948873728
1567828326546382850
1574545633805062174
1570764992345149443
1572251134177472512
1574520414277099552
1574622064459550720
1574708910614728704
1570898887459897345
1567637785317613569
1567617566981464066
1567621887114547200
1574711855137710080
1570293601749577728
1575174292312330241
1567624907554525185
1565216262208249857
1565187371733336066
1567620949943504897
1575718644306223105
1567608019688488963
1570331647031259137
1570489691945766921
1567634559902138368
1574664891889111040
1574035719777124353
1574520185750446091
1574812228192288769
1565638844694859777
1571599212265066498
1565368281493655555
1570497134247677953
1567668940330901506
1570621058121859073
1567637326225981447
1567611353925357568
1573715746085027840
1570425345349750787
1574440262662688771
1568694982709477378
1570145532814786561
1567992695284731904
1575830880605466624
1567614104810016774
1575997400270848000
1575712763740966913
1568757636836777985
1565190799301771264
1575751432334381056
1575744954890059776
1574833955228061727
1573032450875326464
1574509792202465280
1574502375741702156
1565627644716122113
1565670115672293380
1574644042339581952
1574293906618990593
1574467197149351950
1574636706007027712
1574623365696036865
1575715137859747841
1574750853516464129
1567672906187956226
1572460220571389953
1572189967945969667
1572153964262723584
1574704622958174210
1569755615261765632
1565373510259728384
1570840602031566849
1574080457947467778
1567743303864426496
1574863221097373715
1570798057767444482
1567643432188780545
1574766047869247488
1566834840145625091
1567781015413788672
1565384531775033347
1567911287274831876
1567718860744179712
1572855739953336321
1565232640436871169
1572858349355520000
1566961162297790465
1574618208920866830
1566064257267126273
1574420208965623812
1567687689473855488
1574730193964498946
1567649891047903232
1574857816518656000
1567609830101205000
1574659873928880130
1565204192544923650
1574766537986252803
1575680934866976769
1574456953589608448
1570896207387529221
1571565354190606343
1570454444650778624
1571115728526540801
1575811122543742978
1567601471516020736
1574958365931089920
1575714295182041089
1574424801720127491
1574456595488149507
1574742105397813249
1572618449926356999
1572193319958245377
1566912554571636739
1574794501742288896
1567608877910220804
1567602953980182531
1574673342568841216
1574718474022047745
1574523665491845139
1573688892770975745
1567668221725102080
1575595734132752384
1571823588067491840
1574721851674206210
1567644142737526787
1565965555999424513
1567602805526896642
1574736812068724737
1575384912550559744
1567642451422109700
1575212532754968576
1575025613953703936
1570537429597298688
1567874794183434242
1572292441713123330
1567770501774180353
1574496714014310417
1574304397227880450
1569278070422487040
1567834017088655361
1573933236480270336
1570395932549869571
1573095870421438464
1567622492939816960
1575466057325858818
1565340136011091969
1574815630670413824
1575875428417314817
1575100670503718915
1574662213322690561
1575181589553651712
1570959776909234176
1572882168875216896
1567628660386979840
1574575637926498304
1574656262641537024
1574642788666609664
1567627916506288129
1565252056356618241
1575700819667611648
1572941284922327040
1572931451519131648
1574506792280801280
1574506333268807680
1572149938599108609
1575911900755288064
1572234107689762818
1565590891045191682
1565287017075933185
1574842349959712772
1573408374204801030
1574463134160498690
1574024163882418179
1567976580227506177
1575594881241649153
1574508322572668928
1565596573928669184
1574698736118366209
1572003562225295361
1574655321741488128
1574627454504812544
1572133754008739841
1567631829628293121
1567789222811025408
1574468087528787969
1574842503655669760
1572348405112000512
1574921500519534594
1570707910447239169
1574835565329092629
1565217630255996929
1570812286494969856
1574516645695197185
1565446442726162434
1572155308293644290
1567095689171140615
1572142332010430464
1575740410554888192
1567645770182176768
1574500403194085405
1574632272279453696
1567603346915074048
1574462313134002205
1574511696458178567
1575231134836760576
1574493899690737664
1571502752504627200
1574130620652986371
1570423634858070017
1574491741746511873
1572169638192254976
1565390977312899073
1567602997810667520
1575611580200329218
1567615532945260549
1572997880700338176
1574016523001335808
1574516038481641472
1570889695856562176
1574637678930415616
1574323616443142145
1567861239656710144
1567662307567714304
1574514629144870913
1572211169091555329
1572151518911922178
1567778615634366464
1574857724357185552
1572562791143452674
1574679379426222080
1574438365017022465
1572167511810125825
1574842446286098463
1565718508264202241
1565214409089290241
1567777947293040642
1567736138739089409
1567647196278923265
1574654027836669953
1572257002163769346
1574679297599619072
1569949011754323968
1574771328170827776
1574465262417580040
1574488895638716416
1572089184529289217
1567664481588625408
1575949195500212224
1572211749536894982
1574526930057060384
1570428007386583041
1567602306023055367
1575853611472785408
1575637115962265600
1569124452021194754
1568960404864339975
1575870867443052544
1565209082398740480
1572218305234063361
1569792816045334530
1573483166978957312
1574509467097772033
1567751847129006084
1574517764726874121
1567834657579847686
1574706220283432960
1572347465294311427
1567603170284642304
1570743728691900417
1574604896866902016
1574469265650061357
1572192115131555843
1572177189260480512
1574425338108592128
1567936536083316736
1567534161698738178
1565292915211046913
1571791144039710722
1567816850926346240
1567603137921310722
1572245852298657794
1569324439577182208
1575973318905454592
1568896866426683392
1572383153624432640
1572191777800728580
1574496833010692096
1574469490724802582
1567750272130191362
1566484047022510081
1572142068197363713
1574727501699375105
1574462631049662475
1575782533857308676
1572196475735515140
1567604894214881281
1574853088166703105
1574762160584114177
1574597256141045760
1572336119529758721
1570888054122123264
1572195563139108865
1565624133349789696
1575675337375354881
1574733649408303104
1565189567799607296
1574664491220045824
1574299329694769157
1574600418323210240
1567602906081251328
1566740275157934082
1574440032454279169
1574604278840401928
1572246360354684928
1573892248521310208
1567602805338152961
1574513400318545920
1574758902347988996
1574506108655370242
1569075662647922688
1567750986621403137
1574661394582175746
1574735440648757251
1570874152009207808
1567617842945658882
1574670643416776704
1574522302431125536
1572230704863539208
1574504694654853131
1567974010155155458
1574529193886580736
1574390071221833728
1574635138301841408
1574487919221477378
1565216979023192065
1575592956790075393
1575611977342144512
1574500873950183435
1565777331679010816
1567641506252480521
1567973338974142467
1567264782041976839
1575978095361728512
1575136663524851713
1574627096038711297
1574517476095729664
1574459960393547776
1567634953172656136
1574501357570359296
1565254729961275392
1575971876542693376
1574527692971692039
1574525039793541120
1574504945272897540
1567906668066775045
1568197764865036288
1567641382247964673
1575751202431635457
1572283522584281089
1567681908586192897
1572885112773025795
1575021047468130305
1567601837318045697
1565270815360356352
1567741128379711488
1572185569769435142
1574790352762011653
1567641614889132033
1567618057639526401
1574835462279237635
1571497571171934209
1567559153752674304
1575603403216285697
1574507493442699265
1574465470647996428
1573080535768997890
1575876305794367488
1567611926066171904
1567906308791083010
1569983891674435587
1567957960806273024
1567706468597596163
1569915928543895554
1570143206574096385
1572244785695686656
1574633042492424192
1573417869026680843
1574516856899133449
1567630347810078721
1567920726186901504
1568021554587643906
1572146560472911878
1567943467107590152
1566915385789747200
1567785814490243073
1574708018100543489
1574493824671531029
1568896342797258752
1565387446468186112
1567602239325323267
1575754235198984192
1568277183436623872
1567601507402391552
1575173094854926337
1565163045793501184
1567908522150486022
1574500377621573632
1574503945585688576
1574495810342899712
1567645673104838656
1574888624470073360
1572143044492931072
1570446611922456578
1574672338875928576
1574495791045132290
1574497385929228293
1573926198152937472
1569997190042370049
1568180129142116352
1570872451017637890
1575831681172471811
1567818677835161602
1567611957175369729
1574626374584778753
1575874754686296064
1574973024071450625
1572199302315016193
1567613725552656386
1574456243212750852
1574750862735392770
1572363280852590593
1575687018566549504
1565335142528614400
1575814652759781376
1574708503746584576
1572304041891201025
1565966935073882112
1567778039865479170
1574627579642150912
1567051437741424641
1575630438840041472
1575465135971438595
1574159199084466176
1566852849342054400
1566726345580756995
1574826688122331138
1572192932924620800
1574457230220562438
1572152964793643009
1572142544330555392
1565218660137967617
1575043017295396870
1574697952916164608
1574528746589245449
1565336029749719043
1575593342414426115
1574742899425792000
1574653546485653506
1575757471917842432
1570716368596762625
1570335033839259649
1574809009911119874
1574547329801420801
1572212960201953281
1565999113665134592
1572147302881435648
1565394255266385920
1574203624288395265
1574530816671096832
1572205831785152512
1573811012704161792
1574422468798058497
1567636182208585733
1574710045857587201
1575841009959067648
1575592665684463616
1574455646791016449
1569778017672609792
1567649760835674113
1575155035218001920
1567639657059434497
1574565514646810624
1571531568480657410
1574506241367367681
1572141966238031872
1574641708482306050
1575592983306522625
1572149981389246465
1571522343398408192
1567479746392367105
1569358578506469376
1572214341214277632
1574306635111186434
1572936433589161989
1567653153587298305
1570423134008004610
1574568177438171144
1574788697878298624
1566132398710034434
1567783761265278976
1567604232953516034
1567712187984084994
1574862631843893249
1572152267381571584
1575883171249299466
1571768900257456129
1566016301440667648
1565424646538788866
1574647879058149376
1570455144827097092
1575189431111528448
1567606997729648641
1572144198815711232
1565262839337582592
1574463579671101441
1572173933469921280
1570493481163931648
1574658672508248065
1575617341122977792
1575996877987753984
1570289972506157057
1575807423495168000
1570503934623752193
1575102706481504256
1575020525616652289
1567618507226943492
1570075219347357696
1567745341641859074
1567787862988406788
1567769833046958083
1574420648490897411
1566513727268175883
1565498644924493825
1574644377049354240
1573994862306906112
1572345492486475776
1567925388839370754
1565380360866877442
1574737646726877184
1572566236294414337
1567650632646987777
1575596917689528320
1574782716721209348
1567995335712325632
1575786948928495618
1567609742578647040
1567605611881177088
1574522770649915392
1572225017240498179
1567604529188798468
1567604378923683841
1575596673237032962
1575709460009721856
1574548423096795136
1575932928877420544
1575069707442434048
1572327334610620416
1574451616446660609
1575116011384217600
1568101848795463682
1567638691622920193
1574737846799200256
1567812685395369987
1574529072696532992
1572220928842506243
1572236692236505090
1569108116209369088
1567648206615461893
1575703572804603904
1570004786996461569
1565228209133723649
1567805467744665602
1574482800505503745
1570489876893802497
1569399344977281024
1567613657265192967
1569097525298364416
1568365160607129601
1575799348084236288
1568011896736956420
1567938671164227590
1574536466872532994
1565423517411278855
1570125286527623168
1574834946564407296
1567912296269193217
1572318975937368064
1565355987464163328
1567669024997138432
1575996997500162049
1565615154292727808
1570914756596465666
1572135579634274304
1567604817966637058
1574982696987930624
1567767238194733059
1572239399068536832
1567750846795882500
1574870752163143680
1574476968975908868
1572517904524128256
1565999322424131587
1572219512522514433
1572171285983264782
1569302884788932608
1572145285802954752
1574468661594787841
1575081685439455232
1572127242653954051
1565593733516730368
1575980967235186688
1567605112603922432
1574610685228683269
1570122777277104128
1567614688250183680
1574673388009758721
1567660849522786307
1574640944913285120
1567648588271943681
1574519833890127872
1572223703169269760
1567864011198275585
1575742648781922305
1567676450299428864
1567642813621325824
1567916301578031104
1574509877505904640
1567767948474957824
1572200217633607686
1574624768392921088
1574665645060685825
1567622172033617923
1574541174769000449
1574461710315888640
1572255277591715841
1574304888561061889
1567915509764481024
1572048838856429568
1567654336016121856
1574498890317021214
1572200408147165185
1567896354298499072
1574647672442867715
1574773255692500993
1574742199186644992
1574421120882704385
1574218686994563072
1572625581870555137
1574670547606069249
1574469898935439363
1574696680301158400
1569869750812950529
1574694627612950529
1568053892763500544
1567601462384934914
1575052308102385664
1575840621008662528
1567774812784795650
1574631886277595137
1574601900032303104
1574519189691318272
1574453211829866504
1572287514555162624
1572165274421563392
1567650073378525185
1567852597683306498
1567730555134906370
1574662886751981568
1574656752179900416
1569919349149818884
1567637857283575809
1572164688854814723
1567670435399045121
1573416541173198859
1566510350165594116
1565386013282865157
1570197455920328704
1569920230520156160
1574336834930450435
1567812683977695233
1566909655724556288
1567923830236278784
1575225348979302400
1570807363514564611
1574706393709514760
1570492719927291904
1565349829207019521
1567834376825671682
1572156946748264449
1572096723836895237
1574615348246024192
1574468696894214144
1567604267036409858
1567925661838213121
1567604808319639553
1575048241044803584
1567601388296851459
1575038025419333632
1567841230364594179
1565254291228704768
1574809695625555968
1574782367973232642
1567752803837157376
1574511053882392576
1572184134000189440
1568030020039319554
1574378635695476736
1575746865236430849
1567964801686462464
1567767207119126529
1570449856669302785
1572342887966445568
1567643254111313920
1568874020015321088
1570428458840334337
1575103764083933185
1565646501958778881
1572156198740434944
1572146100475424768
1570653775240794113
1575775966067970048
1574486492709355520
1574771591296258055
1568336109901422593
1574865799440900098
1574726260282064899
1574496455179509760
1574642305679892480
1572495001208377345
1575096485360070656
1574540925363277825
1572115344180797443
1574642499292897280
1568301441571340291
1575727680238260224
1567605347652624386
1574521301729005568
1572156072558723074
1573725949497167872
1575770588760580097
1567840218123833344
1573230364289638400
1570736772908453888
1574626802907103232
1574610584787881985
1575097613405151238
1568118432033292289
1574460918506950668
1575732249206480898
1570425471908679680
1572196393694928896
1567212020067450881
1567910858159702018
1574752940363055106
1574583940987473920
1574517251025539073
1573319666730246144
1574496646565662720
1574399739504005121
1572311533170073600
1574493133001441281
1574515252338753537
1572218990285705216
1575133895435194368
1574312793091760129
1574528973169491968
1575024973764210689
1570684459103686656
1567623049775554563
1570423566625083395
1567739520656850944
1568105315761115137
1574449838342938624
1565255719229820928
1567678502094372864
1574632203564494850
1572152269071855616
1574685643090923520
1574600032770478081
1565296422764875777
1575728129527746561
1575593705280401409
1567795993558614017
1570092788988928001
1568145604437491715
1572267631297822720
1567759910527504384
1575907615598862336
1568005229559300098
1574131262796828672
1575604462910992387
1567650054743138305
1567254894892941315
1567962165759586309
1572317462955270146
1574465453069668372
1572974501662433280
1567620519700176897
1567738173354041348
1574683577056378881
1567767825795751937
1574804666541481994
1572237729416548352
1572169348290334721
1570795559518367744
1574519843268988928
1574457974432620544
1574781216942948352
1572622449593782274
1565455321325154305
1575174608957079552
1572183272389595136
1573351612109959169
1574733953243783168
1574650626964787200
1569974927700234242
1574859109903507457
1567784517611540481
1567937476802772993
1574502812989505540
1575746864220995584
1567774103775416321
1575043167321468928
1566048865651941379
1567601496090361858
1565751327241674755
1574485784270348288
1567610012641497089
1574586456709939200
1567220041258614789
1567845957152153601
1572151027713081345
1566486614888554497
1565744810497114114
1574636704673038337
1567728588971016192
1567624033239273474
1574703270618177541
1575873486899159042
1574714185669279744
1572537749177274370
1574473379221995520
1565611460570615809
1575789795812724737
1574686996987101185
1574885232884457505
1574398544450052096
1574660903315931137
1574671657284820992
1565737821926821897
1567787261529407489
1567610741171126279
1574505452439756807
1567611565855105025
1572370770466062336
1571891126008684544
1568334943654215686
1572148598174883840
1575591955517493248
1567681328572731392
1574429759282421760
1575033914128670720
1565642220102946816
1575089561138790400
1575593034174976000
1567603592927789057
1567754348708372481
1567822640512995329
1565207036496863232
1574463778040811560
1574461296015282178
1567785495387676677
1572201917203484685
1575653639275745280
1572198354553020416
1574489036705636352
1567774094946406401
1567627250522112000
1565268571894202370
1574670763654799361
1567778893913882626
1572625337195847681
1567645799537942528
1570419090208198658
1574417691074760704
1569617327481569282
1567764227795951616
1574847308919078912
1572507941357621249
1571536049741996033
1574407113027338243
1575830813526331393
1570482679992426496
1575625535920967681
1567665029951983618
1575685452387930112
1567610616164110337
1567602589520240644
1568285561319993344
1575115981688561666
1574763956006273034
1574752230288154624
1574635544415535105
1574632058051334146
1567871231365349377
1574785606944710666
1574564579367067655
1570852292680912899
1575592274352017408
1565588926961799169
1567856782369767426
1566116995019558912
1575598738818494465
1574646078716387328
1575464103119933442
1567845072997171200
1574648587006447616
1567805161740935168
1567845230526824448
1572224016601030656
1568110348930269184
1569089024492707840
1573701550584766465
1570779858594320384
1565200088544280576
1574567388082999297
1570438580291379201
1567608802576400390
1575083575204257793
1567611214951337984
1575021906247397377
1565829014329204743
1572283777556303873
1570293545440841729
1574088858790133763
1574844400454324225
1567769790072201217
1567015115152625666
1575163334218829829
1567777786705633281
1575061601807642626
1574512866354671616
1574917172832669697
1568005818615996416
1574650127435939840
1570804443331043330
1572172080493350917
1574443466662113280
1567656404516839425
1567609366836137984
1567788151397040128
1567923941041389568
1567667183810920450
1574620547647938560
1565737435123924993
1571933027273515008
1565132951804862468
1567629015720001536
1574526807436451840
1572612866511106048
1575458636557606912
1567734895388008451
1572147873675984896
1572225988125405185
1572488261700038657
1574635823143653376
1575728750335074304
1574830211992096793
1565593376245809154
1567624532327792642
1574418660298457089
1575549138946600963
1567613606346326016
1570490722389983233
1567601277428809728
1571085922355261445
1565792153204412421
1575274190420279296
1572198192229359616
1567623402529120257
1574490277011652608
1567602261085360128
1569702513221464065
1567940353436848133
1574804046216585218
1567604843660861442
1574667274929459201
1574482753696980992
1567616898661027850
1574799521984516098
1565350174964064256
1567620931064840193
1574628062838239232
1575613784634249219
1574803485605912578
1574747061815508992
1565333146551422976
1575646608515014658
1574720790943043584
1572223722290925569
1570499344809492480
1571121100679184385
1574493905042784279
1572990240058490881
1572325083414396928
1574497321529884712
1567776153338773504
1571398934748344323
1574751101550747650
1567983221056602116
1565836479838015488
1575846967950954498
1573736906227171329
1575821952756817920
1575020904232677378
1567916487431667712
1567617422286327810
1565348512098791428
1568947595451551747
1575642617442078720
1570423822331031554
1567824144464547841
1574512081294196736
1570489515713925120
1575594400603774976
1574696434817015809
1574470151910707201
1575997521901801472
1565218131852894210
1574582386561531916
1570770176131600386
1567816240328065027
1565498932964106240
1574869826534776847
1569375096246259713
1567896858323738627
1567878919973474308
1572739559359938561
1574843494446895104
1574456447437623302
1572144225256366081
1575733917927329793
1569610474085404674
1566632396136386561
1575852651631489025
1565678686547939334
1572465227366813697
1574519845516812288
1575612019541057536
1574426305571028992
1574521005342887936
1574437690182975488
1575746870819053569
1574493945157107730
1574733924248559616
1574464449607602208
1567620808100429832
1567870487459467270
1574662916200366091
1570930193136750592
1567763192893374466
1567680993451982851
1574565549660860416
1572229905433362433
1572153662444806145
1567414763843424260
1572221431693606913
1575768830873403392
1573956949565214720
1572152255557648385
1567921279377842178
1567750960058929152
1574086588098912262
1574531511398735873
1574654670211092481
1574753222673276928
1574429361901641728
1575008326475460608
1572195677312274434
1572939133831753728
1571796155486322691
1570773792208879619
1575616243381698560
1574063438329937920
1574493479950233600
1572280307994296321
1572152159898337280
1574486774017146886
1575632490479628288
1574640631422525441
1565431527122636806
1574817378650804224
1574494267879424000
1572437249957953536
1572158511152529408
1571888917141413892
1565343098624176136
1575911880618438658
1574589532800008192
1574673422772314114
1568580298408968193
1572622308828659714
1568874509062619138
1572284826765467649
1567628744029782016
1575739482501832704
1574456979132538880
1567622877821779970
1567601076634849280
1568202661081530368
1572202908925722625
1574824201822867462
1572189800085557248
1575604480317730817
1567879201516044288
1567631997110976512
1567616064166547457
1575070446357082112
1575097202871267328
1574624457863356416
1574505366645313541
1571542941088235522
1567750846703624192
1567602675755139072
1571433524103892992
1568580573899198465
1567650517026742272
1567629961208467456
1574501440785203203
1567975608600219661
1574698456374837249
1575799867460694018
1574460779755102208
1570961869116166144
1570500722080518145
1567619169457246208
1566030132451631104
1574686006371942400
1575596836022194176
1574417763858251781
1575600685327863809
1567606039322759169
1575755800982605824
1567948332634611712
1567752848896655361
1574352104453541891
1572227202099429377
1574866514582409216
1574508617319186437
1574021196026454016
1572143401247854598
1565369970430824448
1574755404365668352
1574494883829653504
1569395195074211840
1575231494100221952
1570423534588936192
1575591892581949441
1575430191496716291
1574492953774637067
1565434575106572290
1567608100647063553
1568363055674789891
1567615690718289920
1575591599597555712
1574738181060235267
1570423905952612352
1565682737595514882
1575874104321667073
1574763596478914562
1574629424778969089
1574521383971090432
1570836246435606530
1575884885562077184
1567848443040653314
1567863458435145728
1567730816104468480
1567624464795406344
1566846063746629635
1574668502664765440
1573296913667002368
1570423113233403912
1572491722768388097
1575923803275685890
1566978497914048513
1574525133330472976
1572147383613681665
1574496374284230656
1568093926258507777
1574679344458465282
1574340787596558336
1570495306533572612
1574474062998519839
1574464504066445326
1570325706340450304
1572334633173544960
1574541261599657988
1565288764116705283
1575246693251137537
1573696135402819584
1568018751496519681
1573244960241061894
1565715103571402760
1574319476375519237
1574182093823021056
1572221757876060161
1574508434401239041
1574662657998610434
1567768941019136000
1567505117628227584
1572337660001193985
1575103358490529792
1567960477283622919
1567806064115990528
1574639389690437632
1574528207012798464
1567623819619098625
1574723771684081668
1567631360206032901
1573554800553299968
1567643940320428034
1574374487650361347
1575607413746831360
1574455477752434688
1567771010652332033
1575900765683470337
1567757506818056196
1574496919841390613
1567634338489016322
1572142093841141760
1572165196495437824
1570527850226417671
1572183149995491329
1566148216692801541
1565267999279415297
1572229206339117058
1570496357504524288
1567618253660340224
1574417141830295554
1567633017442603010
1572543356160606210
1572182222370750465
1570771443809656834
1567758805261336577
1575613758449205248
1565620095820480518
1574659171500392449
1570427216172818435
1574484109912551424
1567764947362353156
1575823487465189377
1565646622985523200
1571304069943250945
1575602459988197376
1574520616685821954
1574540618176798724
1569109029237964804
1565382642660417536
1575740623558090752
1574630233864486912
1569549475537887233
1572196078522359809
1565625123050332160
1572265517813043200
1565841502915502080
1574764385272225792
1570522791400841222
1566063272842989570
1567800036049752070
1575087765909544962
1572153077569814529
1570422723964465155
1574702931579785216
1575758492836966401
1574627484099911681
1574717182533341184
1567601568681181186
1575211014752468992
1567891177701089286
1574744275232780288
1574766906137088002
1574607319685484544
1567654344262127618
1575739393155137543
1574832283990855694
1565732055203340290
1574593224433352713
1567627577702875136
1574632765307461634
1574462538846277634
1574044514179751938
1565196377159786496
1567765142120677376
1574528310662483968
1568940550971088897
1574453646787420160
1571377705471426561
1568957088386224129
1574834441284980755
1574728898377654272
1565657727669526530
1574515581885108224
1572292449959088128
1567739125465317378
1572181874176294913
1572177783073259521
1575803804909703169
1575699939589763072
1567861277850042368
1574808554074144768
1566145367237951489
1571553239090208771
1575805815528689664
1574525720298151947
1575414090951950337
1569948390938804225
1567867839544958978
1575159992960925696
1574499311404171265
1568293357272571906
1575857849527201792
1575836959876198401
1567679653732548612
1567768500352991233
1574659844644261889
1570389112510877698
1565729807123480576
1565351951273185281
1572187242227011586
1567603636204609539
1574513004548222976
1565657357790707712
1574512499399036930
1574654356204519426
1570963139784773634
1575236396813467648
1572648879375503365
1567606095627141121
1572267434396078086
1572605651221680128
1571875467036348418
1575825678980694017
1565739049557573633
1567604366781173760
1568392405732179969
1574493030660423681
1567654703462318080
1574856001710395398
1574509528254746627
1575757684191547392
1575726299942858755
1570490449756037120
1567611011493937154
1567719068735504384
1574622017739165696
1574640764927475712
1568562946069913605
1574499799700848646
1570500293875609600
1574450491609726977
1572160701631954944
1572225560339951616
1574676179633770496
1574471010153369615
1571528886839836672
1575605193630416896
1572286169186201600
1575591479476916225
1575849542104526848
1575701453070430209
1567990815007592448
1567838340866523136
1567649326515556352
1566857778563530753
1574648948068753408
1571416285895868416
1575225575496880128
1567763836429541377
1567619994606780418
1570553784203628545
1567814471581634560
1574419143415287808
1567922102824493056
1574591377853267993
1575816242682023937
1574464068878045187
1565634888694435840
1575591653275889664
1567613065981562886
1574486011710963713
1567778932836995076
1575905637946757120
1567656217417244672
1574708328659181568
1574464813996150796
1568580003083976705
1574669693989883904
1572142951215599617
1574584617231069190
1567768605554606080
1575390232509292545
1574845259825221638
1568215732986470401
1569738726019923969
1575127972725547008
1567641883790147586
1574523230035009551
1570772621717012484
1573007153002315777
1574873411704201248
1574626425428131844
1572167996327731201
1565413076639285252
1572220257028411392
1570526531193282561
1571389343389843457
1567602505504227328
1574517918041268237
1574784213965996032
1567630853601214466
1574468334904655872
1570424393918038016
1574670874158178304
1572556898985209858
1574437516597493761
1567739404910825473
1574499970647875584
1575848253958021120
1572167417438277633
1575741643814494208
1574695194611441664
1574701666787639296
1567786450061590534
1574517551505485824
1567640939333656576
1567733130169094144
1567863380643299334
1574575386607828992
1572145092101640192
1568967775095226369
1573933928955744256
1574857880112664577
1567837241963159559
1565146705959522305
1565755649467846660
1575034159742885889
1572987808620449793
1565612080409067521
1575881734335365122
1574754087333150720
1567611098458726400
1567975812951060480
1568803268486381569
1570686407152177153
1568334347815583744
1567609718662651904
1569455897440845824
1574455201905328128
1575643499898118144
1567754361081675777
1574628294397513728
1575300155997396995
1574816919877828612
1574716519937765376
1574674619893944322
1567618577422761984
1574468318299394062
1572149854440419328
1572144413731602432
1575921517908529152
1569393521655783427
1567604815420694528
1572178978122653696
1567766842810290181
1567628585606717441
1572263522763177991
1567837302050668546
1567830879472435201
1575092253672222722
1567608920662745088
1574491230960074769
1566748990686781443
1575769455103463425
1565273458061238273
1567902547591004164
1567690091035869184
1574518938054058007
1565634422900154370
1565559678544891904
1574643078954192897
1574407190189850626
1566041330006085633
1574365117587902465
1574504537410670592
1567601920545521665
1574558559899090947
1567617664377360385
1574708337811169280
1572200814105563139
1575726614276878337
1569958943182520321
1567714561691717632
1574498714592460819
1567738027161657344
1567645057074794496
1574691212128403457
1570501900302426112
1575450236562153472
1574557457967349778
1574804668743565312
1574373728238067713
1574421102050394114
1567625025917796352
1565689416940658690
1565512110724878336
1575597998666498048
1567605180635414528
1574453970164224001
1571736455373791235
1572162475818160128
1575111380684140544
1574637982094659585
1574624647949463552
1572216907230740480
1565651477892325379
1574781907774087168
1572148628252405761
1574492008454180864
1568690251866189825
1565704395278393344
1567691001912770562
1573645661211443200
1572284294135009283
1572260152560218114
1574869047350628352
1565379850541604869
1574632420715945984
1567619544901894148
1567606401341464577
1572233892978892800
1567833106136055808
1565330995620073475
1565985486656634881
1567606709467717632
1570155143760576513
1575985278635757568
1572197546512240648
1575629429065547777
1572127196969574400
1566725640300142592
1574709028751646722
1574811945429073924
1567864675441704960
1567735151072788482
1575596464717565953
1567687277438025730
1575855035694878720
1572167578218291201
1574459707146010625
1570363961232728066
1567734465882996737
1567895288270000134
1567912814173356032
1567867287020904449
1567798594178093056
1567613406609395712
1574495992677908491
1575625828661985281
1575835729061560321
1574548468818903040
1572706606571474944
1575816443731800067
1574510101469224970
1569655333999775745
1575595894535487488
1567616457885847553
1572142357222666241
1567636400253591552
1574502535917862912
1570286178389082112
1565355712510922752
1574797532177235969
1574493981647552525
1574760550881525760
1572198453975056384
1567846628546969602
1569111493253144576
1567623557554884610
1574685486169444353
1567742427171115010
1572172931085602817
1575442958140293120
1574658909796651008
1567615475722379267
1574683827263664128
1567623914800533506
1573012515470147590
1570960010590720000
1574668839421255680
1572241857790230528
1565603734360670208
1574805251122728960
1574465458933493760
1574652078424629248
1567965448364519424
1574529339760300040
1567785291552784386
1567870963705954304
1572522139827445766
1565675756855955456
1569920095773773824
1574640675530084353
1575601286556561409
1567867361830502400
1567602871234871297
1574692093783580672
1567794885834555392
1574510300660916247
1570423126441472003
1570507395666972672
1567746848806379521
1572679273311354880
1567752117204525059
1575591754749050880
1574756054948364288
1566860390880927744
1574497301229453320
1574457128336564224
1574518606393909248
1574523797423603712
1574495494109380623
1567785061465866240
1573147599724486656
1565293689840205824
1574267087324864512
1565616328756662272
1575595020505485313
1574493367588691968
1567705295366901763
1567904113308094464
1567874445565378561
1574641314980941829
1570598220811862016
1575978415575863296
1567829771484004352
1565949622396272640
1567764094240915457
1574668155301072896
1567613911058337798
1567814547880251395
1572142140293279749
1572165217345306624
1568025899768897536
1567958920521457665
1572219772011696128
1565174603860828162
1573924835553574912
1574480653747470342
1572335222074507265
1573931150778802177
1570477206425542661
1566985392976535553
1572727373094592519
1574669827993640960
1570436712148471809
1575730866789416960
1574493372500393985
1574853694788669464
1567918489691734016
1574852004291149824
1574762361621254144
1572179895010185219
1571495833971101697
1568654596356337666
1572198204489220096
1572145110212833281
1574688311951638528
1572183018164436993
1571549665933271044
1575384297212678144
1575610269816213505
1570785452206194689
1567704338742579203
1567860955542962178
1575160406431059969
1574768154978516993
1565665564126838789
1570447029666553859
1574757187368402944
1574634081001906176
1574773319496245250
1570492120263434241
1575654264084439040
1574601208605835264
1575908467722051585
1575853674345402374
1574744108182261762
1567747911798095876
1574020775711047682
1567564882874089472
1565290962892488705
1575158843893551104
1567664635322433537
1569966401904939009
1574431611944407042
1573743421038239745
1574524318066700288
1575801496104759297
1570583019282628608
1574635398940459008
1567436896170557445
1572266599763132418
1565401083375243268
1574701564354338818
1572246049397567490
1565812351479201793
1574497217716666374
1565385267741073408
1572636256135450631
1575595318737240064
1567779978141487104
1567606355082584064
1567602652648771588
1567614240042717186
1575722664546562048
1575825539738537984
1572163836425424896
1572142120219332610
1570876365397958657
1566527118577733634
1574755889713659905
1574498678169292805
1567962661165629441
1575161779948179466
1567638072556244994
1567606381192019972
1568387727959425024
1575592926981156864
1575592111021641729
1574640099119157249
1567605134921711618
1575996606029393920
1574514472483524608
1574510597189693440
1565216756834205697
1567767056996597760
1575046999312723968
1572549931600347137
1572152567089733639
1574836945930391553
1574669728651493376
1574612966921543680
1567602665202270210
1567794542237175812
1567610160540958722
1574847100348678145
1574825539822653440
1575593387872653312
1574497750057730052
1574744293851414528
1572199525325934592
1568003738421321730
1572473386831597568
1575732044537397248
1566510661252878337
1574526376472096768
1574460119567536140
1574777911789473792
1573764752685367300
1567603936617529344
1567627555431120899
1574560835879731200
1570197572693680130
1574687353213444096
1566847634425495555
1575024148945903616
1575842783520120833
1567798060964511744
1565472454260264960
1567601436514557953
1575873373481336832
1575099899124891649
1567879752236646402
1567846029290004480
1574505370898284545
1574519349901156353
1572319517530902535
1567975430849990656
1574506655357755397
1575997641661419521
1567792385043709954
1574671857281691648
1572550661216309256
1575195608184258560
1567977500965216257
1575050086865698816
1565341260960804866
1574849798427054086
1565217896145510400
1574420602676514818
1575719762264739840
1574649248339337216
1573816064001155072
1570519745769897984
1575375746977112065
1570387907181158400
1570272884404142080
1565202220320276486
1569709295616524294
1574074233168224258
1565331373312843776
1565751782919356418
1567601615246446594
1567922883996880897
1575591707806408704
1575720218034204675
1567617126403346441
1575120423561433088
1567601165805797382
1565347848933507073
1572292715907514369
1567910444148445185
1574733389479161858
1569394207609049090
1569204914475405315
1567823414139785218
1575694822966697984
1567609737411235847
1574690034674171905
1567561618078273544
1574536884922986497
1574002610968879107
1565381890437222401
1567637130612031490
1574817410544181248
1570289847893430273
1574638908054409216
1567695810183237633
1575492790800510976
1574637086208131075
1567892131758456834
1567611703495475201
1572269218296647681
1568125231486668800
1572148090118733824
1574631177847443456
1575615142863466496
1565328993041129474
1568358623759241216
1570669288679440384
1574691676735643648
1571555577121185793
1568673893744889856
1573011061992734724
1571626121355210752
1571615789014212610
1572465168981925890
1570701851364032516
1572704106753720320
1573749864281825282
1570685684075368448
1567762351360729090
1567627571126321159
1574503473109864448
1567638375548567552
1574500444998713356
1574495548803088384
1574314683464499202
1571439051655516160
1571149869867479040
1565140160592973824
1574499765978644505
1575664292958904320
1572238391026106368
1574502749685035009
1567769060221358082
1565239569351598081
1571499152911073280
1567533089340923907
1572146706598490113
1575037274945130499
1574581209405194240
1574619330976698368
1574685487171833857
1567187306217357315
1565591178283712512
1575818731431014402
1575821793935626240
1567881286831710209
1574495886587068416
1567688306263232512
1574517991823364097
1574492321969848328
1569321806372245511
1574457849492770816
1567609692234436609
1574780601982484480
1565261034604175360
1572259678444199939
1567622755301969921
1567962054690222080
1575713512860573697
1575121640052199432
1570423223715790855
1567601691389829120
1575947726642065408
1574541340964278277
1574728179717230593
1567618687347081217
1575980252072882177
1567765745060159488
1574511423866249217
1574719684544548864
1575714643292540928
1574171538617688066
1572150851770241024
1572675909164974081
1575720941027438593
1570427799462354944
1567798674490621952
1572296538029948928
1575600664843276291
1574634396799361025
1574495412362395669
1574734828569710592
1570844426238558210
1572679326746775558
1573699571188142084
1567702238511898624
1567093582900633603
1574514440061722624
1575591803230642178
1565639086504828928
1575699348687654912
1571889611688771586
1575770785196621824
1574496751259729954
1574421693182971906
1568153299072712706
1575602288529317890
1574458976225198080
1565850965269413889
1570504996831252480
1565264516526505984
1575650122779611136
1565237339579875328
1574619184717496320
1575594713922473986
1574707220515680256
1575604874741682177
1572306402244431872
1572143318833795073
1569400529171918854
1567730722487533569
1574747363323056131
1574777631756750854
1574560017373593602
1574500174566768709
1567960923046035461
1574501884253159454
1567747350755426304
1572151409914560515
1572181091930316807
1572934985195167744
1570337256136663045
1574783920012410882
1574771877318463489
1574629581046181889
1567906834119262208
1567710914480164864
1574499695736635395
1567606728878948358
1575592439842078721
1574691836353986562
1574609725500624920
1574474412061237248
1568039301467832320
1572182471198019585
1567805652868956160
1565647553739296768
1575969044359847936
1568331426310791168
1574499340701212673
1575835158565064704
1575730671909498881
1572435787832082433
1570113556745437185
1575618374272327680
1574676677338112001
1572142258396475393
1567927632913698817
1575591180028739584
1567604404177571840
1574824678522327041
1574713901891174400
1567742553419644930
1565602460172967936
1575537068259692544
1567973350865096705
1567787666023792641
1574748757870407680
1567602716930723840
1574707473780740096
1575695818128261120
1574732504547966976
1572195861924581378
1570896602331774977
1572234966217510913
1567901923642163200
1572180526873845761
1574760224665346048
1574856976592474129
1567909985820065792
1570947560289800195
1575159295867441155
1567636255248187394
1572245888113987585
1566644111045758976
1568867385444290560
1575634593461379073
1571603097314639872
1565790793541058563
1567895891956142084
1575979298623614976
1569096195858993153
1571938135218552834
1567763014748721154
1571546219612180481
1574626967248408576
1574268470430408706
1567479564963663872
1574506873230876672
1567800843801432068
1574628702935187462
1567602656436174849
1574517670996762624
1570494759441174535
1565983832934944768
1572419096293130241
1574760650336878594
1574485142520872960
1574805033996230659
1575753542186373120
1572679663918489600
1570878433428905985
1572074667598282752
1572170486175629314
1574630863966552066
1575726854689939457
1567608825422790662
1574472891973918720
1567636424437993472
1565722439967014917
1570435252908134402
1566485048764891137
1567808336921255936
1572684023708938240
1572279654786158592
1573720705677639685
1575736385478066179
1575160099961716737
1575808602366824448
1570090744693813249
1565446349092536320
1575860317388578816
1574760082558025730
1570092243133906947
1574661665957842946
1572321160024694784
1567873500324548620
1574749759042383874
1572189070050066434
1574528687751700480
1572003505979678722
1574737668067368960
1572227399676461056
1567612890487705600
1574656738850054144
1572144660532924418
1572315575602532353
1567618172425064448
1575647242673082368
1567642769639833601
1574504075676246016
1575735023197487106
1574688869282467840
1572539183792787456
1571842259372367875
1574740793642057733
1574424466842697730
1572488521688190976
1574431495741210625
1565973765862866944
1565243246669955075
1565171613091389441
1575750439466782720
1567606904083419137
1567796521646555137
1571569364742148096
1567602469366104065
1574291373389389825
1575120548354576385
1574722629231316992
1572327582682464258
1567780501380911108
1574417868338380802
1567611248505675778
1575185467238064128
1574727576945393667
1565387024579821568
1574548005440585743
1574495604646068226
1574522575912329216
1572725595502710784
1565704318396911620
1567606593042145281
1575603059870560256
1572651309836165121
1570209712502620162
1565617520576544769
1574329026558464001
1570489998285352960
1574703077294473218
1570036372576129027
1569636739672641539
1575248817628319762
1574841102527598629
1570491666611732481
1565725682386325504
1575020360948678656
1572957594875994112
1567806441917915138
1574819561517584387
1570424380852957184
1574624374874783745
1568169390012604417
1567908508447678466
1567611840485523466
1567677475055878145
1572186526523740160
1575843353320914945
1572267206355951622
1570431755257012231
1575853992256499712
1567791880829534208
1565288847017222146
1569108587535810563
1574499618360115218
1567910608955183106
1574812720419016704
1574510847967100928
1574503343040479251
1567976615778422784
1574631102886576128
1572143445711683585
1575592780168327170
1570669736136003590
1570429706758930432
1567935790897893385
1574681691943305218
1573736025746292737
1574499510390341652
1570489731347279872
1574694938331054082
1565716840537546752
1575777505847697408
1570458111965634560
1575159976120954880
1574534500549369857
1566817346068570114
1567733676951179265
1568380910919159811
1566846929299972096
1574634318063755264
1572453256135315457
1575735609183784960
1567276482858287104
1570363984083320832
1567742387526549504
1572159259387006978
1567601547797843970
1574494907913453594
1567799508972486658
1572894048658268160
1574102209515642881
1574493975087661079
1567619308854906880
1575727520715980800
1571787635026268161
1567906722672529410
1568531750694916097
1574743291371061252
1568658746930257920
1565335068347731971
1567671133389967361
1567601788865355784
1565337826849198092
1573521592998584320
1572245313494126592
1574753080486363138
1567946376838844420
1575891691130695680
1574071271909982210
1570539626213052416
1573304151689281536
1574716309119504384
1575954655221161984
1575597624966942721
1575772326393614336
1575613993900683264
1572633944272637953
1570898671637778433
1574500375289380868
1572237407251996673
1568274942852059136
1567863135159173120
1569925962359345152
1574500653224935442
1574560911213600768
1567605705837887490
1567754203455524866
1575112658067820544
1572153644916809728
1573012951845416960
1574501059829153815
1574450800394440705
1567990863321788416
1572217425122455555
1567948804959207427
1567844608192778240
1574647131201146880
1574504554732871691
1567855000545595394
1574502901451571228
1565328524457697282
1574571689534431258
1567602558847356928
1574496271397691392
1572638301944676354
1571643321759731712
1572181342074589184
1574736243790782465
1567974501740150785
1574512541572661248
1570020810173079553
1575847723210637312
1570121156513898497
1574438782102900737
1569639128895209474
1567901091114655745
1575149858004078597
1570702693311873025
1574759686146228224
1575593270259769345
1574426972695846912
1572509215146799105
1572230216625299456
1572467079718002689
1567638002016391169
1572335327943041024
1570425269755805696
1574974223856021504
1572222488670773249
1567606732221710337
1575455823987441667
1570670391781367809
1567841486175092736
1567753458366795777
1567750401327251456
1574703888372215810
1572216494435729409
1571835560938848258
1571156627222413315
1570498188569899011
1568713811170918401
1567733010400788482
1567620229827641347
1575747481312239616
1568675172630020101
1567622362555711488
1567608437281890307
1572363868331982849
1574500250156515356
1572285051085410307
1567254975289430017
1574423912515252224
1567747303796088833
1568276607185391616
1574638937573756928
1574649222930092033
1567742473232912384
1567728523560747008
1570855664033083395
1573971729042530307
1567454208806338562
1567636583653810178
1568658395678519296
1567732397403246592
1570362912291815425
1567624263028424704
1575737843317542915
1574492210497830930
1574661043749470208
1567882172660436996
1565174895683575808
1568146043165868032
1575165588703281155
1572142411496783872
1574648562176368641
1574643928816566272
1567619588237443073
1565223341455298560
1572457661169561601
1574494137004572694
1567958150585761798
1574507501487284234
1574497573926322183
1567887395663609857
1567610193449553925
1575115012116549633
1574513529100840966
1570505898581458946
1567953665025097729
1575602608043044866
1567638731372232706
1565837311354486786
1574631615976079362
1565687370850115588
1575611635632177152
1571394506800390144
1574665677339623424
1575018110645510144
1567889057098653696
1572671711744593922
1569665728512499716
1574485005346250758
1572615646801698816
1572793507043053572
1574662262115405825
1572492228655980545
1565269458649849856
1567771491923542017
1575712523755495425
1573989605212315648
1567654413673570305
1565639862333620224
1574714423763030016
1567836003242594307
1574493167096713216
1566513761598545922
1567601331665342473
1574616894010957824
1565512572194803717
1567663725733109763
1567606898031042561
1575621934150488064
1575105768042295296
1572865384004337665
1567878616637218823
1567797290554851330
1567748409041248257
1567757538543734784
1567680015864676352
1574801832005738499
1574541869559828510
