1417167883088678915
1419229706424143875
1413841105859354626
1416498447725867010
1419088959091707911
1411747163655319555
1411993287326633991
1413805071612235779
1416700109761486848
1419157057698242563
1411336819602493440
1416700850232307715
1416744913597779973
1413501124947103745
1420082563113172999
1419095730770391048
1419110038254325761
1419016917503840256
1419031559181582346
1420184382820786176
1419202490780823553
1416409973693816834
1412250941571616769
1413881791895719936
1419056960192843777
1416051044631654401
1419055039365136384
1410974543955566595
1416727588484042752
1419201095944085505
1412135726104338433
1411336228910292993
1421373922776436736
1420461477220261889
1419245844046430208
1419015124896071682
1414037359956537345
1413906548322099210
1419388500126969857
1413875484824375301
1416785133940715521
1416523030260506624
1417201423276707844
1413842653091966979
1419201594516725765
1419043357003853829
1413874063085293572
1419213949145280514
1416422717318828034
1418578077614067715
