1133841011367653376
1134113948599508992
1132556012089675777
1131215233731702784
1132624111782498304
1124196097323302912
1131213219085918208
1134145011048747011
1129690938576691200
1134335434761416706
1131221301761335302
1131219281830658049
1125997577353224192
1126038906925998081
1132554982681653249
1134180195550842881
1131244274148937728
1134193907930140677
1131218510145904640
1127151105266397184
1134220559787732997
1134138263730577408
1131215975687368704
1134135329999470592
1134340573383577600
1130765976339980291
1131215821588586496
1134193975882125324
1131218662076104709
1127143510401003523
1132730094177411074
1134200717986684929
1134340900719603714
1134247072755044352
1131216206738984960
1132672463165435904
1134439345778282496
1132655272936316929
1134138711761965057
1134193824467750912
1131219077861662726
1125143762861219842
1131212553328177153
1134133821295738889
1134111854513573889
1134109899170955265
1126121860784119809
1132554612567957504
1134143801575055361
1133415219894661121
1131222087593594881
1134483728653266944
1131223361948913664
1134145778937716743
1131240440143982592
1133840699110174720
1131228636370096129
1134174279023628289
1134177847071739904
1131214566925455361
1134453944036536320
1134134583837024257
1134307602353885184
1131216202897022976
1134152104950599680
1134116420407758848
1134131309754945537
1134177167955374080
1134328652634710016
1134140335955861504
1131227830736564225
1131242708293623808
1134139829346848769
1131226514459176961
1134129278399012864
1134362271990341633
1134166960743362560
1134162488809988096
1131217966299791362
1134200343380791299
1134116425193406466
1131228721506127874
1126123431471263744
1131212391012884481
1134156493937348608
1134159148646637568
1131245583493152769
1134201109017452545
1134180752999014400
1134305028095668225
1134134496457056257
1131216572327055360
1129091066945318912
1123504071846055936
1134114678211317765
1125856318034780160
1131219164423761920
1134301160989265920
