1250502893582667784
1249205261912412161
1252335023589490689
1254494714633519105
1250570234072834048
1250577839591698433
1249817553997881351
1250524286856634375
1250445169436098561
1250503980003872768
1250532532673753089
1250503069739204611
1249012333105610752
1250503562959953922
1250510867579502592
1250454348603293700
1250461195485790208
1250502710648061953
1250526009675395076
1250503139825979393
1248980768464011264
1245805134669627392
1250508197401673731
1250509524542410754
1250527585597042696
1250526053262667776
1250511582230183936
1250536594152534018
1250514301481295873
1250503311087763457
1250505647495487489
1250517711492395008
1250502951698935815
1246046701682659328
1248980591778938891
1250740933630574594
1247129905277677568
1249057286863151105
1250499031358410752
1250664336982454272
1250506419209678854
1250524320616656898
1250450349649022976
1250530999550775298
1250509796090019842
1250550430603644929
1250541717494943744
1250442438574923778
1253687821874991104
1250503151301599238
1250435518518583297
1250515884235513862
1255716963764051968
1250544532183298051
1250693671227478017
1251985606248402945
1250501997511540737
1250504227367129088
1252334928479518723
1253589603426197505
1250502944564314115
1250819549181751296
1250505869789474821
1250745869298733056
1250512143381860353
1250530887776841728
1250502150666498048
1250503133769412608
1250506988024410115
1250639163445194753
1245270995600113670
1250502217825746945
1250502236024823813
1250555816022810624
1251534002344919042
1250509834887168000
1250530564307812352
1250504675763400707
1250813988918775811
1253294747491368962
1250499755454717955
1250821332771786755
1250514169222365189
1252519838930649091
1250777129182248960
1250502948226023425
1249656920279048194
