1476632384820887556
1466414644994756614
1467763626278723592
1469856041504489472
1471772397179129867
1475941295596228608
1476560831295143936
1468342389882462212
1477013304543531008
1471064223711211521
1470610811689263108
1475621450992259075
1471873551946952712
1466549886862643200
1468725177181638657
1471768776400162820
1471698782249119744
1469862739728293898
1466417729829806085
1466429063749373961
1466404911734738952
1468446293387325440
1472249664732684293
1477025746950438918
1468984421353246727
1471809207641026564
1466771525181263879
1475863644961492995
1471915567267340291
1468655655515049989
1469055127294296065
1469411580253200384
1466413430999506950
