1332797257733779457
1327165348743884801
1326937679750115328
1332709832458113025
1327930345388433409
1327865184803753984
1323183324517535745
1327021212472664067
1332719873663885313
1329846601872011270
1327349059154288641
1329328596259926017
1327151180896739333
1326998931650338825
1326962886200201217
1332702929954988032
1323202875829473282
1326992275176558595
1332701539245428736
1332711919057297408
1326944645918691329
1332702723330990083
1323008940242817027
1326891222351351808
1324338765406588928
1329726666839625729
1326997224778297347
1326340946846511106
1324405430064500736
1329519857734389761
1331255562986786817
1332739869026758658
1324015283812634628
1332725233036513283
1326376612884049920
1326282768603557895
1327000578891927562
1332702332501553153
1329860517968703496
1328043344778424320
1323042638912757763
1332767193495461893
1331897412047212544
1332972343904399362
1332872107387129862
1327011230272409600
1326672778586677248
1323066643178729472
1327205337720639488
1327262079141732352
1332713353312149505
1326923524473315329
1327151110537310209
1330880850498609153
1326240870753050624
1331888647864512513
1326990636860526592
1326168492882747394
1326807353304485888
1332708697601142793
1326210784029003777
1331211603015061508
1327311747154386946
1327205981344952321
1327155095499378688
1332871258237702144
1332759290709487616
1331888726511902724
1332964478514761728
1332872515618824194
1333071955315003393
1331991793903210496
1323190810670780416
1332216622388482048
1329141553592406017
1331958255145398275
1323231731466543106
1326190632126263297
1326270984501022723
1327900505583079430
1330981142095343617
1332719102843121665
1332707905401925635
1327257233898541056
1327139062558363650
1332701785161666560
1332762966261977092
1331993258164178944
1326975093889785861
1326903293344411655
1324340159358345217
1327224629514080261
1331607053522112513
1324393885750173701
1332718683907645441
1332717565085413376
1327268537380036608
1332755629929340928
1326961168305549313
1327289344378490880
1327164732600692737
1326376099404767235
1332961268282646530
1332725849058140160
1327252752213413891
1332701094196240384
1327396151771983872
1331896900514091010
1323009708412817409
1326933108021669890
1332019857030832131
1332773461836656640
1326962604166754305
1327852582988034048
1329903337869889538
1323023806408101890
1332766961483255809
1326624485273972738
1332713618983559168
1324338164627132416
1327159908253437952
1323267974413783041
1332737803944419329
1327014801739034624
1326926447810932737
1331898898076536832
1332819335841198093
1327322516575186944
1327043937622757377
1326375319398453248
1327577880231112705
1326917910552522752
1326144904406441985
1332788410843615232
1327944294464974849
1327360271501979648
1327196393770004481
1333397542147600384
1326982642571636736
1323232293092208640
1324590276590133248
1327150808778072064
1328000262510882817
1327355992984719362
1332806371427880960
1333296989061181442
1329522577367310342
1327018408773292039
1331885014276038658
1326972032244994049
1332778740628254722
1329467695432077318
1327130844784373760
1332721685905113089
1323145638763220992
1332705328887177223
1326376520357728256
1332809092809822208
1333055512603222018
1332711912807796738
1327009124928942080
1326556102197186560
1332975655433199618
1327160152374599682
1324340810339487744
1324745958911963136
1332745790213730307
1327481852878315521
1333530470743674881
1326933830356389888
1332701800848388100
1332717237308973064
1327010415071662084
1326172668832387075
1326532279716425730
1327966482853146624
1329522384014090248
1332706878401470467
1327146421368320001
1332707064775405569
1329521385895567367
1326989085223903238
1333065090283737088
1323155433549369344
1331903821124145157
1327006302791471105
1328062511338450946
1332704891240902658
1326990753952919557
1326974988193292288
1326919965103038464
1327296777339473920
1327194391644155904
1329803711963533314
1323378211175227398
1327951241037684736
1332980901232435200
1327176992475770881
1332785653181014016
1327304433508773889
1326990083925405696
1324338209799786497
1328093490618785798
1332811940322807808
1332757713651163136
1331734782548512769
1328284802106142720
1332709912527429634
1327273054603538434
1327942625278767109
1332280007775768576
1332977150790668289
1326186975997648896
1326526994767605761
1325828807643820037
1332808598645317634
1332794361545887745
1331892724203724801
1332961348158951430
1327310057210597376
1326960576929681414
1327169845599883264
1329520683857174530
1326159306446802944
1323324795828797444
1330894566166237187
1331942235802378240
1331931075224985606
1332764517571375106
1332722122679050240
1332801832528261122
1327178104041836545
1332704475321085953
1323029837678870536
1332777242162761731
1327085561321058306
1332809335764869121
1327100666289008641
1323206958766346254
1327256440768262146
1327070510908387328
1332752642204905475
1323267999680266241
1326994682681970688
1326991206665105408
1327187004543676421
1327354353821372418
1332880656376893443
1327009791093432322
1332735527557148673
1326559449109196827
1332717276148150276
1326907785213251589
1332748702604267529
1331942809310523393
1327053376337666049
1333297026000429057
1326219749571895298
1332130237279326208
1329446554575515651
1331255019874758656
1332709347349172224
1327062714620006400
1327045101282095105
1324341390298546273
1327687808316792835
1322962147618492416
1327896614426587137
1332713401865351169
1326272035400642561
1326982182318051349
1326346184047419392
1327218412335099904
1332726424231403523
1326965655749464080
1323021664637145090
1332721639247712261
1326901160603758599
1327197131636174848
1332769797415821312
1324570233517072385
1333314370655412224
1327194751821615106
1323387000653795329
1328456338964361221
1326200686384701441
1328993276930691072
1329521012560572417
1327684501284286467
1332745626040328207
1326978463912390658
1332711662466572289
1326893339610927104
1326987757974073344
1328279867125882880
1331890919226945536
1332996606388555777
1323325404946583552
1326929938038067201
1332705303796867072
1332012326216720388
1326144454085005313
1330981206607982593
1327144174286745602
1327688089079312384
1327141359665487872
1332804458925920258
1327320405863002112
1332025700824571904
1332897911127101443
1332725393195999233
1324745977798930433
1327003361107992578
1327872327959371776
1326131445837025280
1327251367652691970
1332801047920832518
1326994352850296836
1332701071068835840
1324388552545914880
1326374694019330049
1329469645418618886
1327173149323108352
1328013198654664706
1326968744036474881
1327180236270628864
1326378829284249601
1326925448383766529
1331736091607625736
1331917188672987136
1326880565476417537
1330467890588508162
1332836554621014018
1329521516518776842
1326208996970270720
1324355488155316225
1331884047681851392
1333445828804046850
1327197507517091845
1326948434339917825
1332029710751109121
1326958720732061696
1323334808123199489
1333063724438007809
1327774011695226881
1332728651016757251
1326994388141150211
1327061464901881856
1326355524175032321
1332702351174619137
1327025480940335104
1332709979678273536
1327180685543698437
1327177201595375616
1323325491651239936
1332754273004826627
1327557445808517120
1330447991451365376
1332059816123129856
1331938993471172608
1332217861784416256
1327217477768646656
1327000105094885379
1326967113072988161
1326867785197248513
1326891112334848001
1332747547178393601
1327255891230547971
1332775042418094089
1327299018494521345
1323335815313952768
1331886650704719873
1327039303726325764
1327001127985033217
1327242978050584578
1331886149548314625
1327158138664005633
1327320522837909507
1332016465973825537
1327011824244502537
1332964417538060297
1327869378004721665
1327168993585729536
1327004480597090311
1327262456566210561
1327026561627942915
1326993247344992262
1327174510014062592
1332752495693754382
1333221908603498496
1332279983927017472
1332017970399371266
1328995067697262593
1332700914256404483
1327966953965842432
1327002316059398148
1330634045122809856
1327578544910839808
1329903193376108548
1323188738164445185
1327319543623127044
