1288974815576064000
1287827144505282561
1289344576298184705
1288479517422624769
1288528692512206848
1288563225324388355
1289040488763469825
1285062619200708611
1284178417097867264
1288776639942479873
1286803610903490560
1286692252270702593
1288952584213008384
1288500923044593665
1289031340059496448
1288961141616578560
1286696297139802113
1286786323857018880
1288948383537823744
1280576811777372162
1284734447515054080
1288167533300731905
1288514021205868544
1285733743488110592
1284804273914753031
1283840590782664704
1284977009261785090
1288434767332093953
1287832964592795648
1284837302498451459
1280724301868609537
1288944150679822336
1284128624396951552
1288480532699979781
1288974089697349633
1288461730042060801
1288629378092589057
1280787359676739585
1289116390339817473
1288591345716731907
1287838157795360769
1288918366250565632
1286689671360073728
1288182783442067461
1284942960107421698
1288828358516776960
1287827876650393600
1288438207915450369
1288452134330150914
1281447139881541632
1288779397470789632
1288962124665049088
1280562023647137792
1288574310316154888
1289132901326618627
1288494633723494400
1288527749410422785
1288895069538398211
1288936376831037452
1284763082665996290
1279493997099188224
1280592372494151683
1288996728780324870
1288453142837895168
1280493322495307777
1288960740213297152
1280771853166968832
1284798941419253761
1288544644595437570
1288954326694662146
1288428512286834688
1283459297117196293
1288167564208529408
1288896111315476483
1288476488895991809
1288531786016927744
1288948139081306114
1282518789158866945
1284447244368961537
1287139991353581569
1284950040973398016
1280550386076659713
1283204339574681600
1278429172977807361
1283924483447848960
1288444474104963074
1279215037207330816
1288235515511070720
1285551213275156480
1286689570403180545
1279659790344630272
1287863243638108161
1288763225790709760
1286696328018313217
1284923980260929536
1288431200860868614
1284739301083947017
1280753820889473027
1288958817250803713
1280599746542002178
1279592729266335747
1288956293395488768
1284144662589177856
1289098034966605824
1282691210457632768
1280748460732551170
1283078080182050817
1284144701411667970
1289217920396980227
1279215060942852096
1288251406005096448
1289171059049193475
1288963827485290499
1280652802390462466
1288453625732308992
1288926296333078528
1287826808042389506
1288945276317773832
1288435899680907264
1289049851414679552
1284738405230878722
1286786089768767490
1284743832953933825
1288947402070794242
1279511369839185921
1280743011954167808
1283156946334474240
1288479949075120128
1280557603031040003
