1263643493232250880
1259446197342932993
1265644114361663488
1259492174133166080
1258761127514816512
1264894545428385792
1259436432034279424
1259451785573523456
1260905822525313025
1260288558952321025
1259524392926810113
1263569825756053504
1259482149885009920
1259515932575174656
1259449796844310528
1259434003851083777
1256665915002847232
1259518134693900289
1259492499946692611
1259473961584340997
1257583159283245057
1266666540499378179
1259632851038986240
1262706277932769280
1259497697582743552
1259482134206652418
1260554782726651905
1259549291674243072
1267184624561786883
1259495097302908928
1259438851082399747
1264678531369504768
1256664009685839877
1266854398560546816
1259510867122585600
1259486971816226816
1259435930101915649
1265230878449467392
1259463004086849536
1259442873134485505
1259453114719129605
1260675274989015040
1266358519193915392
1266500502109466624
1265077615913771011
1260685859080241153
1265751001061044224
1259441247334404096
1259438249371750400
1260720028510564359
1259436482177183744
1259440981872652288
1257301066598809600
1267001408244666368
1259549506032541697
1259071103168679942
1266652048017313792
1264667766394630144
1260681581947166720
1265249285915934720
1259442087633846273
1259434701628100610
1259438946301423618
1260931028345950211
1266618210293514241
1262703635768791041
1266468357919956998
1259507993378467841
1259439867852972033
1260612663039713282
1260554658810155008
1266482965170851841
1265224119416696833
