1276156049163268097
1276051316175851527
1273804773347807234
1268030042010984453
1270858697900769281
1270848864883441672
1267931648345231361
1272960352939114507
1277485111949156354
1271177547510763520
1274052042789535744
1273056441218347010
1276134980163338247
1273957998864461824
1267830456902225928
1272280748112764928
1277485086359748608
1269755717818425345
1277893399841046528
1272800624510468101
1276137432417787904
1271506378486501376
1268298024335421442
1275785012735025152
1277409686438977538
1276498303522271232
1273263689244827648
1273236056436080641
1270784839973732353
1268296410526625794
1269640612694949890
1267942077612130306
1271903675162787841
1271104810406862849
1272999640778981378
1269404026497634304
1271443861257228288
1275161897105534977
1271059016526028800
1270613178162876417
1269251621160128514
1270995184390635520
1276107982468759558
1267820667543511044
1267917145964457987
1272961153992478720
