1497320063266787328
1492818085493055488
1497674726604476426
1490719733926273036
1496912948815671300
1492801550179348483
1496228674739351562
1496619961845895168
1496215215410753538
1497673776368164864
1497528199370219520
1489114748654276609
1492802866230272006
1496272824729845766
1496223146474721281
1492788082688593923
1488845180719570945
1492947295922536455
1492790184072597511
1492787425722179586
1492898105943105540
1496820398851305481
1498025313820889093
1496219082542436355
1498201518281048069
1495422331220639745
1497398445174583297
1497397345511641090
1492810220258668559
1497833709185159170
1493612169610543110
1496700878639796225
1494054951890440195
1492652474867625992
1495743875687800832
1493000246233817092
1492623697043202052
