1353899569185222656
1345924599092011012
1348653660981624833
1348368431213633544
1347958240877957121
1347656833511665665
1348699547447517188
1348634482400702466
1348919380445376513
1349116730363277316
1348736596154187783
1345823811405492226
1348624384181862403
1348343803980222465
1344971573405634560
1349010465456869378
1348321265401126914
1345347545686564866
1347970623759388672
1345778984739610638
1347871019411918848
1348778818165682176
1348678398520872960
1347882274973511681
1348173464515928068
1345758664204947458
1348680207067185152
1348558459277598721
1348797737928691717
1347872442178445312
1348540524173651969
1348781532748668929
1348418924866654208
1345647215394631681
1345814278490775552
1350937349367209991
1345853423795793920
1348776884868419585
1345827162134351872
1348602248696360962
1348353845496320007
1348405237984473091
1348891902909829120
1347882258112393216
1348370404868558849
1348762319082446848
1348657249867214850
1348915177660538882
1346074800519786498
1345817022136020992
1346009254981992448
1348740397724553223
1348884159821975554
1345760573330493440
1349023407829037057
1352070050560307201
1354009776620007426
1348889024367366145
1348535189123772418
1348750874303209473
1347315748352491522
1348599269993963521
1349005971801190402
1345755180667727873
1345747630886965250
1348669460631183361
1348564288424861696
1348369613512437760
1355179950807150593
1348765583085613057
1348411073981014026
1350707695192567808
1348358486376198148
1348671038020857859
1348633332037394444
1348641557944143873
1348965208446873600
1345922360487112705
1350923055510466561
1348743826475773956
1348376733846810629
1348917884207161345
1348661195964870656
1347690012360531969
1345954337693069312
1348907492743524354
1347806365021057024
1346723333744820226
1348917365766021120
1348867414147141632
1349007230339870722
1348267297857798144
1348662003376807936
1345758497200353281
1345816044359745536
1348657554499522561
1348243772694548480
1348398013732040706
1345968008343281664
1348922590014959616
1348866025782173696
1348663409231978497
1348740137165971456
1348551966146899970
1348153715677650946
1348623626321489920
1348336228513538054
1347697319882403840
1349424674237767681
1348341604755632129
1348550456184856583
1353049306782191617
1348773805666279424
1348598569952038914
1348444366390616086
1348660065990017025
1348384866660982784
1348765344828170240
1348970942156992513
1345762833229897730
1345511991625076737
1350945103540592643
1350945437876940803
1348661710740185095
1345758083147042824
1348988884206673922
1352889236626747393
1348376830105960448
1346517827117850624
1345269352367616006
1348764224663728136
1348993775050371074
1347987252312477705
1345736141824266246
1348367865460748295
1348968186025299968
1345873126215856134
1345800976050106370
1348370301416038412
1350583195247501313
1348977572177182724
1356011798823133188
1348333041089994753
1349440475791585285
1345734326709846016
1348595271916249090
1348424675458772993
1348548453064990720
1348906532172394497
1349828410579812361
1349035355174039554
1348370315798224896
1346514716395528195
1346136949048958976
1348618107741466624
1348443934704472064
1349400626975924224
1347722868604497920
1348905197968494592
1348584353002119168
1345788217799438336
1348534814039814148
1349118249766682630
1345754041951940609
1348638829650042881
1348887148838199296
1345816979643490306
1348978618156920832
1349346258385850369
1348668114490302470
1345535538921615361
1352635960157200389
1348620185008222211
1348815574634266628
1348926933782949888
1348532734021545989
1348762137330642945
1345761889243033601
1345144802577436679
1348613789340610561
1348596534024220677
1348576210411024385
1348665798957690882
1348392905296277504
1345536643881705478
1348644653428518913
1347694376210849792
1348731981551591426
1348771277641756672
1350111085387505665
1346218101998825479
1345463668121726979
1348465501245239297
1348618576387825667
1348373488688533505
1348395814251618305
1345883558154539010
1347275675967881216
1350705958931017729
1348930550061527040
1348761943805480969
1345981941686874113
1345335189199872000
1345835707399593985
1348690188684435462
1349113568923443200
1345807323193876482
1348575156659228673
1345761167671775232
1348564821533454339
1349127335287681030
1350241479952801793
1348344095752773633
1348451600944259073
1348767665616248842
1349007657542316036
1348760731148288004
1348385692112609281
1348416602551758851
1348949259027177475
1348891150099369985
1348621996318453760
1355871795094712320
1347879041261588483
1353100390733148165
1348656507324346371
1345756488766279681
1349006132673720321
1346842132594761729
1348937440443117568
1346234985867587590
1348581431493226498
1347872873420115968
1348930992506023937
1348539501241622528
1348955433285939200
1348000249915338752
1347569107630223361
1346351642694840320
1348395200041902087
1345790094389686272
1348341065359757312
1348690646815682561
1348971693818187776
1348877390009790465
1348671913510510592
1345791553340645376
1345761338631581700
1348780112460869632
1348553576176640000
1348772256923713538
1348697128764366877
1345757817366597632
1348749932321239040
1348552358968614913
1348001878437724161
1348651422095728649
1345507220956598272
1345734545027555334
1348680115903991818
1347881290335481863
1345755781904404482
1349008861894742018
1345768541144887297
1348891342286499841
1345388865402654720
1348636545817874435
1348503472115773440
1348400799261589507
1348655456563171333
1349641410958422017
1347870778977628161
1348767784377921536
1348692455756017665
1348547638581452800
1348391005511446529
1348790608979234817
1348651672822812672
1347981728502177793
1348549388063399936
1348368535186264064
1347875403915026433
1348966530034372608
1349513824060264448
1348476742906880000
1348866155075743745
1348915553726058497
1349140508967317507
1348763818390904834
1348322889477607431
1353627766617481216
1348761924570329089
1348664667518992386
1345755490534514688
1348677469197492224
1348372477785812994
1349046009599578114
1345860466657136640
1348660306134904836
1346030644997062656
1346524102258020353
1347880871622283264
1348793532451074050
1346127151309926407
1345755322326069251
1348879437274742784
1345813663874224131
1348573188205244416
1346040366210961408
1348766557602721792
1348678928899203072
1348633647168020483
1348764026831036418
1352756174639280135
1348391822981279745
1349051722325512196
1345269413709283329
1347917579407523840
1348371076183699456
1348861001131843584
1348896338705051650
1346016819312816128
1348732933054586884
1348394465090826242
1345797287788871684
1348949657561554946
1348900233665785858
1348891978398916608
1348670852791992325
1348654782433665024
1355605404445716483
1348563776371621888
1345779763244392448
1348954659747209217
1348579176253677568
1348329207051538434
1348884348901142528
1346028733765996544
1347877285836292096
1348692388009680896
1348049737312841729
1348723451956252677
1348687330631057409
1348628341893558272
1348538444604182528
1348701642296864770
1349113345106968578
1348583062481891328
1348816839753691137
1347915623582597120
1345778077675245569
1348896031115784192
1348370919526436864
1348455451365699586
1345755880957112320
1347244134118158336
1345987612188815361
1345751395924905985
1348784910799147017
1348386516905713665
1350804899794210816
1347881243178901504
1348624011228545026
1352454070104154112
1348947029888798720
1348365903222726657
1348599983663173633
1345816742128455680
1348885276748374016
1345878948895453184
1348585923563421697
1348481419862044676
1345792268603682816
1348920118353534978
1348878421259124738
1345671115402850310
1348278619509055489
1345758308670578688
1348547093040869377
1348888747132264449
1346519350849789952
1348760118524071938
1348952619415437313
1348383915862585347
1348514216530108416
1348727271184592900
1348535998112739328
1345789356569718785
1348592270988210178
1348653910546935809
1348666084925329415
1348994558886031367
1348903193317695489
1345760088657719296
1348547212977057793
1348393363918245888
1354149741290991616
1345830442193350656
1345735010259791872
1348659937178746885
1348739763768012801
1348741758147043330
1348724643755130881
1347871516663361536
1348541242616000512
1348777173897924608
1348738597382451200
1348974999458238464
1350005751767592961
1345142641114177542
1348935798377349120
1348367088256217089
1348576150088511489
1347921100286652417
1348658095518576641
1348881413773340673
1347878544949600256
1348683305563140106
1348578298742321154
1348915973798158336
1345463511372148737
1345740466038452225
1345641165459234817
1348635233437016067
1347939391050809346
1345782444872626177
1345829785906372614
1348520379581661191
1347891578682167298
