1243494667104276480
1244659276305620993
1239885978136911874
1243237742621925376
1234486746592743424
1235012603577085959
1235841446378213380
1242840609930518531
1239590759294218241
1234978919721226243
1234977385386106880
1237184600138493952
1241740139174526976
1242392985721016320
1235097814520086528
1239632944622456833
1235042501582409728
1239749834380378113
1234486287350059009
1235862835999035394
1235284642443468802
1241740933034631169
1235281715939115012
1242822662201769985
1235013943359344642
1234984651493531648
1242822694409822208
1236594029619482624
1235084140476682240
