1168565687163465733
1168978548146786305
1172860736013524992
1168558110455357440
1168562036411949056
1168664749426577408
1168425311664574464
1168643488113733635
1168599371241406469
1168529949084573697
1168547841016508416
1168278329696423936
1168157033926991874
1168446549556453376
1168614806561181696
1175702342177644544
1170409646785486854
1170429797211631616
1168273483308109825
1168687762150764544
1168925724855754752
1168634742151012353
1172486333224407041
1168577217162612739
1175368806522396673
1169550527778172930
1168624116804534273
1171171690128248832
1172288345801666561
1168579600550649856
1168416794845073408
1168558842457853953
1168485961078050818
1170773838369447936
1168665736681873408
1170391306159497219
1168678655373058048
1168544068508495872
1170292506556293120
1168281425138933765
1168629622247960576
1173146494121250816
1169005323132313600
1169068666740195328
1169661154836303873
1169567936220225536
1168222867332501505
1170497224872275970
1168330511623819265
1168615651948277760
1168579230684385282
1173524633481617408
1168781774526320641
1169681175004274689
1168260257837195265
1170353265613185031
1168405058293252096
1168788113474412544
1168980455758213126
1170597433744723968
1168095223936880641
1168587390493048833
1168433588561489920
1170738636863750145
1169591483881676800
1168587942597734400
1170420420635480064
1168268882207019009
1168204153384034309
1168774224628072449
1171014443817418753
1168975537437577217
1168775101690580992
1168143088742739968
1168587495619158017
1171160062901047297
1169266885336154113
1169544404056629248
1168645873464762373
1168295289914105856
1168579489611309056
1168119709063155712
1168065864127655941
1168531111636590593
1168200196410486786
1168460802535362560
1169589276893491200
1167996891860127744
1168485770484731904
1168222766702694400
1169558836732223489
1169536208688635904
1168997801889546241
1168278438546989056
1169229989692215301
1167975171346419713
1168653022022524928
1169341587505238016
1168798070039035904
1168616357753171970
1169392614279405569
1176074028404150273
1169640208691859458
1168125103386894337
1168752582422126593
1169555838073286656
1169374291022012416
1169662510636642307
1171392579658768385
1168563670240112641
1170322090668548096
1168591989195124736
1169508923583410176
1171421518716268551
1168310372291567616
1168682356183617537
1175477524375244806
1171461990985818115
1169127517338423297
1168565563666436104
1168644919419953154
1168600761430880259
1169603284149112832
1168835178678104066
1168245850130276353
1169500548694982657
1169717113843589121
1168782809869246466
1170643754472103936
1168800424884920321
1168284330013147136
1168592306712301569
1168202815296155648
1168234293635747841
1168132384572747779
1170695990598410240
1168673207437733889
1168124636413997057
1168581776173871110
1168601218584891392
1169633792413319168
1169506442338078720
1169565039537414144
1168642075237212160
1169680724590546945
1170680162700210176
1169688990959788032
1168556175341903875
1168677518217547777
1168409301469270016
1168621277369839617
1168564481770831872
1168559268875952128
1168164645942767616
1168189381171130374
1169506596147384320
1171903418295816192
1168093885953957888
1169663521329692673
1168569234550644737
1169177758896971776
1169172795110187008
1168552433511014401
1169515830331289607
1168557806531809280
1168198527643783168
1168646579802247168
1172573378085085184
1168599355546374149
1169283794085588994
1172571640926035968
1169069946103619584
1168834145356828672
1170424543770480640
1168569895963058176
1168827265918164993
1175378911259181057
1168570432959782912
1168565187835834368
1168152125966356480
1168838379133394945
1168603631018565632
1168749080845139968
1168609422488330241
1168071955326603270
1169714398245654531
1168329474175361024
1169366668839198722
1168597454004137985
1168595715410530311
1168237056658747397
1168583642920173574
1168559332042203138
1168583704010264576
1168508432871301121
1168057900926996480
1169603037310193665
1168203487701807104
1173344961862995968
1169228234938081286
1168232645798649858
1169682792608915456
1168484929363226624
1168765118764769281
1168648361773293568
1168542508491661313
1168048377369636864
1168439931225673733
1168739680407474176
1168123365070188544
1168985409994596359
1170319034027581442
1168564071119163395
1168920850466295808
1169929507740033024
1169198891218145281
1169140724102770688
1168543666933252102
1168665178445090817
1169560916100354049
1175378622405894144
1169198576460869632
1169371122518958082
1168624684033875968
1168617226175492102
1169560227458572290
1168837886235631616
1168631273595854850
1168202803640250370
1168682729157931009
1170388277209292803
1169731748684541953
1169654017288474626
1172486485746028546
1169270320592764928
1168297986193055744
1168203830703656960
1170357507958685696
1168107110426644480
1168094331988860928
1168507210630082561
1168746040788422656
1168089772742578176
1168019643715530752
1169347981541355521
1168534653961195521
1170778973480947712
1168829201744564226
1168593212610625536
1168558482251030528
1168593306902835201
1168856622116069376
1168787390909112321
1168091976048283648
1169884796773814275
1169208416973316097
1171309889311973376
1172645857830690817
1170619071701950464
1169683036197347329
1168639953485668352
1168852344836149248
1168458048886792193
1168057411925495810
1168532868047548417
1167958687299719168
1168083954353786880
1168232625984679936
1169682200129953792
1171581528922607616
1169397362462060544
1169210172700540930
1168094315861688320
1170440164335902723
1169542852038266880
1171381897760509954
1168851124050374656
1168588790136487938
1168312476615811074
1168447127439233024
1169652244368805893
1168559251758944259
1168454782039810049
1168629476462407680
1169178549611352064
1168762883385245696
1170422836084842496
1168391685203775488
1170322040672464897
1170439451346165761
1168147138271952896
1168091934000340992
1168694918661005312
1168492977162993666
1169613631824302080
1168033035997958145
1168582539818262533
1167998196548653057
1167997566564388864
1168677189702823937
1168792624410648577
1168765417936044032
1168487463490400257
1170023241756356609
1169756921752182788
1169500374476218373
1168493031684759552
1175375503202672640
1168568798116569089
1168617845791645697
1168599665824153605
1168694632060006400
1169136170464403456
1169397327150272512
1168622837428609024
1168561325376724993
1168581576449581056
1168677515256389633
1168507232457252864
1170408585425240065
1168562670842327041
1168984908246781952
1168658244467920899
1170449446167093249
1168163173406560257
1168607745018421248
1168247541374312451
1169260926496890880
1168582732668178437
1168235370280050688
1169610072667938816
1168752927571402752
1169554225057206273
1169519963012575235
1168898501415231489
1170396267521945603
1168273849689018368
1175521070692143110
1171517246490857474
1168330297223667712
1169507942787420160
1169878048054763520
1170318789927419905
1168886260909379585
1169658730683797506
1168285373149143043
1175497289588252672
1168230165282836480
1168268561867071490
1168651739471470592
1169128159163404288
1174292423033462784
1168515093149208576
1170642087018147840
1168233739886977024
1171739743509516289
1172007635278880769
1168581022109306880
1169628115557068810
1168520395865120775
1168582082395803648
1168478505916620800
1168607021727473665
1168647619922550785
1168591748785934337
1169615461077663744
1170704960113250305
1178704911237861377
1168612897351749632
1168533783731200000
1169124689647734784
1168596538932809731
1171829629969190912
1168202204269953026
1169574044733247489
1168174154627067905
1170881603620540416
1171825621032493058
1168588669755842560
1168583970314969090
1168558013986353152
1171520681328013312
1168632777312526336
1168735896167964674
1168563782668476419
1169179172260012032
1175349753456017408
1169548250082418688
1168520356556091392
1169521041674293250
1169528653404954624
1168564563224215553
1168200108191690753
1169546179807522822
1168576391903924224
1169500463462588416
1168599038985265153
1170321950855565313
1169553904939544577
1168657189713666050
1170257852730138624
1174939399341010945
1170318874086166528
1168804063334588416
1168581773028184064
1168959050563895299
1168596007736815616
1169533316820865029
1169505022150885376
1168633470895251458
1169290835042734080
1168556840516501505
1168575886167293953
1170440283235979266
1168552633277263874
1170429365718532098
1168676908030156800
1169711606542098437
1171423209159159808
1168798593274253312
1168565087927525378
1168594815719747585
1168519968616566784
1168199515830140929
1169526189859491842
1168586779227807745
1168558320782848000
1168921822861156352
1169783331036258305
1169756565387264001
1175598903921713153
1168834510408114177
1168622653386776577
1168558754897567745
1172241135886114818
1170138350059216896
1168972938412007424
1168582300478648320
1169667771615105024
1172528303988715521
1168788293946871808
1169497965507088386
1169859078237016064
1168562567842865152
1168778448497717248
1168594035906371588
1170388052302340101
1168303161221820416
1167996237892718592
1168588481574182920
1168615272246370306
1168497053959368705
1168587784690515974
1168760082827530240
1168079030320533504
1168843364919402498
1168418730986151937
1168591317838049280
1168936857473822722
1169631653842563073
1168647671965474822
1168649837614682112
1168814418538446848
1168557611991613440
1170927825324519424
1170217591941533696
1172583463523946496
1168439698525757441
1168193188500258816
1169525176259829760
1171474613110362112
1168882151368077317
1170818165158363136
1169538470307647488
1168561897626640384
1171459914813698049
1168235738388934662
1168052221629673472
1168576513589096448
1168620806039101440
1168071093158105088
1168143674804461568
1168556554733404160
1168468023310770176
1174452562982047745
1168204900901236762
1169500010947534853
1169088690108424192
1168879659884392449
1175350956877369349
1168576114467516417
1168516411343495171
1168515769015177216
1168473829171240960
1168093695398293504
1172444095060443136
1168203148554584066
1169590301834567681
1169591293221191680
1168203774499930113
1168640009295093760
1169208240011382784
1168979326437601281
1170852554688868353
1168611036066394113
1168607296257179649
1169154960556220416
1168523708509671424
1168620657392934913
1169738775968321543
1168629131254390790
1168556861655851010
1168792125737197568
1168561971899326464
1168815153510526977
1168025091101405184
1168087221062307840
1168560255921545218
1168747274383626241
1168025722595807232
1175516676915417088
1168558466199367680
1169617565070626817
1169554358062768129
1169541637678276613
1168559418583277569
1168868506915545089
1168708130269728768
1168153678831902721
1168280224867524610
1168232966297927680
1168193228274900993
1178708991771320325
1172195782986031104
1168603254693011458
1169729699205013504
1168657078673649664
1168763259635286019
1168672701956972547
1168604066706001920
1169611812897267712
1168278352161050626
1168523607145877504
1172809146531569665
1172611561179029511
1168605661812465665
1168580412983132160
1168581446568689665
1168778526029418496
1169525103157239809
1175879810310135808
1168556282065956864
1168769514571468801
1169531241969926145
1167961180046053376
1168583815536750592
1169306002048638976
1169492688925798400
1168640353777442817
1167995615709663232
1175353767488839680
1168575572840275970
1168569703524179968
1168252365452894208
1169659310118506496
1168623650246942720
1168215008393748482
1168613548349689858
1168623766093647872
1168507170016714752
1168923011665334274
1171063621889269760
1169556644574957569
1168203030963130369
1172086599980593152
1168470208937365506
1168105721751330816
1168638071748923393
1169604219101503488
1168484011695575040
1172481695100166146
1170595180124282885
1168821728606412800
1169543424204255234
1172860924543283200
1168299632260259841
1171369051383312385
1169893215459139585
1168528929034031104
1168469405560430592
1168116206408278016
1168508926545018880
1171499672281550848
1168086437872488448
1169506266047287296
1168563339129163777
1169509101296115712
1169269938013528064
1168184035123892225
1168766951973359616
1168485820950601728
1168559969148514308
1169639909302386688
1168804273897054209
1168476684489842688
1168963019533160448
1168774283356753921
1168630798221742080
1168312301910470656
1169752592748036099
1168665085855903745
1169506357348900865
1168237724651966464
1168568501596037121
1168511907453706242
1170024055627571200
1169258566630498304
1168268522839056384
1171364690829697024
1168505202296721409
1169655314305769472
1168149111775866880
1168557172495704079
1168303261578866690
1168611297430257664
1169603782604443648
1170322421368393733
1168553016682848258
1168090783901200384
1168359300856782849
1168603255137591296
1168558308615163905
1170033867979403264
1168103449705222145
1168608277078450176
1168569184441290752
1168092521311932416
1171412767175335936
1169332817240743936
1168653458175647744
1168790959506808834
1168663523968376835
1168568189363478528
1169698243707580417
1170690431459516417
1172736425428692992
1168461269009149952
1168937186810585088
1173188852061790214
1169198505623269376
1168609007826866176
1169030380822941700
1168786383357587458
1168591645429903360
1168219700423249920
1168105117205323785
1168557247884091394
1169501779295375360
1170717761166827521
1168737734015496193
1169896565743308801
1170388125933342727
1170063638419464193
1169341404281278464
1168657230645923841
1168647379979055105
1168657140023779333
1167978338448637956
1168581791105654784
1169635704470757377
1168099646880849920
1169513807066161153
1169728248739225600
1168818136784736256
1168625805410349056
1170398001497595904
1168693676316536832
1172868419793903616
1168119684333473792
1169586941714714624
1168609694304354304
1168571643901485056
1172483290609139712
1168580282217304064
1168514285686968325
1168543501375692805
1171208797303558144
1168571166195425282
1171450929083637760
1169544631991853058
1168556441306877953
1168223451921944580
1168646476702113792
1168417286941806592
1168632859231490048
1168250837304520704
1168175021556142081
1168565115987341312
1168163565758570496
1169253891210457089
1172119089185247233
1168602153927266310
1168084412212350976
1168086799371112448
1168644126402912256
1168266847730438145
1168593720662511618
1171146606818865157
1168625157591769090
1168557666752483333
1168063171246120961
1169198911598338048
1168098713488842752
1169574043277832192
1168561472068292608
1168121388542173184
1168655918965448705
1168187988427313152
1168711214886785024
1168895700169609217
1169350492130107398
1170065191310172164
1169027511151484938
1170775814683516928
1170410091759177734
1170777036102623232
1168635018870165505
1173138694557118464
1172401901146501121
1167997443343912962
1168819165215375360
1168811635861020674
1168978856881131521
1175719417650601987
1169571724096090112
1175866932966412288
1176605029479931912
1172981521625550849
1168835058410708992
1168563884934017024
1168615088472961030
1168075930142740480
1168304395412561920
1169328183738621954
1168627384913932289
1168556571175116800
1168656440946569216
1177310755504480257
1174341108488441856
1171421133113106436
1168581081735606272
1169539737008431104
1168328212830728193
1175358268149026816
1169104711435390977
1168050252810616833
1168511709662855168
1168539248858947586
1168560438029836288
1169720510298632196
1168838917614964736
1168615672143896577
1168558181917896705
1169210309187428353
1168274181974310912
1168743658100862976
1168202913723932674
1168220002861932551
1168785338871029760
1169737099714727936
1170277622997291008
1169610037096058880
1168645452926988290
1168583180095504385
1173738747772448768
1168769157250371584
1168622769350660096
1170741718569967621
1170661438429564928
1169362822398189568
1168459612305145858
1169544737864527872
1173540647036473344
1168589806588354562
1171473552828030976
1168866431703953408
1168083813752279040
1169617166926262272
1168314837572706307
1168281887380520961
1167976323593072643
1168557254565670918
1169685185484472322
1168585121441681409
1168621921921052674
1168778712432746496
1168608315141709824
1175092755925786625
1168744798154579968
1175850404766212097
1168565847411109888
1176124660464963590
1168267404478210050
1168805930340880385
1168217973489852417
1168177418634444801
1168566158976573440
1167992887667089409
1168557350069968897
1172518355389091841
1167996389772730368
1168437419584229381
1172243302592188420
1168232559517556738
1173582332604928000
1169343483057967108
1168299808513282049
1167974499179827200
1169337112925282306
1177076942186696709
1168325085356318720
1168489184232910849
1168112840324067328
1170358631583408136
1168107366061150208
1169648129173536768
1171387635815845888
1168290140642521090
1168534383869014016
1169084169512787969
1168056362154283013
1169555360690184192
1169505615267467264
1168872056680833024
1168523152902823936
1168163691197534208
1167995467323469827
1169659244691542021
1169579031089569793
1168634954684780549
1169239871392768000
1168313045724139521
1168441093488295937
1168814102220890112
1169510754036408320
1168626710142705665
1168563633661665287
1168163593357012993
1172965407327756288
1175439095633502208
1168690696221601792
1168612595500290048
1168624008461475841
1168586880247615488
1169689083871973377
1168522228037763073
1174354070389370881
1168246143723159554
1169524820524109824
1168391222156845056
1168094378784624641
1169504274600071168
1168469318612455424
1168596842432647174
1168975303626149890
1168166863832059911
1168174132535672832
1168094291358605312
1172861453029826562
1168161202847059968
1168178163425431558
1169382981162733572
1168244486125891585
1169513729903538176
1168122661286883329
1170609934091919360
1168895266352697344
1168310653884542977
1168524111506759682
1174292752567287808
1168477341674328066
1168278242819825664
1168285122908631041
1168888025037856774
1168572856156008448
1169985567699939328
1169767581550612480
1169569359615995906
1168582793707888641
1169121681857830913
1168610630447894528
1175060341128073216
1168580396914761730
1168493380193660938
1175926382079172609
1168571141889384448
1169459152697135107
1168140077387722753
1168557980918407171
1169567008272388097
1169590946712969216
1169120145068953600
1168614826341482497
1169564838684766208
1168744178592944128
1168087037335015430
1168686666246230018
1169665201169457153
1169117234284978176
1171733950022205440
1168987562616197122
1168992472984371200
1168836061910507520
1169636347386191873
1168635845252919298
1175405828591017986
1169500138672459776
1168113830112768000
1168568973807558656
1169508029043269632
1170222981232189440
1168559071454203905
1168593799255416839
1168278289946947584
1168557537341431809
1168074210608078848
1168594913233178631
1170436469703544834
1169110875631865856
1168153826022608897
1171446250333360129
1168111298330148866
1168596954517057537
1168580120728297473
1169524262090223616
1169526936923725824
1168200511994118144
1168156466425008129
1169617454437425152
1168808415625437184
1169589196970967041
1169549898997555200
1168856050092728320
1171360644924354565
1168599953566048257
1169834172753383426
1171477301369827332
1168591609916792839
1171461689146871809
1168417153814618112
1168271899572486146
1168243611118559234
1168095025173016577
1168457009945088000
1168621019055235073
1170332191148171266
1168158847934042112
1168773514121437184
1169525754536910848
1168565675994112000
1169512465207570432
1168422810362023936
1169542869872459776
1168614505577951234
1168044611203297281
1168755620603998210
1168418560819027968
1169525263551647744
1168041030819540992
1172621400533798913
1168246804183494657
1168630492368969730
1168762112757391361
1169215651581440002
1169517868800778240
1168562560658018304
1168613029988261889
1168568629316718593
1168082567544942592
1168751141993230337
1169654360982339587
1168445645356699648
1168235701235867648
1168657628362412033
1168227341321068544
1169501815743930368
1168475775298920448
1168578520790032385
1169270030061715456
1168462777981292545
1168230849352830977
1168629155019333638
1168879625021403138
1168153079906222081
1168594593581023232
1175860675303923726
1169680655841730560
1168649878605619203
1168605079768883206
1168226963015774208
1174604969435127808
1175498788477255680
1168598376256016384
1168278274532921345
1168979669863018498
1168626865965281281
1167996401399283712
1168667312024707073
1168637848670674944
1168239469574729728
1168609352015581191
1168089097673592833
1177524302582812673
1170402109168259072
1169735731335614466
1170056194364456963
1168593239420653568
1168204576161488898
1168084010159005698
1168136932502790144
1168622138988924929
1168807776421908480
1168631739960430592
1169736106641940480
1168093852303015936
1168062706240425986
1168526797211918336
1169537083272257536
1169530232015085568
1168857236770344962
1168631825864036352
1168256558930829323
1168554307245027328
1168186632073355264
1168923425190141954
1169145418736918529
1169697374748499968
1170773882388676608
1170648807983521794
1169539311412416518
1168094049988952066
1168143093612326912
1168312368687980545
1169526122306068481
1169626030023348224
1168173095552790528
1168147009561346048
1168274777351569411
1168754272873385984
1168108223024574465
1168655600013778944
1172468089398714370
1169497805397905408
1168471057075978241
1170439575241732096
1168561066818883585
1168271770295685120
1168101873670393856
1168266724149473280
1168483020006928385
1168136753426960384
1178390921471246339
1168826824589217793
1168801126852026368
1168835830972112896
1168091578092724224
1168472435823390720
1178711465613594626
1168190085063413761
1171362893759229954
1170614909916389376
1168487914591985666
1169595411788681217
1168745127399104512
1168651747251896326
1170022416837500930
1169551582066819072
1168557683978514433
1168565564891000832
1173236329112657922
1169403754753536003
1167972656986984448
1168578486354829313
1169527805501149184
1168492845617025031
1170705012726611968
1169864383293345792
1169503060005216257
1168622461358956544
1168162473545015296
1168474533101285376
1169306021074001922
1169244241685602305
1168090178617036800
1169500541396967425
1168583339093221376
1168485644101984257
1172976277504122880
1168048635730264064
1172063480200990721
1168558947860656132
1168527085679403011
1169517966955819008
1169636459898425344
1168535069205696514
1168429082650038272
1168099028724342785
1169509469799223296
1175094237295255554
1168595785845551105
1168573749303676928
1168508834572328962
1169553162270846980
1168163643483131904
1168620811957280769
1168083133662674944
1168626287331762176
1168776527246495744
1169636874132107266
1168584743220330496
1169535844149055489
1171173265559248898
1168174553140486144
1170426154274238464
1169500961670402049
1171944792844111876
1168425665953243141
1174360641680957442
1169648759078379520
1168571389185576961
1175747007341891584
1168571661366509568
1168556439591411712
1169502250689081344
1169568108199256065
1168556335723700225
1168556153414062080
1168602984118390784
1168939088617062400
1169715102611902465
1168273815035678720
1168511079846223872
1175375217453129728
1168168158391410690
1175851657193754624
1171393192807358467
1169361983277322246
1168810140100976640
1171522065708417025
1168596725721948160
1169598012932464642
1168884067909218305
1169513118189412352
1168178056646844418
1168580194074013706
1168580692789420035
1168888194449981442
1169555403979612160
1168642874042437633
1168109510973624321
1168559065318006784
1168130430542974977
1170217856539213824
1169568239417999361
1169523070098448384
1170043496880889856
1168569300329873408
1168292540858155010
1168098079591018498
1168464426833534976
1168617731958169600
1169600243148759040
1171594342743597056
1168608535955017729
1171467402711748614
1168569179299045376
1168627788745707521
1170838881761206273
1169570724840951810
1168275164183896065
1168670485779013632
1168605728187310082
1169902776840671233
1169571057243709441
1172751875369787392
1168604497297510401
1168811285582155776
1168582445232533504
1168568874729713664
1169505206209536001
1168564774088663040
1169542142760488961
1167996835509587969
1168193531363627009
1168881873877164032
1169544957172027394
1176537435347587073
1168805222736699392
1168084417270730752
1170061421742297088
1168647170138005506
1168512399714000901
1168375777710215168
1170413368173309952
1169666626247172098
1168653633896034304
1169171036732047360
1168925932381442048
1168665277380407297
1168833695408676864
1168601730227064833
1169610021602320385
1168486181899837442
1170438813711327232
1168105528926580736
1167979612720099333
1168554250663841792
1168578317844393986
1168162530130374656
1168584754981158914
1168534746269396992
1171480466408366081
1168189777826504711
1168545016559616001
1168091730832498689
1168259203175243776
1168431282457632768
1168254908157583361
1168709723090296833
1168557946894266368
1168530713983016960
1168578395371950080
1169897071836483584
1170616615446241280
1168778141231398912
1169558661208924163
1170288961618632704
1171879825218449410
1168642491014418434
1168473255918866433
1173470683352961024
1169568120035598336
1169459375129468929
1168561772439187456
1168807635271016450
1168491017416433670
1175853453219979264
1167996417639669761
1168558836103487491
1168397603354099713
1169182412259151873
1168271677953925120
1168204774367535105
1170318848559656962
1173524426677248001
1169563653273739266
1168845386246709248
1169551223017656320
1168558964138815488
1169875877317861376
1168780062356848640
1168556246917615616
1168177195455565825
1168278455936528387
1169510390394499072
1168764289051762689
1168157662032408578
1169198591593897984
1169565251257417729
1168804436141105152
1171552064419311616
1168153528872968192
1168248924651577345
1168102044181417984
1168634313690243072
1177308390772609024
1168633408366501890
1168575787978625024
1168271624644243461
1168662656464707585
1169836186975629312
1168157211568332801
1168576588356694018
1168773247321686016
1169535588866908160
1169544145435877376
1167996937359900672
1167952598923694080
1170614902546939904
1168796214084722688
1168598223021387776
1168574687829463040
1169644544243261440
1169603349999693825
1168627591953178624
1170034069276696576
1168607033567907840
1168565975475785728
1168406977741041665
1168321998063362048
1168810967557390336
1168469583491149824
1175319996358172674
1169530809470148608
1169200414975320064
1169530603961835521
1168593911754973184
1168479054816845824
1168635234465832960
1168686387731869697
1169639962611978241
1168478096741273600
1172594779718344705
1168611416007434240
1168438013380218880
1168048716026195968
1168029207995092992
1169088504439156737
1168656895370059776
1172213545632784385
1168535661357481989
1168558080587632641
1169147923571122176
1174373805055193093
1169683453463412736
1168257582336741378
1175158104004206592
1172313946050781184
1168098564154826752
1168105046741045248
1168603224477224960
1175851160424591360
1169514890622578688
1169633473193271296
1169162520650817536
1168623634040205313
1168494255620468736
1169799212264935424
1168624030112526341
1168574039620771840
1168639786900426754
1168556785592164356
1168030442479595520
1168097170525970432
1173591403131297793
1177520900591280128
1174066764650549248
1168636492182245376
1169904077272047616
1168554287963803654
1169371285811605504
1168490903968899073
1167996295283265538
1168670831578419200
1168570329998004237
1168584647460163585
1168561615442186240
1168556339423043587
1168156236702986240
1169307959530262534
1168629188603056133
1169276246011895809
1170737257210404865
1168603520616079360
1168562916100136960
1168177231438503944
1168058902254149632
1168524051364667392
1169303944151126017
1169502146657759232
1169117455970709504
1175721563150323712
1170622692153876482
1168563869305987072
1169931828104441856
1167996520005799936
1169943134224228353
1175350692174794752
1169522718322155520
1169564781759672322
1168222787426758658
1168538395011932161
1168083901870465024
1168605621484216322
1168581346773671947
1168207548224364544
1168584019916857344
1169597311539916800
1168450458744184832
1168657166573735936
1168120220659146753
1168753090960535553
1168580579274760193
1167996005284900864
1170591270806413312
1170437656720871428
1168544463330906126
1168240289296900096
1168650337294700545
1169001320101163009
1169005285664526336
1175851136873484288
1168555234794377217
1168901219366121472
1170396213469995011
1168576619101007873
1169853940571066369
1168600683613962241
1168278220170584069
1168905892684808194
1168613585930674177
1168174575378673665
1169683834163683328
1168227808562356224
1168569469075099653
1169205833919582208
1168149027134869506
1173527312970723329
1170693816778678272
1169501000081772545
1168162533108330497
1168557458387853312
1168659084977065985
1168385847604985862
1168562252951236612
1168768677858226177
1168091744552067077
1168806031092322304
1168609590042353664
1172868646709932033
1168589264583630848
1168565806726299649
1168781128372752385
1168564212815319041
1168557072960622594
1168577216537645056
1168559103087665157
1168259173274017792
1172572766463303681
1169505036893900801
1168657983737401344
1168580768316252160
1168595003444256769
1169304549460512770
1168074081561796609
1170437675180015616
1167967352228589568
1168750392756383749
1173905748348342272
1168619121552121856
1170604095243243520
1168700940658065409
1168586630569123840
1168512026420928514
1168891559049334784
1168710094349053952
1168627864700379138
1168087181027680256
1168203269954514945
1168788941027364864
1168751042575687681
1169864649023508480
1169147680888676353
1168603115039395842
1168804193450319872
1171460627090427904
1168581130926329857
1168758136896925696
1169604439952494592
1168467756708245504
1168745461026623489
1167970713937969154
1168580740822515713
1169697114345082880
1168625788616347648
1169154408766218240
1169501617206550529
1168108549588865026
1168176692587913216
1168572686236340225
1168043446323601408
1178077835279437825
1168159826406457349
1168564963721535488
1168227925327585281
1168978483822960640
1168177423369814018
1170775384817668096
1168635929084538881
1169610228956094465
1175523883321044994
1174930407457865733
1168656159546494976
1168598842620764160
1168179774021349376
1167950659666104320
1168202792437243904
1169257262881357824
1168406785847365635
1170414599524556800
1168268399375462402
1168922298499436545
1168557344533491713
1170409998477869056
1175354500938444800
1169682753455034369
1169868810704154624
1168534725125914624
1168305135837208582
1168651543631028226
1168627355541266438
1168532558319165441
1168256058000912396
1170075432793911296
1168302973111472128
1167998818102628352
1169192149369446405
1168231020912680962
1168612886144528391
1172221763691929606
1168121058462961665
1168244159230152705
1170612821236822018
1170339691406811136
1168087163122135040
1168708634047668224
1169589565272858629
1170222355098099712
1171193718835175424
1169559506948382720
1168006439610277888
1168656008677351424
1168562043865227264
1168618890454323200
1169569437986562048
1168601963346505730
1168511609926508546
1169179525625913345
1169735014017355777
1168246519595773955
1169320276749955075
1168479333159198720
1169471329722163200
1168543580736184320
1171516908073447425
1168755323546537984
1170438246142283776
1169514329315643392
1168603570708590592
1168567623623331841
1169331471724597248
1168523588518985731
1168057834275106816
1168636721715654668
1169591505905999872
1168032312384053249
1169574545449246720
1168647380729847808
1168782902101970944
1168161588584558592
1168596412256464897
1168556324189286401
1170311874023497729
1168560025796829184
1170418143212253187
1167985951081148416
1170395475318583296
1169172539723124736
1168580868207722497
1168093710690770944
1169196910646910976
1169615558716874752
1169663669162184704
1168556011772420097
1168434568161968128
1168485388584964096
1171366883574108160
1169731909464838147
1170402278257434626
1169598504244826117
1168979277230104576
1175378091725787136
1168872300688617472
1168557286442315779
1168199195238514691
1168803315838332929
1168850331482120195
1168755939350126592
1168607125079232513
1168851398752182273
1170665400876617728
1168574105567801345
1169554848884371459
1168603692955840517
1168038323039821824
1168197984032579586
1169583121353838592
1168578161090674688
1175860550452109312
1168969020655243264
1171369257533419520
1169632196791066624
1168616364032122881
1168580663043342338
1168561595879972865
1168275514081107969
1170298754995511297
1168605059673919491
1168553443973222400
1168508874040762369
1168441518367154176
1168560803647238144
1168613522978365440
1169209468439207936
1168177044297048064
1169912458078773251
1168259453315178496
1168581108662984704
1169912122463129600
1174402816665890816
1168588449252806662
1173582917458681857
1168561359476416512
1168617058520752129
1168729971549974528
1168567130914197504
1171512973283606533
1175383442575564800
1169509651265871872
1174075113681145857
1170693744066215936
1168598454781845504
1169532733787451392
1175472903523098625
1169144820260122625
1174292669482360832
1172862568639152128
1168284542488260609
1170778599802040321
1168259786141511680
1169512550783946753
1171511998426664961
1168187193384476674
1168560917572935680
1168522963299307523
1169472976988901377
1168607218784186371
1168645326921719809
1168559011635060742
1168235722928791552
1168634343285317632
1168397401771708416
1168618920993001474
1169956092975177731
1169651604900995073
1168561993059635200
1168104825965490177
1168600382207123456
1169513922623365120
1168586952603557888
1170631582220267521
1169214098422292487
1170817688710668289
1168440254157774849
1168583285993279489
1168773168733048832
1168149120835575808
1168556366602149894
1168089032447942657
1167996364350820357
1168526311696011264
1171409883729711106
1172288292303380481
1169965472575631360
1168000048078057472
1168520429935497217
1171047148256972801
1168499881079726082
1168514528906227713
1168272171283734529
1168101402419322885
1168603871360499712
1169594981084012544
1168611743418978310
1167966016971796482
1170636307799969793
1168836894463078400
1168473712229855233
1176895399883366401
1168437274834558976
1168516128773222400
1168302862717374464
1168613726846631937
1169023037817151494
1168088862066978819
1168626671559294977
1169629507055042561
1168805452186030080
1168446549233459200
1170619094703517696
1168842437747466240
1168041179021266944
1169565472435650562
1167997589314162688
1168072249280204800
1168829340970360832
1168442662434889728
1168511928349745152
1171494456119287809
1171526543547330560
1168616272227119105
1168795783858139136
1168509866182348801
1168278480741634048
1168074065577480192
1168578592365850627
1170612628110135296
1168828367774392322
1172234217868210176
1169989829389688834
1168466052407316480
1169701745116758018
1168205014545895426
1169593218763251713
1168460248249581570
1173657422256320512
1169640604869021698
1168666644429901826
1169510376360333312
1168556205855444992
1168556862754697216
1168335590355537920
1170779074370736128
1168784182916636672
1168881019270914048
1169507855063486464
1168594388186009600
1168513759452811265
1174949538450165760
1168152561309892608
1168448366017167360
1168399435912683521
1168397197798498305
1168816164367196161
1168156415250305024
1169459134309310465
1169268396485173248
1168078446125342720
1169577475451629568
1169514758015475712
1168470409550995457
1169623691212271618
1168759164564312065
1169171974159052801
1169680734556217344
1168438520089853953
1169587571548180481
1168278258095448064
1168605244051378176
1169792960688529409
1168572315812151298
1169521066601046016
1169584135985344516
1168838017030795265
1168426253210308609
1170507195546591232
1168626768334471169
1175376972307996673
1168782472001310721
1169525999987515392
1168107826922905600
1171467854325043201
1169685268720476160
1170307185919684608
1170327086332088320
1170680947378987009
1168781078653542400
1175850675600863238
1169285993129811968
1168836459467550721
1168669538583552016
1168597520295092224
1168522698873540608
1168261046311772167
1169700556291620869
1170591757286957056
1168587777576976384
1168193940937498624
1169267779104649219
1168283173345726465
1169198560665059329
1168623415277871105
1168051308462428160
1168605375043637256
1168792637664583680
1168159785247739905
1169084784057946112
1168449727215611904
1168773707264876544
1176093165650157568
1168693870953205762
1175857119918268416
1168589613243518978
1168581107991941120
1168037334534754305
1168203368348696576
1169632509489025024
1168624152309313537
1169460714907549697
1169198533842472961
1169004252628471811
1168068389954342912
1168871046117777408
1169638640508637188
1169365007424983040
1168438934105468928
1168293154321260550
1168513064146223104
1168639672232435716
1168975925956030464
1168070529645010945
1172954691921162240
1168048888084910080
1168024354904391681
1169790464586846208
1168556584571670529
1168605567222505477
1168587741795356673
1172392464772022272
1168633190455623680
1168191441841086464
1170592944014995457
1168053324030988290
1168223315934269440
1168577117258485760
1169503519197618176
1168576166766268416
1169892574179364865
1168270771426402307
1173342962006118401
1168719133594267648
1168602219509403653
1168622422419038208
1168533622225346560
1175853699467481091
1169530477994287105
1168439400214274051
1168208663670067202
1175351817506631680
1169576756338135040
1172234636132519936
1169509330640658432
1168259319277731842
1169685273241894914
1168978419062910976
1168550526121914370
1168224670841221120
1168190790327291910
1170573434125991938
1168751488694476800
1168509792064823296
1169726660339544065
1175391742985740288
1168610681341579264
1169531071869988864
1168572013918728192
1175068766151090177
1168609415328612358
1173541568575410176
1172815404928053249
1168316120836841474
1172807602616569857
1168822472189386752
1170724204452429825
1169558300469485569
1168169222742171649
1168084388992757761
1168412573827510272
1169615832739176449
1168814892293529607
1169517405644738561
1168978906927550464
1168292116944052225
1168587632676364288
1172861865447317504
1169317014625751041
1168105199342379013
1168576569859858437
1170775689500360704
1168614863725375488
1168827499427614720
1168832265817907203
1169680491437539330
1167961016036204544
1172981538469928961
1168580262541873152
1168574932067999744
1168084129973489664
1167995480837636096
1170217272033648640
1168520898640527361
1168207151627677697
1172625972933341187
1169549530284613632
1168593351316316160
1168975723094261761
1168624347596152834
1168079136159608832
1168477649796292609
1168467965358018560
1170061139738128385
1168726495688306689
1168048956330446848
1171462012309663746
1169589025038131200
1169102052007567360
1172451778744340480
1168197504850169857
1168593643164327937
1174292517505945600
1168439035712479233
1168656204060602369
1168636953102827520
1169501629361664000
1169897149229699075
1168678484895510529
1168749463067910144
1168611648271241216
1168091574267514880
1168621438913437696
1173166321263140864
1168838074853449728
1171468388373151744
1168204044025942016
1168544258560839681
1167961438339551237
1170061459444944896
1168027379391967232
1170219990768857088
1168124908603416581
1170011076160839683
1176277424121819138
1168851696468074496
1168563779942174722
1168566555870924801
1168671585378680833
1168203383582445569
1170600329022529536
1168287707514232832
1175852711205658625
1168625309144539137
1168565513406095360
1168530250231418881
1168738003935776768
1168800973764083712
1168461300172767233
1169365745031155713
1169502468499234817
1170775098837499904
1170421038653595648
1168176961002311680
1168576924102344706
1171422768442662914
1168628006484631552
1168527719136681985
1170000849290088450
1170318673036423168
1168197407148036096
1169692740071886848
1169617284744339459
1169518539323125761
1168528644559392773
1168561700611796992
1168601579357974528
1168089150106603520
1174275314656186369
1168573439285899264
1168519874458607617
1175855432189054980
1169984601680486400
1169956849497628672
1168204727315836939
1168587664813121552
1169553761532092416
1175498187584483334
1168054877043531776
1168241033307656193
1168834812523765762
1174336465167364098
1169683917491843072
1168918641825538050
1168578378808659970
1168570078461407232
1169317204925603841
1168869982643658752
1168775354108059648
1168634824166379520
1168233282212904965
1168069109382352896
1172482301923647493
1169541703151345664
1168995142113595392
1169714176828293122
1168190444775325697
1168180206617554944
1169570265405304832
1168185352118513665
1168106940700004352
1175137254639095809
1168561342413967360
1172190817567612928
1169669973565984768
1168144290163449856
1168496576093970434
1175391643647795203
1169296704866312193
1169526311682854913
1168990384107786241
1171479719318941698
1170569794829135873
1169198607897190400
1168168963882266624
1167978702669377537
1170669373377392641
1168632569098887168
1168173159448764416
1167993514996596736
1168657595101581312
1169601623779348480
1168520021418622977
1168141806636281858
1168651726146232323
1168515576035258368
1168944348026871813
1168656947098374144
1168612569239756807
1167960468096315393
1169624779206406144
1168513026930151426
1168476800542023680
1168098497373057025
1171374769163382784
1168080065889996800
1168521460031328259
1168393441555943425
1171691877088862214
1168270456035651590
1171563339056594944
1169205656114683904
1173550915497943040
1168801348202237952
1168641355905679360
1168622107678400512
1168265993837305856
1168070719076470784
1168883656477290498
1168646555412422656
1168543511798591489
1173914338803015680
1169560359809822720
1168630259534782466
1168525754931523584
1168177751796436992
1168109743325569025
1168564551803179008
1168118794956476419
1169570438827139072
1171390566657134592
1177519703893454848
1171435337173700610
1168256090087317504
1169508283603914752
1169390087643324421
1168179167743094787
1168249300519968770
1169505207329460224
1169824204792852482
1168194898455121920
1169639063521042432
1171818116269125633
1168380936267935744
1168908285942083586
1168567751662866433
1169520070076313606
1168063238447218688
1175350913726406656
1168092108638609408
1168493687296405504
1168617293867364352
1170665145749688320
1175343048982708227
1168561877523357696
1168869590560124929
1168868439945035776
1175354123060830208
1169628096183635968
1168557442948616193
1168523453416333317
1175492495922405377
1168106778518855680
1170567044485570560
1170612328930455552
1169685196951756801
1169083909289779200
1169314279813713920
1168707916985176064
1168557067944243200
1168202780747730945
1168882386140049408
1168471901477490688
1168556288646758401
1169730692500086785
1169084183504916480
1169029388937170957
1168273364261249024
1167953473242972161
1169910643060854785
1168602815993790465
1168527238859493376
1169524279576268801
1170656149764485121
1170836987189837825
1168585539659976705
1168411179917684737
1169511476933144577
1168975978573570054
1168600908189577218
1168485615211618306
1168177029692493824
1169520593387106304
1168255278296567808
1168467451606159360
1168636576353726464
1169556679811391489
1168484596897464320
1168925389009408000
1170622000227860480
1169898412726054914
1168877417148178432
1168014086254149632
1169000165593821185
1168575156563914752
1169481117273075712
1168571237934817280
1168102802511581186
1168455756561178626
1170482415875346438
1169516031708151808
1169747315034394624
1168881141920780288
1168283196422856704
1168157903271989249
1168330180747780096
1170322128551460864
1175358190927720449
1168571969614360576
1168074440145551361
1168597600938971136
1169583721311277057
1168592317961449474
1170411845565521920
1175371073652711424
1168512823565135873
1168591924044947457
1169292100648808448
1168556414719053824
1168916914464329728
1168438717159264256
1168120412875542528
1169875037303664642
1168559058972020736
1173352976003547140
1168755640937975808
1168574392915431425
1167977399486533632
1168327219334307840
1169523816558747648
1168565650954100736
1168773255358009344
1168979538728181761
1168203291999838208
1168563362336317440
1168588237302050817
1169656412873592832
1169603256433201152
1168617441066475521
1168614020938719233
1168204657988161542
1172834810433331200
1171463490420129795
1169636492177809408
1169562644682039298
1168084139553284098
1168107494285172736
1168251467406487552
1169212900000587776
1170322330226221058
1168649793322868736
1174749092632834053
1169780995463290883
1170063858377068547
1169521210146922496
1170382424188096512
1168526713648746497
1168075708851204096
1168531795618516994
1168153378830114822
1171447528199348224
1169817888481406979
1168596362553954304
1168104991376236545
1168266880009854977
1169543238769938433
1168565038560567296
1169598366411579393
1168693544510459904
1168558037172477954
1168576678517530624
1169751520608489472
1168753698597736449
1170408161666314240
1168869198002556928
1169237371298222081
1175852845955870720
1169595640218869760
1172506919342415872
1169129469807857665
1168756768790368256
1169551874401427456
1171897605284081664
1168518045423194112
1168908557103902724
1173021219928576000
1170650586871730177
1169666556009336834
1169483069029584896
1168235453784502272
1168656404196057088
1167996405916422146
1169637902768398338
1168609463449919489
1168150801132466177
1167996661995409408
1168315242134290432
1169630881104957445
1168602918620139525
1169581038034702337
1168590220838809600
1169783360392179712
1168582076586766336
1168132474679042048
1171135697522233345
1168597585986297859
1170061356722270215
1172994029593792513
1169511402933014528
1168979105167159297
1168125673287966720
1168904094653853697
1168612701960056834
1169503959121313792
1173562501029617664
1168634796085534720
1168521629141536771
1168100752365096960
1169570623493955585
1169633068749139974
1168586827319717890
1168563816428396545
1176093091956215809
1168284665704341505
1168093655959265282
1168799366037086209
1169724800803250176
1169629039428034560
1169139083572105217
1167952636105986049
1168565697162731522
1175402473034539013
1169235628594253825
1170354218978500608
1168226926949031936
1168114013093470208
1171868544683954176
1168831977484693504
1167996966812487680
1168524370626666498
1168785225280905220
1168571091050217472
1168286712658825223
1168568724007378946
1168331718387994626
1168560232332713984
1169895596355805185
1168891969512366083
1169551822106877952
1168448294567239680
1168805726422278144
1168827959534333953
1168557065587056641
1170650833102475266
1168612802744991744
1168604628788961281
1168099464554385410
1168604580839591942
1174349547457277952
1168571416003915778
1168590432005165058
1168092440542228480
1169408038408728577
1168582815698567170
1173149270893039616
1168641616632004615
1168597947619119106
1169009475858120704
1168628054106759168
1169597907852566530
1169537501570195457
1168066027550400512
1168977722162470917
1168112290991878145
1168692065661833217
1168586040279539712
1174072885167697926
1169597596748472320
1168791096832548864
1168586874715353090
1169157095658262528
1168637695427514369
1169572534217564160
1175506631905484802
1168617943409876993
1175079949935489026
1168572938070740992
1168246373759762441
1170218513216233472
1168403258647486465
1171522923242250241
1167996941533188097
1169579151067684865
1168516377940045825
1168623908427304961
1168639800137699329
1168554715560513539
1168874803647975424
1168147077152591877
1168378576644792320
1169241375944118272
1170629599828406272
1168201309759123458
1168562661484838912
1168052695481143296
1168605063033630721
1170299312590458881
1169212967583387649
1170590856367300608
1168570145549295618
1168595878170505216
1168603978734669824
1168562182352715776
1168409713886846976
1168614154472689664
1169309159352950784
1170068009542725632
1171475816879771648
1168573347384483845
1169188233349087232
1168594664347160576
1168559474434424832
1168524263260864512
1172807524178964480
1168650145052995588
1170353814559481857
1169555678509314048
1168572639755067393
1167996974743916544
1169522602919882752
1168548184374820871
1168260400258920449
1168573685315358725
1169507491765477377
1168560932374700033
1168580915393650694
1168809010084159488
1168671526301966341
1168924642666590209
1171460649626394625
1168848308728729601
1168783926439157765
1168493363894599681
1169084152215408642
1169582117682069504
1168617335302893573
1175537712570556417
1178397514292174850
1168803509564784641
1168769186430169088
1169530924226269184
1173198160644190209
1168324919458959395
1168758748485181440
1171367385888165888
1168583339705622529
1168583636536516610
1168596868462497798
1168973614332469253
1170841987462905856
1168278318208180224
1168202720882364416
1168618659113250818
1168635966602588160
1168647713128439809
1175859440144330753
1168628929755844610
1168603148405104645
1168458040577802241
1168561354950795264
1168658479176986630
1171527618924957707
1168617881149616129
1171422701996478468
1169336383263191041
1168460373802082304
1168241016970915843
1175365629727166464
1168857874317152256
1167995531102248960
1168226505635303424
1168588536162979842
1173163069159161856
1170724297826025472
1168616428154568710
1168625350684938248
1169515947037777922
1168248693885157380
1169661798070521857
1168556696169525249
1172264724836339720
1168205904828882947
1170319083335749639
1169510293816381440
1168238972570673159
1168647263868137472
1171374618369777665
1170613199839866880
1168125897859375106
1168267412552265733
1169506080940068869
1168150296297652225
1168795369267978240
1169585365235245056
1171658064019279873
1169862546766958593
1168682835034742784
1170283401095602178
1169164778033623040
1168578071626166274
1168666987511394305
1168596287849160704
1170623600002588672
1168251183737331712
1168752763603488768
1168732557015420929
1168601865354915840
1168563864256110600
1168476659923783680
1173596808414711808
1168280157817380864
1170578036581904384
1168200078584160257
1168569796448927746
1168215670699560960
1168275426860515329
1168484551716495360
1169378666352185344
1168595452226363394
1168569278687264768
1169605443859165184
1168629486713278464
1168469025246068736
1168232581286060033
1168199969477730304
1178773341307580416
1169705007110852614
1168085517935640576
1169387443902124032
1169319018039324672
1171537369276850176
1168578809945346049
1168580598342070278
1168563999698497537
1169198625861373954
1168455765151113218
1169015002705072128
1168647167155888129
1168190166571331586
1168578668937011207
1169730101812039681
1169343339663175683
1169645268188504066
1169588459641724928
1169545034116534272
1168666681264279553
1168640548976156673
1168190070001733633
1168654878287237121
1168583620493225985
1169664751267459072
1168568610098417664
1168621977550106624
1169523651252838400
1168349001671991296
1170426666524512261
1169267573004939264
