1222962910307278848
1216984135014797313
1223320108715728899
1222945693511360516
1222961868362395653
1221119639322873859
1222978438790832134
1223020859587276800
1223014487621537792
1222972045736206336
1223187687290441730
1215935013063184385
1217163364759146498
1223161896406331392
1222947998495379456
1222970864452472833
1222955198303342592
1222960180826189824
1222947724481499142
1222966418959937536
1222947870795538433
1222969914232901634
1222946526395355137
1223024860487655425
1222975190088503296
1223191671862636544
1222959272797048835
1222951589419397121
1222953798378950658
1222957314434531329
1222964090915651587
1222960380793827335
1223242841608151040
1223181045023100928
1222992687353290752
1223130639974764544
1223205150673833984
1222987966114672650
1222989027831435264
1222945178664697857
1223027871872176129
1222990338631008263
1223231341925425152
1223162190619955200
1215160300238000128
1223192444558364672
1223019745202536453
1222957965403017216
1222952785181859841
1223127965241921536
1222968167624007681
1220503220025470982
1222961030457896960
1222989601876455439
1222952790831648770
1222947542956158977
1219542586601414656
1222180722712219648
1223272362289664000
1222989139932598272
1222953919988621316
1223047102663725056
1223134680716845056
1222957784125317122
1222993523110223873
1222945444168380416
1222951468585705478
1222998093240721411
1222950403114967040
1223214221019828225
1222946230910799872
1223188666459348992
1223007792581300227
1222980308649304064
1223134216118030336
1221088871045386240
1222988099724156928
1222955562419261440
1218973310576398337
1222949072706899969
1223148461018820610
1222949841489268742
1223129856646533120
1222990963779547150
1222949757414526981
1217229795920097285
1223236416114692096
1222973020366606339
1223012156976791555
1222960115504074753
1222962113179783170
1222971079217410048
1218244194894041088
1222999545778528256
1223128666416115712
1222950598494081025
1223017925801652224
1222991056083521536
1222989416165257219
1223011414522105859
1222949941565362176
1222956580200681474
1222946384669790208
1222951766972686336
1222955590240079872
1223183055491358721
1222952991239626753
1223249638792278021
1222553277780328449
1222955278859194368
1222962300350599170
1222948474104303616
1222957483616063488
1223206325817171968
1223141123478245377
1222953808462065671
1222972174186827777
1222952640843259905
1222978401746681858
1216390620585111553
1222945000893317121
1223207138958499848
1215229913873240064
1215989617427656704
1223007760599658498
1222975102658191360
1222971817935212544
1222954778281545729
1222950893026447360
1222979631558602752
1222975912259571713
1222975590321528832
1222972080787877889
1222953454299222016
1223228603028115457
1223178715993165825
1223009413721722880
1222954874033360896
1223171410010562560
1222950582878687232
1223128459221917706
1222993504667828224
1222974918637359105
1222945323842252805
1215687417447043072
1222954723302617100
1222945186344513537
1222947595544297472
1223160688622866432
1222980826784305152
1222992506780033029
1216148766140588034
1223147535621074944
1222946909008072704
1223144843704262657
1222967200065228801
1223196565315235840
1222945795533606912
1222985916635131904
1223029638018093056
1222964089238052869
1222953807434387458
1223008420896419841
1222620939336241152
1222984957263597568
1222499792779038720
1222946461870108677
1222968628557107201
1222946377300357122
1223173061685456896
1223031525677191169
1222526022329012224
1222976083953438720
1216065840006729728
1223188260622688258
1223246980245344259
1222964673064132609
1222987957235306498
1222986053784678404
1223132611553505280
1222486804026273792
1223049209928212484
1222956383026458625
1222971413587468290
1222954789161652225
1222980685155262464
1222964785555394560
1222962181026779140
1222952120774688772
1222968500341309440
1222985811756552194
1222946340793212928
1222950294230851585
1222989523279392776
1222973118798532608
1222950418386423809
1215687672146145280
1222982317460901891
1223244199933419523
1223010420371443712
1222946259268448257
1223018435145338881
1223000066132193286
1222985697390403585
1222952287389278208
1222953671605940225
1222974672175648768
1223003479230287877
1222951198430580736
1217049460053872640
1222949445505114112
1222964035576107009
1222962390423232513
1222956919406714880
1217042477909270531
1217605931845988353
1223167979648700416
1222981689359716352
1222947714062745601
1222993177889714189
1222985178240425991
1222948002471477249
1223160977803313152
1223025485191487489
1223003526458216448
1223127697318141953
1222956692872232961
1222981627795722241
1222956272162693123
1222959086737788928
1222989341129003008
1222975634609254407
1222945310068092928
1222948955782168576
1222951857989046272
1223191849843732480
1222982928222883847
1223034024488325120
1223013544368705541
1222978578054361100
1222958236036411394
1222955794276257794
1222960676827815938
1222983584094597123
1222949813873934336
1223017619579637760
1222990750306177024
1223133616575782913
1222965008742670342
1223188173687226368
1222977163663695874
1222983901888622602
1223387489353785345
1223335868301291520
1222957359213031424
1223028451776647168
1222946143275044864
1222965276263747586
1223150786122854400
1223321050093703169
1223265615743463425
1222957348119089155
1222951231729098752
1215818493070860290
1222959341642436608
1222964874243969025
1222945065078751232
1222991293468618773
1223218415625740288
1223188113712996352
1223014804291563521
1222945195437838336
1222985190622093314
1215932116124471296
1222948099263541250
1222965092008046592
1222955516596539393
1222957219861483521
1213459889349107712
1222954309488402432
1222946472456486919
1222441631988711424
1223141081363161088
1215635353576595458
1222947991310557186
1222981666135838721
1217455449018159106
1222926212454064129
1222987282694754304
1223175114948333568
1223129132336324609
1222948928058003456
1222990518478680097
1222978090009317376
1223190492818657281
1223001271411662848
1221877500063764487
1222982245151125518
1222956766108975105
1223250740455596033
1223221899435618304
1218784225710759936
1223140580559065089
1222523893979721728
1222974510082797570
1223202631960682496
1216022879487348737
1222951346250403841
1223074779760136193
1222988504361316354
1222970260770435074
1223004377000091648
1222973515470639104
1222965229530877952
1222956278525366272
1219066896068288512
