1089833869069701122
1088403698240442368
1089551047830487048
1084851503255511040
1080111123179978752
1087565840600444938
1081815107653505024
1087015094733672448
1084836692778016774
1088780170817925120
1089185053161259008
1084904055023972357
1087495048516784128
1089170939865120768
1086896191265230848
1081851217821749248
1084816760258379777
1089797994562633728
1084874036935606272
1080759373171953664
1088475297186529281
1083309738811641858
1089313553746747393
1089634542963568640
1090990129248985093
1080866859107450881
1087725221551968256
1084810319418015744
1089181573352706048
1089234992067211264
1089568672342073351
1085858568279085056
1091098112746274817
1089257505614639109
1086613935602704384
1084925263471960066
1089650585861795843
1086891501802737664
1084752985001992193
1087105274152923136
1088977536023957505
1089420845779480576
1089101027859746816
1089222775548583937
1089284266352173056
1089206458225516544
1083758581500051456
1086967399751077890
1085445678812286976
1090917017736134657
1087572170631532544
1089310681327980545
1089474346723299328
1080990443196874753
1089468899408732160
1090546021040574465
1089257680391335937
1081851147944628224
1089598091869720582
1089425103136481280
1088110251692515328
1089257164118679558
1089140491864760320
1086777339042779136
1088770732052697088
1084379897995378688
1089879782890848256
1086677271035957250
1089132360505982976
1085588310121164805
1084904930866024449
1080245301712244736
1087264696355512323
1080755334451474433
1080877422239715328
1086509795987869698
1089207604881117185
1080070146713178119
1087573507389734912
1087786623545368577
1080764991261806592
1089165408412884992
1086414229236842497
1091010758396264448
1091097778275651590
1083119869070135304
1088099498830843904
1087711406923939841
1087595460251041792
1084858591461470209
1084845527131291648
1084856157305360385
1089133599272722432
1084755272575471616
1089218606779559938
1085131625401409536
1088061400751239168
1086965008565764096
1085936968687599617
1090039362535018496
1089471970465464321
1084999194434306058
1082198639198507013
1083843841327878145
1089447644739616768
1082632722605051906
1087825927952875520
1088148918863609857
1086952089392173058
1089136364518600705
1089287317666308097
1087833822576680960
