1600876153937416192
1599880411504869377
1600877119244218370
1605346416641150977
1600213426172592128
1598700283500044288
1598724131331231744
1607561384673349632
1601564344940011520
1598746196423499777
1598131586557702145
1600788362356482049
1598965073531109376
1600843626023878656
1604857213847322624
1598950742840467456
1601484533886750721
1601993838913998848
1598713601178624004
1600988904332881926
1598653391684632577
1600370156269543424
1603364554863673344
1606462025550495744
1600883734924120065
1600200291386736641
1604940477710606353
1604868057456906240
1604905391447736320
1600598982912507904
1598685596486098951
1602798996505985030
1606863803613863936
1602662311835074561
1606571649595211776
1598912529295556609
1600886375553064960
1600791082010230784
1604586096431886336
