1223553854807080961
1231856522885500929
1223717239872000001
1233746528591896578
1231858070470483970
1224085774230085633
1231884535836663808
1230176458917777413
1231951739881959424
1229449565092433920
1233840225761267712
1223564457676300289
1230964475727142912
1223592952431357952
1232200815722582021
1231866733134307328
1232066003833483264
1223697943024295936
1228438196620550145
1224033614331109376
1224096238347476992
1224055959754022912
1232311150726938625
1223714855733137417
1224288887255764994
1231861525452906497
1233845702045949954
1223879697244852224
1223931279013556224
1231859419924877313
1231913322137751553
1232640501372923904
1231857219370733568
1227216331587584000
1227141333116243969
1231858484691570689
1224218022904242178
1223693690650202114
1223583259696750592
1223924886827040768
1224089834630909952
1224091156415422465
1231859052306628616
1223594778689966080
1233837447403929600
1223694997599461376
1233838194115907584
1231856528656883712
1225867086750257152
1223591379647062017
1228715063101575169
1233731649050943488
1232016464011550720
1224017434526601217
1223708417396748299
1223916125513297921
1233849814120632321
1224086784390418437
1231858196396085248
1223708680857772033
1227142604351004678
1223735274666176513
1231890678667530247
1232484904199307264
1223699482677796865
1231908143740919808
1224087051991207937
1223694092569366528
1231857758078742530
1232016765154099200
1233836866270646273
1223590024341606401
1231856557190717440
1223700325686792192
1228625874230161409
1223694052098543616
1223660547918454784
1231889890029248512
1231856272753987586
1223573180092239873
1231923107050352641
1233886600872022021
1231886403543412736
1224062001179131904
1231963162498519041
1224096942097039365
1233032724618846208
1223695935554846729
