1448668825759715339
1445353648851243015
1445131942668775428
1444408194571423760
1444308180264181766
1453280693551833096
1451936086905794561
1448889388960735233
1452584377481900034
1451996796704669697
1445321228491923458
1452002339775254531
1445128807321636876
1445088089580478487
1454399078129885185
1452041203072053251
1444669117450051584
1445114906735435786
1445172601375055877
1444306260871061505
1444704524153851917
1454403173767127041
1445150326252789760
1445112679396519954
1445056945287798784
1451925646305865732
1445301452893822977
1445117816831676420
1445222949859078147
1451962634891403268
1445088463016144896
1444415982232080398
1451933571145289728
1454547746090799108
1454556841078366221
1444707191148134407
1444205134599401473
1445099054761922560
1451931576015667212
1444874763923562499
1451930813134688260
1452499457015115776
1444753842692841481
1445062016692113417
1445083944442023939
1452214296134443010
1452196557059674116
1452298263294619653
1451990369680433156
1445056190434750481
1454399271638380548
1452130133163356167
1448390245335060482
1452002794488143879
1445185261281980416
1445096545943236613
1444820280124248066
1445227227352797184
1454611028482854917
1453287422112960514
1452045571318075394
1445124731515121664
1446387163180982300
1451947894358122501
1445136248738402317
1451973239031406592
1452021125500841989
1452180087533621253
1452215704644694018
1451991430445084672
1454714939613093888
1454461177233350663
1454120628013789190
1448284657213218817
1444369538448076803
1445072061790138382
1454541261973622793
1445106045668495368
1451938370360418322
1444322002194649090
1454387346896457731
1451941088525234186
1446969935318687744
1451934776097640454
1451951720725159943
1451931734799527943
1451934374866399234
1445111547509067779
1443903531614982144
1451994604585328646
1448292540474593294
1444352186973106187
1444333191700041730
1443843780772311040
1451940830705602572
1445141726151286795
1444418892131147785
1446089028911124486
1451939272789987334
1444678593490128898
1445106890522992640
1454526670275231749
1453534406677696512
1454526695663456256
1445130542006087689
1445124044987187209
1444678753121148934
1444689420540649483
1451932111468892166
1445307666063101953
1445085479800561666
1448255620239462412
1451949947121803272
1444669482706800641
1445107004561833995
1444671058892705796
1451931778197905408
1445129352283369479
1445152027667992581
1445055480758476808
1445303741587017730
1445366137861050368
1444545490113155072
1451930663687495680
1443864912061779988
1451939247531991044
1445113052668518408
1445324112663093249
1447737373576548356
1447480024060280832
1445136265742061584
1451954224565211143
1452307394621583365
1451943220653477892
1451933846459633666
1452407271141543940
1445085265828237325
1445065219731083275
1445643583822839808
1445063567410094086
1452215692766457862
1448687413925142529
1454539000572792838
1451933895511977990
1453350852282966017
1449379066382098438
1445101479971393537
1452711485742911497
1451955061479837707
1454529275466592261
1445137995103883275
1451941639002333195
1454532309475020802
1452059257059282944
1445352005460008972
1444667856537391104
1445099682603147271
1454526220377497600
1452234466324254722
1445306327866265601
1452003699916685321
1453019409723936777
1447220721005088770
1454530791028006915
1445158966720409601
1444296436804431874
1451962281013690377
1445176665739571206
1451931916786077704
1451962119151308804
1454528069591572484
1451990017950298121
1445134367886618635
1452019372357210114
1451938956921147393
1446918035793760259
1454473680512294918
1451940169901297664
1451934069755949057
1445156407230308357
1445851781968322560
1452366349263585281
1445059561082302464
1444681782331383814
1449076195425931268
1445341222843846657
1445055382364229642
1451932950593933312
1444673026705051665
1445123672197550081
1445162279859802121
1445115998034661382
1448407115937337354
1445105940156518401
1454433842316685318
1450069327324057608
1452940365154168839
1454531267110789124
1444691577377525761
1451942901387309063
1445064008189480976
1452178135043256321
1446245188020604933
1445050439196717058
1451941591648661506
1445845394626265093
1454538553464131586
1452254938474631173
1445108746468962314
1452142466279301127
1447491118782980096
1445336947640131588
1454538955307823108
1445130607101628431
1445188110325792772
1444228164687966208
1454541830385803264
1452249113995661317
1444785299679219716
1454532265053143052
1452042179346567168
1452011504748859396
1445088598689259526
1445145836116131842
1445167918342344707
1444310001410002945
1444670219050536960
1445051454650208258
1454528206594261002
1451950101576957953
1451940371999731720
1445131434566508560
1454531327089389573
1451946293421608968
1454527334162309127
1454578947149205508
1451953544496619521
1445348857710264325
1452179280729870336
1444429246936584196
1454527655055876098
1454533060138045446
1446915894773493761
1451948687568084993
1452066172262916099
1451950427730284550
1454394562538004486
1454843106831048708
1445092319858991125
1444678437181009920
1444670021590991010
1444674159318114306
1451932159502082048
1452037358057136137
1444684731908567041
1453306602086440965
1451979034313859074
1445153407220715521
1454920689706807304
1451914994556276737
1452001532782723076
1445776747689963523
1445111826681839626
1454587370557353985
1445135705412341773
1454565768419549193
1448390439288152068
1452067383791738884
1445108746062028818
1451231970684440578
1454845076102860800
1444718719763193863
1454819958463029251
1454539407197880333
1451985781359267850
1445143647050244102
1444670596458160136
1448742087097204741
1445279490582761474
1452225424809922565
1445070635672145930
1447192624968912901
1445199482283610114
1451948135639654404
1454441436070486018
1451933453352456198
1445171758148071437
1448283838237581318
1448394276203896847
1451938352941383681
1451895630733905929
1445319321224372224
1454542904899391492
1444297795368849408
1445189908965085184
1452277471101997059
1445059724769218577
1445116955573243930
1445534080225796103
1444688705919258626
1444610338859651074
1452322174337966088
1445092466781261825
1445290643983568896
1453034222957043717
1445088274243067912
1445067713148239881
1451954843556405262
1454392835327791108
1453076814256017409
1445148990937391108
1451951980482605060
1445299248183009285
1451994428286062594
1451983131934855169
1448478280936574976
1451939038303244290
1445073917299855373
1445143511779717121
1444405098445221900
1444572645752721408
1451959267775459343
1452408355331325952
1451933024900292609
1454389723405946882
1451960290896142343
1445284541703331842
1444621782204485632
1451930749544902664
1448623994349961221
1445095214301995017
1452288547906592787
1451932003792789515
1445056000675962897
1452030670696484865
1452047944375537666
1454548312581881866
1445290477096423424
1444820097353326598
1452063072756113408
1444338002617065472
1452072835300667394
1445105237069606912
1445116840057913357
1452175085389983746
1447100855535144961
1445120775187570711
1454645276539449350
1445090116523986947
1451941658170429448
1445119832484110346
1451932080439537671
1445293944099774464
1451931301343289356
1453055746237685761
1445135339912409102
1452412520547880961
1452196724592812033
1454392102268411904
1452051455674834946
1451953075086835714
1451956781543006209
1451931198805192716
1451959757435281418
1445290647028633601
1454557755386253315
1444648198589517825
1447519712628379648
1452159515256922115
1454527807007170562
1451982480748253201
1445166790674419716
1448529610967289858
1445083207079182337
1451930407671304205
1451989423281909764
1444666872956338176
1451998640315191307
1445170798482890765
1444675844656537611
1445137016350511105
1444619654476046343
1443957328353574913
1454711828177686530
1445106999428100101
1454680199996579845
1450561779986313221
1451950961707061248
1444664116296265731
1451945542959968260
1451931191108583436
1445123041172893705
1452023275639431169
1454058490637557761
1451942414202150917
1444334081404198912
1448572541526806533
1445067109290156038
1445132056846114817
1449078240459567106
1445274434286325765
1445108779402645505
1445300665761386498
1449271637568851969
1445103955143495687
1445254413468250113
1445055823139463177
1454393393073770501
1454459066240077824
1445109275798409228
1444354694697164807
1445109939463200769
1445104486305914885
1444359196485603338
1454526660078968837
1445058978426277894
1444668897039376386
1445074876038107144
1448290159796101126
1454709986270064648
1451979746070474755
1445129794891526154
1451931076318859267
1454529459952910337
1445106687875108872
1448424577126879234
1445729647749173264
1445153882032820227
1445067730734944257
1454587948901486600
1445279965025644558
1454528846213042182
1445114856349356033
1445111267476262926
1446928126374785029
1445845731126960128
1444344333684072449
1445102200808747011
1454558316621967361
1454444544456593409
1445107213530550276
1454544870132101129
1445089930938667023
1445111938476822538
1451101321826865153
1445111182436745217
1443900676120227841
1444665375547854853
1451972328334807051
1445100180710305795
1445136901799923726
1444713103028113413
1447363622527803393
1445086236255965205
1450493835667288072
1445089207819673604
1445118232030064646
1445092364943511556
1448750058149658626
1448891817626329099
1445110223690248201
1450540787234742277
1445171629768773635
1445112521313161227
1445179142274682888
1452179839360843778
1445347901002207232
1445192463153606659
1451891324651720711
1448283893577175047
1445128969381109766
1445159429410902022
1454544650145083396
1451949111658401797
1445104311520878601
1452327956454445061
1445677216713482249
1445621016357531648
1445216644054257668
1452179561488293888
1445143931856039937
1444740159224832011
1445249183783559172
1454543174492430343
1454526559973412864
1452009101706158085
1454528799144661003
1451931592058884108
1454686439111856129
1452178050305695744
1445126809109073926
1451954028158586887
1444673175141371904
1444589533773840384
1452042299408539648
1451932459176693766
1451931102734585860
1451939985851092997
1445127281433841674
1452001575275307008
1451931883693031428
1445196481242271746
1445142910329098249
1445099124551000072
1451932809334042626
1445145927862390793
1445128592854339606
1445090148400705549
1448985820376059904
1445166296304345094
1444676297632923652
1449074969699405829
1454394079647776773
1454537219109277697
1453023261860708359
1451935498268729345
1445115900143837184
1454433063174393856
1445097081958453253
1452034638734635013
1451930330345132045
1445362222759387139
1444669473991151621
1451954871142391821
1454530266026893321
1445099200404930561
1452238181701726215
1448196540540100608
1446441800068223023
1454529468677165059
1449301497351655426
1454421432503525381
1451941042090127366
1445190637666582535
1449696740827975681
1445174492330926080
1451934309770842112
1451939609299099649
1451904189475471366
1451931596244852740
1448530701628882949
1445130194071785480
1445103728806318093
1444338649924046849
1451945931369295886
1445236245853003780
1445094852409057289
1452839485381623811
1452173048858267654
1454529998354849798
1451933427117305859
1448583856316166146
1445365100135829505
1453251601460875271
1454796403872571392
1451928532116987920
1454531526255915012
1451933446369075209
1452053550918479881
1447173379765809155
1446154347373543426
1448537763289120768
1445305501668061184
1445080044863475717
1445123098479579137
1454392809587462145
1445147631974600714
1445138852520337420
1445076589654552586
1452047473732694021
1448187751334035457
1445145379557855235
1445070508509339662
1446843139923353600
1451933616414547975
1451933433689739264
1452194059427188741
1444440881134718976
1452093770871230464
1452041322433499144
1454595989298368514
1445235764971937796
1444678208964726797
1444582282237562881
1445289806192431105
1451993524535169030
1451931094631206919
1445129955612966925
1444313896999849991
1445258962891329537
1454537587230707712
1454532398624948225
1445260558261968897
1445105618134736916
1452253956680343555
1445052574831349763
1454543208378257411
1451981831411277842
1452228816051523591
1448529107952803842
1445055586425614342
1452031160008249344
1451930735678566402
1451958369481285644
1445123957946925065
1444668760795881478
1445145324633444352
1451974647105347594
1445101308621504520
1452531130113183747
1454535819876782080
1452418538921209873
1445106298144661510
1454475319314878466
1448667673433358337
1452414461051027456
1452153356055629825
1444697803947708424
1451469778628104226
1452058857627209734
1454558520691642370
1451958113112821764
1451987209914097668
1454555118653825031
1445103261397159938
1445076051869192193
1454291811221057537
1452164177905213440
1451994308060405762
1445071693047861255
1452011261508661250
1445352614946873351
1451971393575325699
1445096431535239182
1451972620782604291
1451932160131227656
1445425825034211330
1445081202403184641
1445105360759570438
1444403224455352322
1452302158372671490
1452224321666129923
1445150934431064065
1445274089447378947
1445090609069502466
1445114044013293571
1451931961187045386
1452004079773884419
1445091101287845905
1451997245411364870
1444672190184570881
1446443609981657089
1452279139843588099
1451991702118572036
1444588707701530627
1452061630431367169
1444314794576781316
1451936996046352387
1447480542702837761
1451936886377877510
1451934429488861189
1446902672951549967
1452190058761576451
1454659699547254786
1454446481298051073
1444726164099112960
1445115783932219400
1446755182948274177
1444353756351639557
1451990027123236869
1449074629977513990
1454783416369569793
1451973913571954691
1445144324409335812
1443891413737934855
1452210288162451464
1454530735398920204
1445060316816105476
1452306327586451456
1445135443402674176
1451970947502718983
1445148352161751040
1454391905173872640
1451946515677712385
1447436605019590660
1454577482472955910
1447490507089850371
1448754893125214208
1452024748578381825
1452023880877551623
1445154175801860098
1445112175425634305
1445018898038919168
1445143738746122253
1451939105789648906
1445111306198081541
1451931663114588164
1451956422879633415
1445066155778052096
1446159600407879688
1454529518727835648
1447227960197582860
1445292636693225472
1451975227647348744
1448953262590337030
1445121851370450960
1444409122695303172
1448910763301670912
1445088608613019666
1454528215238811661
1453012280313008128
1451968172085682178
1445056400263196684
1444445863003176961
1445328190004662274
1444335232510054401
1451997137424760838
1445164355511885825
1451950894476632067
1451978177031647234
1451979018346143748
1454741680251363328
1451974329030385664
1452110711090520068
1447608564961341445
1445178931708112899
1445101314443292676
1452153007852900358
1445118472485212164
1451967037555843077
1452001418525777925
1454526537210998785
1445087828812173313
1444428987464364038
1445365560171274246
1454569723090411525
1445115245505228821
1453012136855326721
1452203698587844620
1445107879694974979
1452042289161850885
1445138035562229763
1444026685461090309
1451930955934015493
1453057486873837570
1446996921789386757
