980938493923921921
981078115119181826
988300520795332609
980432716998029312
988279090263281664
980756154216271873
980841600485154816
980752878527709184
987132213543260166
988295399164334080
980851816350015488
981153329056223232
981114912398340096
980841777358868486
980815129527898112
985961119763312641
981095701089308672
990465495622074370
981900665906761730
980261239468195841
988443156072017925
981063876279263233
981226822355640320
988734462002450432
986461489048547328
980813938265911297
984882036166062080
985353928400359424
985423371713286144
989714902947250178
980753979029192704
980756716575961088
980761384916017153
980751845672046592
989681895511216129
980762983939870720
988072196470988800
986478744377417728
980790934500765697
