1298770267167129600
1297288760523186177
1291772039884419074
1298644971915030534
1298710858789343232
1299734284941627392
1294656723945488385
1298746677260685312
1296154878386098176
1298702964450877441
1290388031162265601
1299689185314369539
1293998596627378176
1299869615225438209
1298597091741175808
1290156863779028993
1289917636818743297
1297224250215014400
1296599055745921029
1296217904288083968
1297230885360676866
1297222173371793412
1296146786688606208
1299110587062980609
1298660689167482881
1291888476875628544
1291686067368792064
1290419663743127552
1299090788845056003
1298621636103610373
1296100626619867151
1299680942487932928
1299369544495104000
1298699567135956995
1300553137464508416
1299096566607867904
1298596391506317313
1289624250844712961
1296201464432533510
1293517391595536384
1298706313111797760
1294027355296616451
1291444240699068419
1298742507321339904
1299648463345537024
1297225244017659908
1299746155950223365
1291689261276823552
1299031494170759170
1298607134687494145
1297155832308805632
1298696039965261824
1297227048797315078
1292382360474914816
1290909764181000192
1299427729155260417
1297281204715020291
1297267422769098752
1298896306769977345
1290179092252246016
1290062047510540288
1289924968483098626
1289660465912532994
1296467323746955264
1296325106260684801
1296207027052716033
1289861573289349122
1298765023590993920
1295482833495109634
1296487775022260225
1298901937644081152
1292930295029800960
1297616627836620806
1297632123784957955
1296133839685857288
1296383712934977537
1298599643689951233
1296168968244408322
1298708384309325825
1290537443029135360
1299696194751549444
1298719055323344899
1289850649828397057
1298964197523492864
1298786802682265600
1291280088508633090
1293437014797426688
1289624221677576192
1289913036610781184
1300561079135809537
1299816720346087431
1296156553222000641
1295592566050762756
1299655513265909765
1296224564821852161
1290114253261684736
1293551529153179648
1291648672317538309
1296187736148324353
1296515753374560256
1297494767484510208
1298754890265657344
1298706582474313728
1290737080876896256
1298695128891232264
1296869904914747397
1296318991095468032
1298882968644202496
1289799587780112385
1298783993358413825
1298572581893808128
1300011995274543106
1290164085179351040
1297102293389717504
1290162748614008833
1298729320798720005
1298716592633569281
1300423724974379008
1296175579553832962
1293529305734156297
1289966237837963270
1290057304641945601
1298601914721083398
1296480446499426304
1293278111321206784
1296168662978764800
1290061113032355840
1298755712466792448
1296466897731551232
1298738262010404864
1296224727808303111
1298715172572295171
1296482274800803841
1296127171329654785
1296108639195979777
1298914140275253249
1289928426544013312
1296147791341850624
1296192859008315396
1296165050097512449
1298703398351642625
1296895624604979209
1296519478432477186
1294203862409269248
1296231567585574912
1298733099195531265
1291879590089175040
1291483621572915201
1298769428679659520
1298711357219418117
1297255559914299392
1298623279473754114
1296178974964555780
1297225889206370307
1291704969645699075
1290068409128906753
1298607804945702918
1299352119926050816
1291766517424627714
1298643081768644608
1298623072812007424
1298716652360495104
1298922330232688641
1299463028304424961
1296223597141340160
1291279824108093440
1296227897733152769
1291749701268705285
1290062808357302272
1299757977935769600
1298680682357698560
1299653702073098240
1298931902640992257
1299399224790974464
1296214826201620481
1290028024901939200
1296231393534517248
1289497042549534721
1292058231435657217
1296336862672490496
1299695968582094848
1298729857384407041
1298702801162440704
1296349153036034049
1293473057110216705
1289924323969388544
1296353714408697856
1298634707807199238
1293998618123198465
1297841202285477888
1296173377086988288
1296231436911968256
1289940483725303813
1296756824855773184
1296165885149937664
1298741303539306496
1291719641530863616
1296897204691632130
1289962055093510144
1296146108255797248
1298716420415483904
1298753384376344576
1293165218051194885
1291668309834903553
1298722523811475459
1298909296378380288
1291698357904322561
1291517402786693125
1293165270584893442
1298750435679928321
1298729303933362178
1296363920685400064
1296154624861372416
1298724193949736972
1296314530104999936
1296194397877473282
1299708771976056832
1297225709153386498
1299259169346932736
1298986163793928193
1298955078414594048
1298682973718556673
1298740590910361600
1293495440202256384
1298745666680885250
1290068620924448770
1298967614014861313
1296898090851540995
1289938685132075009
1289779436288479232
1299696492232560641
1298604601973903362
1296590245723504641
1298653010759950340
1298724080791633920
1298733351923318785
1296419270692417537
1293263551633731588
1298856839984152576
1300088735321776131
1298703232026517505
1300136739844087808
1296318040452276224
1292826899790667776
1290208262147563520
1296442897827606529
1290209589216960513
1291875838330376193
1289911881394618369
1298631001334321153
1300149209715412997
1299869743017529350
1298716255822602240
1291732377987932160
1298820193993588736
1289921940904390663
1291623539842441216
1296518947769131009
1289643525584203776
1289986905438924800
1298719160583651328
1293517578971885568
1298705085443108864
1297829732139126785
1298726662293671936
1298706513347960832
1298705529070669824
1298641986627534849
1291525576633847808
1297114980945469440
1296114904555036672
1293473998886576129
1298681603909091328
1298978922466549760
1299253223425966080
1299696404256952321
1297559813203931137
1296876842440368129
1299980646446780417
1298717379879268352
1296340243852013568
1298951053279453184
1298599741450866690
1296742609487093761
1298718250390315013
1294167781462728705
1291654934606249984
1299283449006690304
1296185882773532672
1298892971346210821
1291329909047070721
1289664315667226635
1298599596655104000
1298741126128640000
1296487869683507200
1290540788514983936
1295484530581790720
1298615000064495616
1296220604765483009
1298754890416693248
1298623310843060225
1298721057247858688
1293165195087376384
1299030259958976517
1289660531393978368
1298706214218588160
