1373551425205198849
1373612646860271617
1373916518464024576
1373966100413743105
1373629708441686019
1374054702267179015
1373559506580471809
1373676901395525636
1376530039815221253
1373359430335610881
1375221622152499202
1374294631467388930
1376498622611738624
1373581989408825348
1366537692381671427
1373561275129630726
1373727099027124226
1376451798559567873
1373558297236799489
1373517790448119808
1373281569377509378
1373588576374550530
1373277998812688398
1373320192873402368
1373281564952571911
1373241535156908032
1376521681024516101
1376483812750819334
1373556949124517890
1373315297692762112
1373226998856876035
1374340367508774914
1376279599324262400
1376495653107470340
1373522024564457472
1376671845328560132
1373263474864881673
1373303224581644291
1373576374154313729
1373288235170926592
1376986101123010562
1373243493955612674
1373579163861401603
1376451103970189312
1373217040157278209
1376988785829875723
1376646882659872779
1374002968937312256
1373316413151191040
1373626774433755143
1376519278078349315
1373594137342136327
1372492171979460613
1376068899352027137
1373550799901622279
1377168668518322181
1373393721526484993
1376270226992562178
1376292686454530049
1373281368965320714
1373757264985792524
1373559572212879360
1373352793348698112
1373280477948284940
1373213048916348933
1373987870512386051
1373760614926053377
1373211342438551553
1373007823035072514
1372149347618594817
1373321777846312965
1376605333968330755
1376476278983917571
1373558654088151041
1373371429614460935
1376471024259248128
1376472984962146305
1373551075446378499
1373582434885844992
1373424646389968896
1373760857109188611
1372629474626445313
1376639395579764744
1376984934871613440
1373210140866977797
1373560115857653760
1376831492366688261
1374082663892549632
1376619709664260109
1373563483317485570
1373294854076297223
1373612816612126721
1376449481537941504
1376532228319150083
1373228929050378241
1373298949247877128
1373302533096103940
1373374417120677892
1373303354860920833
1373597906989682688
1374361003366973448
1376519864727244801
1376557468088737800
1376622139617509377
1373565613055033346
1373391243066142723
1376968612729270272
1376483102793555971
1376594689399328768
1373280058597588998
1376968244997816321
1374459351872630785
1373389591298904068
1371979005717536771
1373919867431223298
1366853049713631237
1376988090414346247
1373770081726005266
1373380251766685702
1374460003940065283
1372500081203683330
1373509211158626304
1376499068860530696
1373586464924110849
1376530186624196618
1376572638210981899
1373999784378433541
1373265383046709257
1376453647136124933
1373771940540903431
1373400382186123269
1376138533082136579
1373294824556797955
1369993811590578176
1376915327821438983
1376490422961324032
1373242634735652866
1373209713987489793
1373402895996092416
1374124169944838150
1373759572733800448
1373376254083235851
1372474362104778760
1373227711628521472
1373921361047998473
1373569145372049409
1373227584830513155
1376986292387512321
1373378158335000580
1376916835778633737
1373693201173860357
1376471143360659456
1374126643346817031
1376989129884459010
1376819480748249089
1368340337694027780
1376464337867583488
1374053734356037638
1373314626524418050
1376455172159909890
1373668992292900864
1376911832007446529
1376213470597763077
1373521337755566080
1373273836318232582
1375798097138364418
1373563832732430336
1376529900690112514
1376513840423243777
1373646632684822531
1373575417609781249
1373756835707162624
1373324231782629376
1376803310213152768
1373281458970853384
1376210670694322180
1372884477089841153
1373573778899410951
1376968381128187908
1373230093028487170
1373537816450322435
1373599818921226249
1373269238060826627
1373689846271737864
1373577732689428483
1373231801209094158
1373709270731087876
1376449736920694785
1376519946998587396
1374000354015260676
1373267365144752129
1377124792122241035
1373523599513038850
1373669170265591811
1368323942264537093
1373365611946983425
1373753199602106373
1373233722846236672
1373229579251372036
1373367658146578432
1376171847931342849
1376554770706673668
1375959540047417344
1374084458882727943
1373589087119147008
1373556905503784960
1373605838196183043
1368689185247424519
1373711276355035143
1373613599235670018
1373888568897191936
1373221895085121540
1376450069793275905
1373963532732092422
1373430435993227268
1373230844391866368
1373251371827335168
1376913357295517696
1373940392886943746
1373520615051829249
1373385286495961092
1372464679113613313
1376648439174402049
1373698006151741443
1373711089821700102
1376456957167603712
1376557988358553601
1373210028015034370
1376459394989318147
1373569261290020865
1373737632342142987
1376550480361492482
1373389538601676800
1376638761308721156
1376526012687745024
1373889108171427842
1373373441085161476
1373675105927172099
1373592463487684608
1376557538322300935
1373422352147570688
1373963731676303365
1376987074339962886
1373679594583293954
1376213450532212738
1373588770830831617
1376521111056363530
1373689716999131139
1376488031151095808
1374385101568495619
1373927749123985409
1376467872566943747
1373271601693782017
1373896014080450560
1374249035767414784
1373736213950128130
1373528248244703236
1373271007541231616
1373230851610320900
1373264456277450755
1373257129340047362
1376986766985588736
1373251191652675584
1373272233557295105
1373571510129020932
1373342166941057025
1373283206246567947
1373402001153875970
1376186306556989447
1373570978169634819
1373668014512615433
1373600325387628544
1376457069247750144
1373697914061602819
1373231165063245825
1376576899779076096
1374107258506915847
1376471683100459010
1373999544774623234
1373263116541263875
1376491726093889538
1373271140299374592
1373960407065493506
1373758031993974787
1373889202920816640
1373562965459341312
1373618692043456515
1373678944222912512
1376571211287834625
1376568259923824640
1368320847568584706
1373751901234290696
1374728953957605380
1373239177576337410
1368613133456203777
1376453384941748229
1373526642656751618
1376551921117462529
1368413357783609348
1373315243741483016
1376615784361959426
1376986716163215369
1373699964770062339
1376519549181382656
1376453593973334024
1373542295199481856
1376839375301017601
1376831512390344706
1376478433333673984
1374142264428134406
1373307917802291208
1373264478045929473
1376456202159329280
1376522967362854920
1373704445196963842
1376645183119446016
1376563042259984394
1374454502946795535
1372539031007989761
1376582429033562121
1376565389082177536
1373521938363088896
1376911687433981954
1373326657013084167
1372076558282846208
1376484145552109568
1376761997556133893
1373388807710593028
1376616205310644225
1373523427999547392
1373339085360742411
1376495369324990465
1373594858506616834
1376856225539883010
1376645054731804674
1376833073329868807
1373637980204761092
1373574432887877638
1376172185295917057
1375314001316478976
1373768102664605701
1373940569500753922
1374158490034438145
1373278019847127042
1373353717341298690
1373658392313618437
1373621473131298823
1373553359257534466
1376834401619877890
1374279562520113155
1376630726750244867
1376556184136781827
1373250474481221637
1376509449867759617
1373689090864914433
1370715281811734535
1373390672808525826
1373225184342241282
1374371497809121292
1373280096887377920
1376451398733291527
1373631965296013313
1376556512684949508
1376486652688875525
1373737839540715523
1373607849755021318
1376534905958596608
1373556446865059842
1376490479680946182
1376523753878867973
1368325331535421447
1373339811096977411
1373633146558758912
1376557511415894018
1371938718601388034
1376837983979122689
1376892674037448709
1376209872828694533
1376141725383671813
1373281911322382339
1376535733125705732
1373224158461620224
1376283602074398723
1373269594278887429
1376556543643164673
1372449805767688195
1374001823519019012
1373362525979488263
1373215244269584384
1373568626180157440
1368327142199660545
1373273984540770319
1373384505294217221
1376644793913241602
1374129708623917062
1373554885308915712
1373521204351488000
1373280501537120261
1376449500475224065
1376494191937777669
1370840026720911363
1374126783788949506
1372503299979612161
1376265153361088521
1376913841142042629
1373706999762915330
1373579171893497857
1373393612759822337
1368456695333195777
1373557343833690115
1376987316082855939
1373976357793898498
1374482366824026118
1373302044925235200
1376546306798276610
1376540392770912259
1373872057772093444
1369344709278240778
1376934709427634182
1373750000212185100
1376505953219178500
1376455010192609280
1373537047315632130
1376477204733947905
1373383840664854533
1376624168838529025
1373689795340345347
1373569981129109505
1368390145142120449
1374386373453443072
1373265153836388361
1376552518734508034
1373559717436473344
1376452547607719941
1373537789028012033
1373568580743217152
1373267908625895425
1373327161919148040
1376495237217062915
1370683346821513217
1373518641547841539
1373330827761872900
1373960233022853126
1373282933054787591
1373582264513204224
1366764261519679514
1376935021110513666
1376628687047647241
1373323794933284873
1376464484974333958
1376448760180539399
1373551916400148481
1376986939086274563
1376567731680645124
1368276183121616902
1373369338502250499
1368513970030735360
1373582199333785600
1376495039333994497
1373362109594144773
1373612273500090369
1368798440604450816
1373285810133479424
1373305629272588289
1374045360998526980
1373559274165637121
1376569992112640007
1373220798111043588
1373577318149599232
1376454162754498561
1373263809599660035
1373578514813874176
1373748816399175681
1373213236791812096
1373349396704849920
1373915742190592001
1373286855366557706
1373408312801251328
1374007205591138306
1373667571375955971
1372797265883000832
1373400686273122308
1376609612724633603
1376617511270166528
1375777825593122825
1373565326907031552
1376273987911753729
1376848623028293634
1376497170594021379
1373551945680584707
1368324059243704325
1376941498395164679
1373651054970216449
1373627186989649925
1376911698561482753
1376910805107630086
1375869624634515462
1373537926345334784
1376917952902090754
1376872155812614150
1376559166475661313
1373605671585861632
1373556951624323072
1373272406211575811
1373687026223087627
1376502468448817155
1372612030721630208
1376469158511120385
1376271938889342978
1373385645851357187
1376923569624604690
1373552773548113921
1373737475227717637
1376511046408667139
1373621303765241858
1373596778981908480
1376616633859506177
1376983562679902208
1373706715468824576
1373576134143713280
1373557866527924225
1373432139119792130
1377017846560141323
1376492819725086725
1373582266119680001
1373327501754302464
1373273168664743937
1376985641460895744
1373372467469762560
1376532272699031553
1376526910981869574
1373583854586433539
1373551562505785348
1373558320829763586
1373606230619533318
1373360603264393224
1376502186729947136
1375378222876098564
1374117179197636610
1373365734580092935
1376499053341577226
1373244160749240320
1373876497291882496
1373964786967404546
1376535605576933376
1373296023506935812
1376842187321847809
1373602169392365570
1374341243837284354
1368621383039803392
1376914290498809857
1376984698140958721
1373576862803365888
1373351421576417280
1373421018409230342
1376466611490713600
1373360081652310016
1376476557066305538
1376266914801016847
1373358467243782144
1373554294104977411
1376602242745253891
1373662023477833729
1373721894298529797
1370798626998517763
1376616028529131526
1376502415428612105
1376646357612658689
1373587782866718722
1376494337828253701
1376521923308445705
1373589388857327616
1373744180523073537
1376137719143874560
1367793183799844864
1377161493465100290
1376912948791291904
1373611615774511104
1376837448332931077
1373565190726426624
1376644773155635201
1376468966516875266
1373767924192776193
1373217225583235073
1368691553397583873
1376645504306647040
1373562268705812480
1373573085186699264
1373549093054775297
1366368639578963969
1373698175605817348
1373812309181792256
1376574543343538178
1376451348846247936
1373299242203242497
1373523101317742594
1373547321171009537
1373553797495205888
1373351475443863559
1373265139655409667
1373212118540029953
