1434556450123169802
1437038799037554689
1434072909505564673
1442600246312374275
1442099415653748739
1434591845481390084
1440656568144388120
1434556243117547527
1434579796306976770
1443230379796844553
1442869224544915457
1439700947651944454
1442724050950840320
1443460561539325958
1438583736220758020
1442496428983472136
1440622311992741891
1441906805739720707
1439576872174694401
1434903509602914305
1439936330989965318
1433841249132244992
1440782508375744520
1438570445784166411
1441900330673975300
1442007996704301062
1442588744742211588
1440812330112073731
1443705735389536256
1435304414122844161
1441045368154755072
1434552310009577472
1434639154801872899
1440657552446918656
1433130705329008642
1443587925254414341
1441938686027857921
1441906170952917007
1434552810700517380
1441909411979698178
1442925528692838402
1435189657344434187
1435629098777382922
1440441661503336454
1442487574610726915
