1534985496291688464
1541496178818392068
1533041101292163074
1541508419655536644
1533458363979337729
1541528560501923841
1541501617819844608
1541534685846802433
1541741290374795269
1541473383438753798
1541543084969922560
1541499644500447235
1541778899482419202
1536754229519560705
1533153528935550976
1541537597352181761
1541648709666078722
1541660234502078465
1541543753328037890
1542124218086817793
1541505220953477125
1541493760646909958
1534749428376035328
1541886790273056768
1541459498241773570
1541550038886875145
1541480577223770112
1541721430856974336
1541879885085523970
1542167181034659840
1541531479846551552
1541473209144512512
1533033364344737792
1532711547809701890
1541499494826758145
1541743664732438528
1541471982881054724
1541667333822971908
1541483288602312704
1542019299870646272
1541561046271463431
1541555098475798531
1541541901970673670
1541459514146410500
1541471977294233601
1541551630033846272
1541478871832436736
1533053576662200321
1541503910657024000
1541471900399960066
1541755086958903296
1541543343439724546
1533013859363082240
1533046780899823616
1542084887435427840
1541811341572415495
1541491257750556674
1541470549683179521
1541466058447622145
1541804232080334849
1541751715724201984
1541655831040630784
1541530517593628672
1541680449877065729
1542020353228144641
1541537283098148867
1535251888643481600
1541468044282691589
1541478082879569922
1541616716962308097
1541691154193850368
1541456950130532352
1541537189762420742
1541484692490297347
1541503026174857218
1541506792462733321
1541699705968771073
1541456863383912455
1541472271646310400
1541555685322014720
1541871240411058176
1533215879781023746
1541741640221614080
1541878101646483457
1541715516355665921
1541547817952575488
1541464786877161472
1541530123438100485
1541910804332781573
1541727338332823552
1541551665911926784
1541519674998923265
1532996156736798720
1533074522475208713
1541520274092335104
1541458655069044738
1541520026209030151
1541525238185353219
1541701861551575041
1541910241821999111
1541542985195819014
1533393786625212416
1533214960159014913
1541475866940669954
1541788627356762112
1541472056440766467
1541731484532412418
1541455068196732928
1537042574048903168
1541525230388236289
1533078778804588544
1533033970459451392
1541460011783692288
1541509820444037122
1533048448336920576
1541817607539621888
1541459875015843842
1541670669255073792
1537799449522618372
1541460903861837832
1541749673848983553
1541637626893111296
1533038922569220097
1541462030217105410
1541457184504139776
1541556113191084032
1541568866874179585
1541510516719456256
1541690438276587522
1536909276681228289
1541499374311772160
1541943634861473793
1540242247492538369
1541493396170317824
1541460130448941057
1541533104950726661
1541667945226682369
1541461102789365771
1541493138145116160
1541698611553222656
1541762752800333826
1541486874233126917
1541468412811042816
1541478689862565890
1541082833028108288
1541516872209801217
1541720552439685120
1541918448745324549
1541720563395268608
1541713558634889216
1541880564520738823
1541523144753778688
1541669828590698498
1541477331776192513
1541515327854583808
1541735783224295424
1541506380946890752
1541725947929452544
1541455122034790402
1541579606167326722
1541486244865183745
1541810851983810566
1541535132951142401
1541681288515649537
1533001332604514304
1541548827005665283
1533041001375350785
1541503620830691331
1533023515393556482
1541477381352804352
1541580845386895361
1541688951852892162
1535020924369616898
1541553040272101376
1541485947681914884
1541649787967229955
1541454406184566784
1541933402860969984
1541504483313827841
1535610762273640449
1541742303391391747
1541469530899324929
1541481886345830403
1532227439086157829
1541772266178068482
1541499968112009217
1541515714279899137
1533940650613293056
1541464279655878658
1541476727230185472
1541514468924051459
1536405858275495936
1533215641829769216
1541708173253427201
1541474449437900805
1541511489122705409
1541532216404180992
1541852187223298048
1541462661690449922
1541555226137747456
1541478421460574208
1541750379540529154
1541571711992209409
1541509340271714305
1541738843279429636
1541686224691281920
1541588438637346816
1541391909423353861
1541770561684226049
1541511380813189121
1541730421276286976
1541685545696387072
1533037061627953153
1541505136975122434
1541918273037557760
1541496512768786432
1541473999175163908
1541739528632901635
1541789500413775874
1541461145013440514
1541479488902537221
1541533472061329409
1541699802714591232
1541660380514193408
1542091373062537217
1541507192003731456
1533341237394153473
1541473778928058370
1541506032689729537
1541496648853032963
1541748250314739713
1541466836147003393
1541724355473903623
1541504416183984128
1541465824023793664
1541469152266911750
1541479699104284674
1541467693521539073
1541761756791558146
1541695646238998530
1541517898597994497
1541483398820249600
1541496678401843200
1533163896923688961
1541779214550138880
1541465540987953153
1533124878269833217
1541500471789101056
1541454151133143043
1541841964953473025
1541503789307404288
1541656406515908615
1532724479377428480
1541463083704496129
1533094778799276033
1541616441736237056
1541531246731620352
1541734409510047747
1541473119038210053
1541522477326688259
1541476640810729472
1541499052587614210
1541652715025096704
1541495436002967553
1541471376753696769
1541500241828089856
1541463567584690182
1541753281139146753
1541998212873076738
1532686935491334144
1541505562290036738
1533419069386407944
1541462118859431942
1541541106671910913
1541529198052970499
1541716735069388801
1535950439144996870
1541561059416440832
1533164650724048896
1541457301600698374
1541730091935334401
1541492610526765056
1541532780059926529
1533119326643011585
1541479634524639232
1541522709854801921
1541789771424534528
1541694251071057920
1533209383731175424
1542176330837622787
1533248069143302145
1541617075252350977
1541529637871812610
1541892341740572673
1532995226159153152
1541734584827711490
1542277770474098690
1541696346863853568
1533206646251569152
1541535064143679489
1541518810154418178
1541498363128025089
1541871192461770756
1541715957059657728
1541532042940370944
1541536826132946949
1541481773728669699
1541496082248732673
1540678235960119296
1541453014325764098
1541457302456344580
1541465284304838657
1541546095448395783
1541766317157629952
1541763320423784448
1533124447552557056
1541454097928359939
1541460765693075462
1541499337825550341
1541506848985124867
1541486687091625985
1541696835567452160
1541702945170931712
1541708788289470464
1541802935004413955
1541730930154524672
1541541224129204224
1541704942246830083
1533098546756472835
1541719198900051969
1541738130260230146
1541504307056484352
1533052314273165321
1541497198306893827
1541539615504580609
1541643106650570752
1541458924578160640
1542055469384171521
1541748929670381568
1541708595875774464
1541458297429135362
1541671902363754498
1541531186169843712
1541506523997917185
1541478443627565057
1541721631374168064
1541698519274340357
1541473777963470848
1541773128073879555
1541490076089257985
1541486291837243394
1540705042893885442
1533113447042404352
1541483764597112832
1541524572088016899
1541792991303667712
1541477136967540737
1541714425618616322
1541485975469264898
1541462963617406980
1541479593252720645
1533125102837108737
1541517904629334018
1541796167360577538
1541504562263113729
1541751138441109506
1541535999376891904
1541522090574184448
1541518692428701697
1532709491774455809
1541472391410368514
1541790649124814849
1541514171728240641
1541685959644823553
1541515024086319104
1541686195650019329
1541467040434774032
1535182169559138304
1532997622771892236
1541855651651018752
1541515525049696256
1541493814426214404
1542032559630176256
1541460517050630148
1541456530322518016
1541748044017942529
1541456294242123776
1541496361954283522
1541576761053437954
1541771598805483520
1541657575405617153
1534989635025354762
1541499874025345024
1541725646673559552
1541659709110980611
1541508219549487105
1541475316853530632
1541458166688497667
1533061485554966528
1541513332116668418
1541485703741276161
1533055092852768769
1541648348339646464
1533056911339311105
1541921160299954179
1541811154254761986
1541561888294715392
1541526469733715970
1541531017554673665
1541792640286564354
1541480363368873984
1537066655829868546
1541670072397217792
1541562150044434433
1541636039760121856
1541733798664175616
1541468516959797249
1541667773012742144
1541679012447240192
1541648176825909252
1541519768452227072
1541481970605195264
1541716225675460608
1541761705667137536
1541544766579609602
1535609250025771008
1533008503161356288
1541718582308077568
1541489697767178240
1541493136727445504
1541473165729218565
1541540596854280192
1533089631872421888
1541483141847810048
1533176359119425538
1541803937401036802
1541524775717199879
1541877387251556354
1541703272750268417
1541486729017819142
1533847841499754497
1537408769344344064
1541517326859788288
1541487740939866113
1541456216253251584
1541532909768679424
1541488567297400833
1532782173429932038
1541706445518946304
1541482024812384256
1541927052235898882
1541484815056240641
1541453413413683205
1541910447254806528
1541551192802746369
1541504725635440646
1541453289585360897
1541540084800970755
1541521092497612800
1541515440362590210
1541825394583781378
1537100306412146689
1541519834315366401
1541689461981020160
1533986648828018693
1541468712351449089
1541454780710752256
1542033020290482178
1541520974394564608
1541682508399525890
1541706566596022272
1541543845665587202
1541499854928707586
1541705361564000257
1541656848079765504
1533218029559025664
1541453291275550721
1541812049122050048
1541547156187889665
1541476991660167168
1541482463318401026
1541724190809653248
1533176770194771970
1541502625853710343
1541727636023812096
1541906131945144320
1541677154081054721
1541659148449976321
1541676831132237824
1541813874340642816
1541487989976715267
1541521898466693120
1541465215564398595
1541558731036565506
1541490436610686977
1541792475643248641
1541113134919843841
1541490167248310272
1541453942818836480
1541592356960493568
1541540052412600324
1541461682827960321
1541692427207065600
1533073308693962752
1541688856860401664
1541498500231340033
1533038987081809920
1541526406739496961
1541461198855708673
1541457384182276097
1541461098414604288
1532992055668097024
1541515482586660865
1541827554969100293
1541689034518544384
1541476068103786496
1533055194602344451
1541669229195415552
1541523237556854786
1533074818383347712
1541509337327325190
1541654838248968193
1542077476809150465
1541759344236191744
1541504198231162880
1541761748838952961
1541686923797962753
1541783488357089280
1541730777540476928
1541455502206504962
1541472653957120000
1541552930867879937
1541453060710567938
1541720237254615041
1541606551001219075
1532675500396711937
1541892608540172289
1541460484720922626
1541471015187845120
1541677785147756545
1541742711203680258
1541654375474823169
1541475093997649923
1541464244536938498
1541477541764075521
1541643965929250817
1532739059914784769
1541484834748616707
1541614520317231105
1541479807116083201
1541547964971339777
1541474327547215873
1541459122981376001
1541598492929699840
1541985283419381764
1542013535542296577
1541922522404454400
1541658547171348480
1541453715592429571
1533047460612001792
1541487466808483840
1540693154197917696
1541564313487507456
1541453217443323906
1541791208594456576
1541639488102965255
1541474484040962049
1533133913094234114
1541716903869259779
1541484236326199297
1541877879797174272
1533200008744517632
1533699163740856321
1541496259734814721
1533079060758372356
1541487400878309380
1541719948191567872
1541886175912288257
1535189636984758272
1541488193215791105
1541463802352476161
1541665198100160512
1541531138799312900
1541592921803296769
1541471669570752512
1541543007178133505
1541503250754584577
1531957421257723907
1541518554956267523
1541493275357478912
1534372470198784004
1541469293493338114
1541582373795790848
1541540133874319362
1541835106490384384
1541712251287134209
1541497382566854657
1541631608003895302
1533070318432026625
1541462613334294530
1541697090488868864
1533342194198781952
1541492101690654720
1541667258115686400
1542259449687162886
1541808203398369280
1541496655069028354
1533184770322087937
1541479886182924289
1541629658730582017
1541756305718870016
1541526047602216963
1541827738230734852
1541752060810600449
1541702012567527424
1541457810155765760
1541512829584506881
1533254309827293186
1541725778911576065
1541460913697480704
1541716218180157440
1541547573860761601
1541504436840894464
1541792730497617920
1541478390837944320
1541654182389850112
1541460178243141633
1541663232699645953
1541556798561337350
1541775651832741895
1541487450073272321
1533121425321734146
1541776514676674560
1542123134182203393
1541488183740964864
1541708762465042433
1541816779521015810
1542248266930208768
1541716149099970560
1541498517528756225
1541505515473231872
1541468306376458240
1541500877109731329
1541486837738381313
1533212091108171776
1541504278275162115
1541496178306605056
1541530521766969345
1541477744915234816
1541690487672897539
1542070324874862592
1541709608540045312
1533056125993684993
1541479602979278848
1541610338617114624
1532778475014311936
1541493475602055169
1541644117196906496
1541733129127399426
1535333969365020672
1541457484132618242
1541484097729695744
1533076950230654976
1541496426877812737
1541473672472535042
1541490492982034434
1541543035816878081
1541501296209010688
1541480303595864064
1541770384730628100
1533049502680203265
1541480554931097607
1541698783481942016
1541520705682014211
1541484223957291009
1541473591459561472
1541507639024263168
1541914791484203008
1542201426000191493
1541674683023728640
1542160296655130626
1541477062929784832
1541459202702544898
1541453551746138112
1533084058204393473
1541764900661362689
1541799731810238464
1533056847497895936
1541921410569887745
1541488975491235841
1541773031105773568
1541533645176987652
1540655772232814593
1531990721468719107
1541529095351242753
1541800125273628674
1541802054137561090
1533096792719609856
1541517741462626305
1541477221923274752
1541461902366310403
1541522034584338438
1541491497878568960
1541534857150488585
1541524771606876166
1541533584766472195
1541516109962158088
1541467964322549770
1532245388249518080
1541644828471173120
1541548140620300295
1541516715481341954
1534143771260100609
1541536126531420160
1541729509564719104
1541576771610583043
1541456710539288577
1541708763719258113
1541512222555488259
1541618273132871681
1541509017134153730
1541518443840774146
1541496066381602817
1541472133158772739
1541460275886530560
1541505531222933504
1541517091697737733
1531974043531976706
1533390520550146056
1541541140226359296
1541554349633150981
1541481588218814469
1541808379571703808
1541719452949135361
1541530575986692097
1541361452551966720
1541725960315207680
1541469242540933123
1541736082307289088
1541573114898923523
1532873324413558784
1533210683663425536
1541527904080871424
1541497425596235779
1541490504621326339
1541482340676935682
1541504168694874113
1541550954276954118
1541648139991617539
1541650908987244545
1541788862334500865
1541507523726831616
1541586429985308672
1541486860911927299
1541457659517353988
1541508494951698432
1541517459060056065
1541543133770616837
1541807858563649538
1541789431245545472
1541550541230292993
1541681576135856128
1541549510077333505
1541653276768305154
1541492577341526017
1541657706855124993
1541482785784881154
1541699744854065152
1541725811044225026
1541669043643490308
1541508244157374465
1534704096028106755
1541766331036581888
1541454704202457088
1533022213254750208
1541689679409561601
1541535667104227328
1541489743397101570
1541500657898848256
1541514107584659457
1541722271890415617
1541485698628345856
1541678880888602625
1541639445534982144
1541490636636954628
1541481470740537346
1533199513296556032
1541672606063017988
1541703336218578944
1533419017981120512
1533001222004817923
1532818940061265927
1541453321139101698
1541521027771031552
1541700092431925253
1541548626459115522
1541556583162839040
1541581076778438656
1541549418394050563
1541870745827086336
1541507443150266372
1533047555541684225
1541530201368264710
1541763987255222272
1542282208823713793
1533034198285574146
1541727678511947776
1541891540871684100
1541507812886544386
1541757953757384705
1541580874441003009
1541563565466869761
1542134446316523524
1541613863476543489
1541503160983977985
1533046827729182720
1541509401613328384
1532408614010470410
1541754708578164737
1541671159393050625
1536634223221690368
1532937093248430080
1541530552150417408
1541481776153083906
1541500608204705792
1541694621243277314
1541794768107208707
1541850987098525698
1541696346419302400
1541566005729705988
1541486919896518659
1541696349888036866
1541675295622807557
1541672077194829824
1533045788443611136
1541486252217729024
1541733856998555649
1541532098690957315
1537001168542507008
1541736966470963202
1541457981904244739
1541486395973410821
1532042853723127811
1533074382842650625
1541509661509275650
1541486357582942208
1541519255820242945
1541542104513609728
1535353882393595904
1541535965436575745
1541685080363507713
1541627307835670528
1533098794748891138
1534532158802518016
1541518465089036292
1541511351872495617
1533068570762088448
1541493712936632320
1541685762390908930
1541529429066846210
1541814788417884161
1541486923306483717
1541815529287073796
1541838007241789440
1541750309118164995
1541545439903842305
1541912298792550407
1541646014104408066
1541533317400563712
1541494901023678465
1541789015451615233
1541658986180747265
1541841935488454659
1541490283090673664
1541762248162566145
1541539203963813888
1541540168750059522
1533163841206509570
1542089868574089217
1541480841964044295
1533580469719146496
1541532078533234693
1533120391752962048
1541529755153047553
1541839306628730885
1541555986632146951
1541487310100889600
1541512700194443267
1541489894400335873
1541837678307573760
1541530046565089280
1541522033506504705
1541493338980974596
1541470056206458882
1541649860625108992
1541526393074360320
1541534473682124801
1541486178213453825
1541797784780775426
1541489758035234818
1541801843457654788
1541669581638565888
1541812872040398849
1541523056551673861
1541514076211273729
1541931915460153345
1541645048802164736
1541456178315726849
1541665003803217920
1541537622811721730
1533217206703620099
1541494698405232640
1533144757190402048
1533068499689644033
1541669508691230720
1533194487983374336
1541454912420192259
1541475455995346950
1541489562777788419
1541674084710420480
1533046519808540678
1541523155629522947
1541912466610872320
1541470220195438595
1533043802985926659
1541593487862267908
1541454057134596098
1541892164883562498
1541516566315032576
1541485507225468929
1541723464687575040
1541493633223983104
1541785117085077505
1541509908197163012
1541088824083750913
1541703037667917825
1535335104574529537
1541836576447152129
1541527588266512390
1541479092691804163
1541518819126136832
1535319005703159810
1533055102642180096
1541519635241115648
1541462169329573888
1539389536160972800
1541828273797320707
1541490724721549313
1541853813979725824
1541527497539461121
1533054768586924033
1541492839573594112
1541537443899478030
1541478403936747520
1541485502351790080
1534660723363676162
1541628821518049281
1541506312395177984
1541638786114899968
1541801611823136769
1541511467190583297
1540697412515373056
1541653130978418689
1541810091317465088
1541769055920705536
1541511987804372995
1541486800702668800
1541749002022129664
1541817439759044614
1541567188607406080
1541460135972847622
1541453968228102145
1541494100410744835
1533781658729594880
1541692228032151552
1541501871403171841
1541556023248429056
1541461579174133761
1541468863526739970
1541672111189655553
1541497985808343041
1541803090134945792
1541485878467502080
1541665222288719876
1541524727986098177
1541457860781031424
1541482126801002498
1541536860215943179
1541723130988830721
1541464074533437444
1541570911001788416
1541516334978195456
1541715521472798720
1541128099580059648
1540398118558121985
1541687134771449858
1541471395774865409
1541472714875191296
1541521240434819072
1541522005991759876
1541516150835666944
1541858041859014656
1533413385068593157
1541510323752017922
1541673403299528704
1541523735915757571
1541530940299776004
1532992922269917184
1541718495192391683
1541575043381137408
1541487698145382404
1541520734773776386
1541807415733239809
1541495052714889219
1535374548077580291
1541581007421423620
1541477983562653699
1541722050590547968
1541747916859183105
1532617441053970432
1533466804097515520
1533396576961544193
1541528650071302147
1541648288679710720
1541508113672593418
1541659398023663617
1541506685512159233
1532066038078373889
1541800870748327938
1541701390375976960
1541517092066844672
1541494140705411072
1541457514679640064
1541672905964228608
1541553767212109825
1533172497725771776
1541495254255296512
1536861193134030849
1541462275575390209
1541553336868126722
1541457023187009537
1541716030329954304
1534522218264281093
1541472411631210496
1541639749831622656
1541528201503154178
1541750483727040513
1541723561630601219
1541669729810763777
1533070277202026497
1541529484771434498
1541509250194853889
1540944443594969088
1541662503876411393
1541488040845221888
1533043594893860864
1541701648921333761
1541506666809663491
1541506435883978757
1541467257607536642
1541466254808080385
1541512000735481858
1541544059927494658
1541502133530501121
1541500890389123075
1541458234875191297
1533051410383872005
1541500207208321026
1541738250943008769
1541663299158294528
1536781043616841734
1541682956791697408
1541470688816635904
1541779829825146880
1538583615516426242
1541453667617865729
1541523101267202050
1541731938272256000
1533013383829770240
1541455634750750723
1541722955100884992
1541519178884071425
1541685334794174464
1541454742517436416
1533054456170004481
1541463213681811456
1541520277334532096
1541916219380568064
1541658035852115969
1541523375872528385
1541662057321451520
1541627158061277186
1541778935733784577
1541458415419097089
1541661761119592448
1541519788207374341
1541639038859345920
1541639032727343106
1541518274998960132
1541493680690823169
1541512388087873537
1541480066126946313
1541499523247267840
1541523129280958464
1541522888251023361
1541514887448379392
1541751053804347394
1541888660378996737
1541742290867191817
1541606028177031170
1541546571208298500
1541495668199546883
1541498683631566849
1541556985899933696
1541497445015756801
1541494813752696833
1533046006866137088
1541460615163682817
1541795471433285637
1541532454338674688
1541518331458584578
1533471982381047812
1532043314308042752
1541541815018524675
1541675878282891264
1541713145340874752
1541515992748130304
1541503254055583750
1541509967282405377
1541518773450162177
1541459009584103426
1541482089610100739
1532821102073872385
1542112268502142976
1541543823137972225
1541503710576123915
1541477156768866305
1541480020278972420
1532688583965954049
1541457713678491649
1541794765322207232
1532797728496967680
1541667041165426689
1541647968952107008
1541537171340988416
1541522790595149826
1541791882119880705
1541729951803752449
1541541155451686912
1541492072699633671
1533986153916940288
1541521315336790018
1541670967839170561
1541472854318923778
1541464217751916544
1541675330561347585
1541458397555576838
1533175422011285504
1541478953243795457
1541577000757903367
1541759369217466380
1541473395866574848
1541489341536559105
1541486091202699271
1541463452539035649
1541643926301466625
1541541429968871426
1541505327920812032
1541656229105254403
1541480938567335939
1541645200778563584
1541640552852103168
1533324335850606592
1532638324292489216
1541657330231791617
1541586081962987520
1541555283134136321
1541462275315453953
1541616345200091136
1541477718851739649
1541567375824355329
1535950186702376961
1541460395373826049
1542068827571294208
1541455125448900608
1541507579855110149
1541585643322724353
1541514102929072129
1541763819994767360
1541458401758220301
1541776186522669056
1533341773518471168
1541499274709565440
1532092794164092932
1541868036935880704
1541516636221575170
1541934581045231617
1541649841444556801
1542160264874827776
1541489413116534787
1541543950187520001
1541824468233887747
1541721386632232960
1542214596999667713
1541678477224599552
1541473192711184386
1533041656605335552
1541789126550323202
1541622292488282112
1541540045190037509
1541485563844464642
1541524818444664832
1541744732480708609
1541524381515620352
1534747380897222657
1532735983921377280
1532704566973710337
1541886638749622278
1542130376176504833
1541731897499422720
1541457001988997123
1541487377637691392
1541629134887161856
1541516654101790722
1541666862378926080
1541735741054750721
1541798848280002561
1541657962397188096
1541775430843305984
1541453499694780420
1541653241125109760
1541453572935716867
1533152447824285696
1541682393773481984
1541521850353782789
1541728826471981062
1541533264158105607
1541571282822729738
1541804848945004547
1541458353779515393
1542545779231014913
1541674623758225408
1541463993625239553
1541461125065318402
1541479634826674177
1533070133991809025
1541521424539582465
1541531505335406600
1541519880394088449
1541510940172193792
1541548401107542016
1541882008158216193
1541538823129243650
1541460648520990723
1541537962403500032
1541681214217658368
1541531297016864769
1541494067200147459
1541481604492808192
1533054690149208064
1541696291528491008
1541460707857809408
1541717946460000257
1541498076099215361
1541937365341577217
1541539311111356417
1541513263363592192
1532238142023077888
1541526298614530051
1541468173219807232
1541461187971452929
1532129850953191425
1541452848118071296
1541707171146174464
1541588085439438848
1541732415743447041
1541478934449119233
1541720041208553473
1541506339511353349
1541672968597770242
1541470656935632896
1541605090213126148
1541474236295954434
1541496951681728513
1541501697343774721
1541483041553633280
1541486342009491458
1541459144363892736
1533991603773251584
1541649627501445122
1541456742810324992
1541524644951474176
1532721426385477632
1541822316631425025
1541454425654534144
1541508109054648323
1541529554690478082
1541454227825909772
1540670686800355329
1533338764512223232
1533145155783786496
1541514758549012480
1541509728169345028
1533249387035516931
1541455695446409219
1541640955329118209
1531991518478737410
1541463908954914820
1541692462032371713
1541525388337287168
1541955164025782272
1541464339588292608
1541472135171940354
1541558822157836288
1541615458146820097
1541482405747478528
1541504791788019715
1541709617545285633
1541491804390002690
1541789829524078592
1541508822442790912
1533119783524257792
1541499639630888961
1541486823960084483
1541533345464590336
1533024451922694144
1541498267350999041
1541482463674994691
1541663002319065088
1541723098718048257
1541471055738535936
1541481440420007937
1533084032354947078
1541668357245648896
1541517672935997441
1533046664184975360
1541533191873372160
1541548603788984321
1541689126721839106
1533742243923869696
1541457258420264960
1541672921696985088
1541536164791963648
1533458520280023043
1533064466010710017
1541699874344812546
1541797481150910465
1541499729988681731
1533326588929904640
1540684815845826560
1533013570975318020
1541493746013028355
1541460727269056517
1541491413958942720
1533067240190492672
1541472759771013125
1541547264577093632
1533020732602691586
1534234395644678145
1541519110235996162
1541506041468403714
1541461891486195712
1541807774325153804
1541530478599077895
1541711917248614400
1541827608282861571
1535245916680204288
1542215510284197891
1541704035262136321
1541503891690426370
1541497433171148800
1541464639325851650
1541566526171537410
1541506378115825666
1541552713389031429
1541495694858620933
1541491032407384065
1541786734798819332
1541471853214142466
1541938379511693312
1541478164471455744
1541720510366683136
1540901444882206720
1532699285439094785
1541651416594452481
1542044974128271364
1541485118342283270
1541582425461084160
1541546174229929986
1541471750122250241
1541479710949101571
1541718024314658818
1541551745490354178
1541494684643721219
1541941055934926849
1541529709854457862
1541690788089929729
1541755323979124737
1541487231017295873
1541507256629530626
1533056533243777026
1541814701612564480
1541714671253831680
1541585618391764992
1541551023189360643
1541529598097334273
1541505717881937924
1541454150873104389
1541754565137145858
1541457099552686081
1541520818605260800
1541809019320520705
1531914707027865606
1541459073459265536
1541652246244560897
1541691317209759749
1541667900112633858
1541845988188590080
1533374899590397952
1533382541687803904
1541542739967451137
1541454497171521539
1541463988134989824
1541510111503556609
1541491008915083267
1533103301918597120
1541763878031343616
1541519872512991235
1541498234329235463
1542194815160418306
1541656269479706624
1541514047111282688
1532778492164771841
1542153725099245576
1541660106697445376
1541521645168377863
1541568472680914944
1541533225218179072
1541476532161585154
1533123242445230080
1541455413090013184
1533405673786163200
1541732582060081152
1541661671218888704
1541481285155266560
1541493899486793732
1541547063460126720
1541475255314702336
1541501085063516164
1541703950218436608
1541520443219345408
1541466617393172480
1533142137482665984
1532991863724154881
1533344447919968256
1533151294420045825
1541633306231541761
1541472877899403275
1541476489832665093
1541500223423496192
1541649727686643714
1541474523756781570
1541854452340097024
1533086523083702272
1541584455478935555
1541700294685360129
1541500746641932288
1533796205062504450
1541531651368534016
1541507370509107204
1541721127172640769
1541487833856327680
1541522913584619524
1541484472113238017
1533070558979571712
1541522610760159235
1541765698577391616
1541478260562952200
1541679418581696514
1541513258531958784
1533116999680724992
1541490364531474432
1541494406330695681
1541551113593298944
1541511076910694401
1533049579024879617
1541483399226998785
1541538725330669572
1541465271302590465
1541795324892774401
1541778139604553728
1541698366870110209
1541528653892407296
1533826483243864065
1541468522475405312
1541459758573670400
1541513036304990210
1541478807059718144
1533345024213241862
1533441306223157248
1541538176350699525
1541787159878926339
1541759324300664832
1532845817568043008
1532263540538720256
1541728251135016960
1541817950637891585
1541493627465224192
1541750225643134976
1541648907100356608
1541482946137395202
1541644668718485504
1541764409055485952
1541529194861051905
1541673192451964930
1541464072381763584
1532767731514322946
1541699813984673794
1541706095827230721
1541645694418784257
1541683225424269312
1533167236961210368
1541463555626733569
1541475316270600192
1541482169624838144
1541505124614422528
1533324294457118720
1533021421819113473
1541527476597407744
1541841269168766977
1541549458122571776
1541491728439451660
1541537015694508032
1541879516901031936
1541504978040266752
1541459250995761154
1541715086846443520
1533084630307545089
1541467472196517889
1534985196751273998
1541472926049964039
1541659133761445889
1541745961424363522
1541469735048695808
1541668471246823427
1541508990328266752
1541866571626340352
1541498600945029123
1541706621507846146
1541682718488121344
1541523877725147137
1541671634167369728
1541907931687522304
1541701868744806402
1541527080109735936
1541705845481897984
1531941914571853825
1541470937412952066
1541469887624888321
1541724788879671296
1541532554704166913
1541826808613593088
1541454501605003266
1541518554519977992
1541858630395379713
1541507958319812616
1541914294245269504
1541515690636632068
1541648995587596290
1541472978239721476
1541462713720791041
1541467409005019138
1541512713435811840
1533145133260103681
1541542638867955712
1541558226990374914
1541709948169736192
1533138875920556035
1541906744854585345
1541630460769476608
1533063047400521729
1541552394894458883
1541457413160816641
1532693448469450752
1533033312251437061
1541518052235395073
1533169211756920834
1541501046366896128
1541624662756655104
1541494504804466692
1541768736989904896
1541485826009403405
1531937699799646209
1533294519076126720
1535363020494348290
1533051749740732417
1541810075341398017
1541522174279917569
1533036932716019712
1541583246500270082
1541486257347477511
1541676981800026114
1541485099732058114
1541483030266757120
1541513934645170177
1541964042859954176
1541494151371493377
1541462668543926277
1541681938171416576
1541697473139425280
1541896409921847296
1541743841195294721
1541495009618411522
1541800040762687489
1541679609191743488
1541564845237182464
1533198168975982592
1541458452056268800
1541480634845216768
1541499168149184520
1541865445724397568
1533362741397835776
1541532798682636291
1541653971986780160
1541481599631560717
1541503147771822080
1541546574756646913
1541453420758011904
1541718533263851520
1541924036749496320
1536824772247560193
1541521531012059136
1541483158964772866
1541523206045147137
1541843162284675072
1541550256671834113
1541724206764892161
1541653093674278912
1532597028248768515
1541676612625829888
1541819636408360963
1541721278645690371
1541694416204734464
1541485254841614340
1541770970414850050
1537435727826276356
1541678694942613504
1541542867147038720
1541539446071476229
1541504195664158722
1541740643860582402
1541462642761555968
1533043630599987200
1541576259129540608
1541676017139568640
1541524472636874755
1541557100190617605
1541669143052779520
1541461156690366465
1541702936748867585
1541497058653343749
1541711726374277120
1541558327582261248
1541502259896492034
1541464033731174400
1541469912761344012
1541739684803534852
1541663941729845249
1541467987558924293
1542124632400084994
1531937969489182721
1541529259310727169
1541512360266973184
1541515337790889987
1533039482257162240
1537050989848559616
1541473800436547587
1541653648421388288
1541485986634514432
1541631956412407809
1541453957431758854
1541774770219503616
1532721606644187136
1541604005398204417
1541658531723726848
1537029993578078208
1541551635796836353
1541537449318440962
1533042271460941824
1541755806785458176
1540693778020896768
1541686802758729728
1541523350245220353
1541478153847283712
1541496856819208193
1541663847223812098
1541697621223522304
1541514549291106307
1541528698943315969
1541712467495108609
1533082574159073280
1533360863184404480
1541545447113854977
1533139803251908609
1541455710403416065
1541697586461016069
1541529300633001985
1541458407349264386
1533039579556630528
1542241822302502913
1542095706336464898
1541564825863688194
1540950643631955969
1541461942157672448
1541468580285452288
1541495035795054597
1541520317906051072
1541511230644527106
1541495074013515778
1541794477853102081
1533004613338730496
1541503540258127874
1541535345078067206
1533174533796073482
1541472332203556864
1541679217133363200
1541533651724369920
1533080485848666112
1541882229604892672
1541803147072520200
1541758017070370819
1541723627120459776
1541525309102739456
1542288084699586560
1542095673893462017
1541515215598223362
1541474379103715328
1541465287475838976
1541573901779599360
1541810701379031043
1541541584306688000
1541482409367068674
1541553841560223744
1541840085720637440
1541902708919132164
1541454153951723520
1541666162710401030
1541465552597798912
1533135610277396487
1541882431384551431
1541530288282603522
1541700318265851904
1541902547270647812
1541674309260812289
1541811337801728000
1541532207478706178
1541483547483164673
1541795458082824193
1541477991716364288
1541499482122211328
1541481029843705857
1533059156520869888
1541688997767954433
1541459231580295172
1541748067606700032
1541453177832329216
1541456187484475395
1541700826829316096
1541810807570169856
1541516593204699136
1541785245254557697
1541476386245836802
1541499689635352578
1541660697746104320
1541479523421765632
1541812325879091200
1541534534029770758
1541490220264296448
1541693601696124933
1541700233641562112
1541518860670705666
1541488920860426243
1532812796181811201
1541481172353650689
1541681166104858624
1541490754819964929
1542041566226825217
1541498713390055424
1541529931687100416
1541499057914478593
1534988534419013648
1541548030205329408
1533067649499922432
1541786533086339076
1541582057029210112
1541543498037485570
1541516558215815170
1541457045748170753
1541731837348831232
1541680831575490560
1541496570796974081
1541456133696651269
1541489284380770313
1541549709743034369
1541497320910381057
1533084753011818501
1533054809409957888
1533111905249787905
1541691294233333761
1541469708821696512
1541489686211878912
1541730760503267331
1541485414669770752
1541465585447469057
1541510697498120192
1542177106054057984
1541708841393479682
1541530244053606405
1541480528901201923
1541483127826255879
1541744566503673856
1533041189787779073
1541453524160204801
1541637870867423232
1541476056485576704
1541533171883429891
1541568732023193601
1541519177969811461
1541691886225727488
1541453863051485186
1541895211642667009
1541459554113933312
1541548999651598336
1541730537005629441
1541547904237699072
1541517478748102657
1541493208152215553
1541492713287294976
1541457362992697347
1541521922739118082
1541453914108723203
1541813759144071170
1541534315334467586
1542097816763465728
1541538733945749505
1541481874861834242
1541499335413735428
1541454209450737664
1535296258469937152
1541769297806217219
1541748184443232261
1541553582847164417
1541535041985052673
1541489729752932360
1541679548491874307
1541541509153030145
1541652106771398657
1541652210093793280
1541682358734262272
1541527304916140035
1541502392130306048
1541460290088345602
1531941393110814731
1541478696447578112
1541496071192727553
1541454592046669825
1541687016022310915
1533194590500667399
1541532292287528961
1541794070988734466
1541532164159930370
1535566296099827712
1541720699601129472
1533095646449786880
1541453701054865409
1541555508313833475
1541453060005920768
1541899267496984581
1533368315221004288
1533215615019798529
1541566001715740672
1541684675260960768
1541453594305581056
1541530733231181827
1541525465478864899
1541709726907523073
1533527761515597825
1541706743549403140
1541487803288195072
1534703501770641411
1541464703817420801
1541521980947578880
1541462218402922497
1532759698662899712
1541796424991604737
1541649058913259521
1533081599042064385
1541500861112795138
1532733694473125888
1541502666240675841
1541467933435723779
1541457635815440384
1541494067514773504
1541742676046905347
1541528711203373060
1541513312457867265
1533098534261727232
1541507926359154689
1541637032124076034
1541519612956794880
1533089249926455298
1533062793720745984
1541518056538738689
1541667723960352768
1541697034100609031
1541507905421299713
1533901870649032704
1541562191471583233
1541523463894097920
1541524802179063809
1542050876365357057
1541813834184376325
1541471355362807811
1541705433173397504
1531913512041304064
1541521636175876096
1541478558689796098
1541676827630075904
1541468512660643840
1541783597614497792
1532474151230795776
1541504806279417856
1533379836017790976
1541503207406460932
1541556235765415938
1541625617657069568
1541707883368390656
1541469564805971968
1532991758174494721
1541469575665094656
1541666440956215296
1541464290221236229
1532412151851364352
1533113504366051328
1541548202347864065
1541755844806721536
1541749276606332928
1541545430215016448
1541453576693846017
1533079246926651395
1541484122585153537
1541715797390884865
1541520323664822275
1541475831922442242
1541458521010708482
1541630592948772866
1541519375588524038
1541626739482402816
1532940359478697984
1532736305750228995
1541486952599486466
1541463375963619328
1532726009136553985
1541456248838701063
1541889291088830464
1541492761538560000
1541481644590243846
1541524571924451329
1532777556063277057
1541456238495649793
1541490410404691969
1541453837218742274
1541461603081756672
1541460862283780096
1541781725902143489
1541796235694280709
1541741874515410946
1541459363218571270
1541482551440719877
1541657171615784960
1541469324875030532
1541521638381993986
1541702263693090816
1541581774421204992
1541496806831439873
1541481542416990209
1541533204963786752
1541725288345878532
1541525642088423425
1541673694925316096
1541502787997114368
1541880586305937409
1532714783874719750
1541521527132356611
1541503137835532291
1541835939244396546
