857014617717002240
856882719858544640
856866718941147140
856864644073488384
856817017810288640
856851631660572673
856890609235353602
858594920029978625
856865826653306880
856891166092034049
856866136792629250
856941326130184193
856869797090533377
856981094398382080
856876548837789696
856941429108744193
857698959539793920
856984284233641984
856864610074451971
857587038966747136
856807822344028161
856809516062703618
856817175746797570
857247011116134400
856864157487988736
857160025374162944
856996521518268419
857244448929009665
857274290898599936
856925275740921856
855804640616747009
856817527825080321
856814190652272641
856981280860385281
857869314292162560
858821010757492740
857151169172566016
856990704727461888
856827653407592449
857194912835612672
856918510315941891
856884550743584768
856865289237037056
856803410145939456
856847711143948288
856818076679057409
856810378705215488
856806588648214528
857459544473059329
856918116185636864
857472192635973632
857129075579736064
856926262912221185
856866239767080960
856903187843960833
857318062801997824
856872424545165313
856804040696623105
857499749532000256
856850820377300992
856813129384251392
857246088419475456
856888426557317120
856840891331465217
856951630901673984
856959004760829952
856874998933446658
856820416953946118
857111258205753345
856805664995332096
856918309312364544
857061141620682753
856824582686330881
858235129457672192
856829586579095553
857224933822345217
856833597432573954
856966994972856321
856927804092493825
856895994251923458
856589822957322240
856910762857693184
856910739424116738
857286893326782465
856871886776659968
856862333464870912
856864747987369984
856933745542258689
856810372824788992
856895208621056001
856878262747893764
857556213436997632
856807847782486017
856958996082765825
856808105979645953
856814935543881728
856857533553704961
857243727169036290
856835751887155200
856839166902112257
856990020770639872
856873112092258306
856807562628526080
856852131458011137
856987887899996162
857215668558721025
856877891778482179
856865073381429248
856863500819464193
856973125791211522
856821162730500098
856986538047131648
856861309715042304
856850687292035073
856934757044801536
856982824397746177
856825093087010816
856825927111757824
857563267660734486
857006913904668672
856865098534715392
856823287854268417
856873072049221632
856805066631675904
856917622679588865
856822775864057857
856822017198370817
856905391736795136
856890834750504960
856803311974051840
856894497254518784
856902269064892417
856876629280337921
856961862063325185
856805778761580545
856827373588807680
856981745018839041
