1013023972521398272
1013146848268378112
1013137661324865537
1013164848354680833
1013150878398844929
1013135793521643520
1013155122942238722
1013102839621660681
1013000821141921792
1012999106657210368
1013145663406829568
1013143114347962368
1013147481620844547
1013163224194306048
1013053494276886528
1013035832050094080
1004060785939701761
1013149311801143298
1013030371112488962
1013026304059412482
1013206706887720965
1013012546419412992
1013131111579508737
1013018033055559680
1013142309159006210
1013123400867434497
1013001751140683777
1013056339613028353
1013148957059485696
1013038630053572608
1013143137412317190
1013068062642376705
1013206282365554689
1013055963170000902
1013130999247593472
1013021249554051073
1013202747389284354
1012998759037497346
1008654925415505921
1004062416177688576
1013146335401390082
1013010593035575297
1013024818684485634
1013147311990427648
1013007856910491648
1013026751075835905
1013166006544556036
1013002497185771520
1013001239729197056
1013110674363437058
1013112246489272322
1012351634926653440
1013196136922976257
1013137473843671042
1013135116745543680
1013170526410493952
1013074986259664896
1013003644520804352
1013132593586491394
1013015195835404288
1013146545082888192
1013177265096708096
1013089491127554049
1013151889129705472
1013048336134430720
1013118608174731265
1013053453084610560
1012996655522697216
1013112366303797248
1013163531708129285
1013127169495781381
1013025882049564673
1013139389013258243
1013094292674490369
1013011092350603267
1013105686434238466
1013119976725712897
1013116760655126528
1013209054972465152
1013010180345393152
1013035470530506754
1013162895021105154
1013117530964221952
1013034545585836032
1013140042993340416
1013136453268852737
1013149262153244672
1013146782359064576
1013121905157705729
1013071152053473280
1013031280693391360
1013111184122187776
1013027752457506817
1013194315898736640
1013141682047594497
1013157823193198592
1013022554569703424
1013195809624641536
1013127160243150848
1013159727113625602
1013150089181687809
1013132943513018371
1013117995307159552
1013181356426387456
1013105654981120000
1013189968670294016
1013109410279886849
1013060672509415425
1013137125557010432
1013179185068683271
1013031486067441664
1013139936369872896
1013072250621263873
1013133893875240961
1013028229802811393
1013026526571515904
1013137326162305025
1012999845181837312
1013180529657679873
1013085708788133889
1013136006474862592
1013141020115161088
1013073963679997952
1013008252207058944
1013007846689136640
1013018007336112128
1012996946729070592
1013138379884638209
1013147543226798080
1013162468242329601
1013006403227832320
1006110483873660928
1013039236147228672
1013111848575610880
1013003556666990599
1013099141222883328
1013006373754429440
1004057058130489344
1013147116317872128
1013173482316853248
1013123772239564800
1013152608041799680
1013008267927277573
1013084515194097666
1013152179388022786
1013044232280518656
1013179749030559745
1013002862736084992
1013055343067217920
1013184754907271168
1013030561332506624
1012996753996599296
1013157656989708288
1013046906480717825
1013069842008760332
1013151063204122626
1013057406769795072
1013177371527180288
1013168195761594369
1013111563283288064
1013174891179171840
1013110682760466432
1013126868713791489
1013185937726164992
1013166500436414465
1013043355809468417
1013037121861537792
1013003391256219649
1013078492555116544
1013001207735078913
1013064780196777984
1012998721414533120
1013170213242789889
1013188848216571904
1013085163893469185
1013052333809459201
1013145413132660737
1013150993696083969
1013114183108513792
1013008348113981441
1012999200361967616
1007331061104349184
1013197182525165568
1013037651216273409
1012998245340020739
1013012443533053953
1013148451624968192
1013048638967345152
1013148134023815168
1013028385465995264
1013170143659266048
1013138421265690624
1013110188780523520
1013034300135047168
1013020029414191111
1013068392046178306
1013114710403796993
1012998866101309440
1012997029386170373
1013033309226635264
1013146379877781504
1013108255495737347
1013072409950375936
1013054307015561217
1013005711578664966
1012997036344578049
1012998100540108802
1013138846538719232
1013144726541881345
1013017601805602816
1013150266026323970
1013150832639037441
1013110887908040706
1013058737005834240
1013146023185780736
1013008168660668419
1013136927678181377
1013138336779767808
1013006272654962690
1013057747112296448
1013009518014410752
1013196090450030592
1013147562931576837
1013114656725127169
1013040670536273921
1012996975699120130
1013061333745590273
1013130676835639296
1013060350483357696
1013135365304147968
1013030415358136321
1013155729077923841
1013110502224990208
1013184204555915266
1013203354162466816
1013185215630626821
1013035779537416197
1012997321892745216
1013020047546122240
1013013258733748224
1013149779466047489
1013001123043700736
1012999249150308352
1013004036939960320
1012996789618774016
1013062048060727297
1013200546692550656
1013138385874116608
1013005324528340992
1013182013275287553
1013095344362491904
1010978180243578880
1013123711464083459
1013019847209439232
1013048369663631361
1013041072526757889
1013023367882997760
1013084027069304833
1013063454771630080
1013078530803097611
1013133270559739904
1012996868953944065
1013036692264144903
1013053352123469825
1013139785769275392
1013023725132963842
1013156152530604034
1013146909370875906
1013156145849094145
1013038386574225410
1013139310294503430
1012998604406091776
1012997663019724800
1013005953330024448
1013111142477123584
1013196746636263424
1013150088934383621
1013023928527261696
1013105744735064065
1010177526059003904
1013132624431370241
1013054856175718401
1013189587512983553
1013015104919568386
1013141145747181573
1012999664814129152
1013202335470891008
1013039620706140160
1013128046994444288
1013035988795510784
1013036331105169409
1012998398121857024
1013149753184571394
1013002120189169664
1013149841298509824
1012997072914731008
1013155337216643073
1012998334477369344
1013151805293977602
1013118165902127106
1006474760950304768
1013104328373129218
1013122772757819394
1013049996915208193
1013170480684118016
1013141201388793862
1013189355991691265
1013183881061781506
1013102600244342785
1013111722549358592
1013149901931401217
1013146586275307521
1013031084622303232
1013012652535304192
1013110223853228032
1013144887682887682
1013166691872858112
1013184978761502722
1013154587329560577
1013126357272944642
1013137938694180865
1013114236682285056
1013148318560501760
1013030741201031168
1013011193638850561
1013006883194593280
1013003518670790656
1013012316110163968
1013033159989125120
1013197231120375808
1013143116336062466
1013063394226790400
1013052687712219136
1013124737034342402
1013010135336316928
1013181853606572034
1013078313122914305
1013027243025731584
1013183580455997440
1013110331189661698
1011887985141395456
1013112376537776128
1013128556895985664
1013118356667490304
1013017499162546182
1013166968373850112
1013180628005720070
1013024717211684864
1013134071550173186
1013007624437207040
1013163236647145472
1013136839450996736
1013003309542789121
1013113781185077248
1013209980051312641
1013136702049783808
1013145073465389057
1013021711971835904
1013025410563629056
1012997840828862464
1013123339991252992
1013172259010306048
1013047806364409856
1013140849050431488
1013007961998942208
1013068523646668800
1013029194207547392
1013136160137367552
1013097997813547008
1013018984919289856
1013080688462057473
1013064536155414528
1013026617055170562
1013191063710982144
1013019310837682176
1013017175207137281
1012997666127695872
1013110021897555969
1013142033744179206
1013091305642131456
1013004930775486464
1013053098762342400
1013034131683409921
1013001817343578112
1013120292695232512
1013165017913544704
1013004747069181954
1013170160562253824
1013034301770944512
1013008046761574400
1012997467158216704
1013045842788474880
1013142925163851777
1013098124599070725
1013152624915501056
1013143715727233024
1013056559457456128
1013001729607073792
1013176353489866758
1013059021547466752
1013141662279880704
1013032319001726978
1013179470314987520
1012996737152233474
1013026776497512449
1013109992260624384
1013160232015552513
1013088067358511105
1013004094636806144
1013167476471947266
1012998725738946565
1013028672549376000
1013010332451733505
1013111814211670016
1013102908424929280
1013164940411228162
1013048979679055872
1013011920297660418
1013129046148993026
1013032666281766913
1013159848752672768
1013009059430260737
1012998924859330560
1013009770352140288
1013021125364932608
1013139810440110081
1013201745202294784
1013189572354863105
1013006423410823168
1013018480768151552
1013142135191764993
1013109517624717312
1012998616225632256
1013096524035837952
1013176186393038848
1013151068296007680
1013047468991418368
1013138710219689984
1013163370013515776
1013059645869559808
1013011129868673024
1013137877532839937
1013203753426673664
1013137681180749824
1012999787891871744
1013201546501378048
1013038432766001152
1013139048762871809
1013127197127782400
1013029531031138304
1013068305857482752
1013128431134040064
1013051379999477760
1012996883273388037
1013031125449572355
1013044833836060673
1013156540361175041
1013022967096381440
1012996726741983237
1013030260760248321
1013043095888252929
1010175431960612864
1013137446538829824
1013147928905617408
1013005367524167680
1012997552856293376
1012997047924985863
1013090337852743681
1013009395804966913
1013082372898684928
1013008082300030976
1013174846090563585
1013155535061946369
1013138006188941312
1013131282778394624
1013029315552956416
1013175271225282560
1013118662381850624
1013171384351186948
1013168918616313856
1013183246073520131
1013004363449683968
1013143062200115200
1013176685095682048
1013122855888916481
1013008318363852800
1013105080411836416
1013022668038103043
1013069460343853056
1013131129875058688
1013069658562486272
1013055877593649153
1013118291471036418
1013018364120363008
1012999872541229058
1013004173049245696
1013121906164355077
1013013284881076225
1012997234072477698
1013086706352951297
1013118075414241280
1013146558551023617
1013003126943645697
1013009499651760128
1013143401108209670
1013169005207736321
1013112416648007682
1013153246595207168
1012996698870812672
1013155473468674048
1013007990817992704
1012997587316723712
1013115988550782976
1013122219055222784
1013179249229000705
1013020213594546176
1013191642914918401
1013000975710326784
1013168276585709571
1013043379263954945
1012997499332780032
1012998624618471424
1013001049286864897
1013076866666770432
1013028785225129984
1012996723072012288
1013026427778879493
1013046798322106370
1013172865372483584
1013015755967881216
1004696660163694592
1013006900789727232
1013046124251410433
1013155124418662401
1013150071536410635
1013143183524614144
1012998256220098561
1013112565075935239
1013039160112877568
1013147346434224128
1013208963213660160
1013001090672005120
1013139156732661763
1013130883677683712
1012999191390576640
1013200659762556928
1013152890649825280
1013177863795814402
1013202147469643777
1013047637493407745
1013137859858059265
1013032721533292545
1013023997959790592
1013003171336282112
1013146980959350784
1013150120823705602
1013006612997472261
1013001009805905920
1013179664523767808
1013149516609056770
1013034656911020032
1013130400032591872
1013209168541560832
1013144706149208065
1013137613300039681
1013035538557829120
1013181611255443456
1013193656482877440
1013002768393654272
1013001832455602176
1002758970182852608
1012997732955492352
1013131399182811137
1013023722272411648
1013041811684720640
1013057928876777472
1013050587519299586
1013045076468162561
1012996636673536000
1013147328268685315
1013002865114341377
1013048848984543233
1010247018315485186
1013113176169369600
1013020506096848896
1013023578894340102
1013165070040358912
1012997691222253568
1013001576087195648
1013167706198208517
1013135183007055876
1013012902150922240
1013205665173688321
1013000712446410753
1013002242339885056
1013091004872888320
1013191283807047680
1013132362190868483
1013195422498770950
1013159781081772032
1013161914879414274
1013140754338865156
1013150374516215814
1013061862928404483
1013015152692793344
1013173078321455105
1013004890640146437
1013012445248544768
1013193333320056833
1013025766584537089
1013097328797011969
1012996627488010241
1013008109214814209
1013035885397467137
1013209047976300544
1013012199730802688
1013035450485886978
1013173439912345605
1013133852066361345
1012999412153569281
1012996773713989637
1013202141866070017
1013033580329566208
1010919124116148225
1013000002036170754
1012996939418423296
1013180422774288385
1012996999703121921
1013059763503026177
1013142538302128128
1013015165963522048
1013183281515331585
1013150088951189505
1013017062833258498
1013075065108357120
1013066815914770432
1013147481511776262
1013077496349253632
1013145609883258881
1013140562613035008
1012997881505165312
1013126065856897024
1013139913020145664
1012996633603268613
1013150986196652033
1013129401628798977
1010959330508722177
1013144517162217472
1012998011364966400
1008482734426284033
1013032020690243584
1013166742472937472
1013141292430381062
1013144293589037056
1013118967106494464
1013173911121522688
1013141901988507650
1013137028916174850
1013181458226216960
1013046599281463301
1013168472132669440
1013100527230611457
1013021834395246592
1013000167560237057
1013173832297926657
1013012615684116480
1013040998245720065
1013112063638560768
1013018729481949184
1013169458179960832
1013012317146099712
1013110511188226053
1013097461102137345
1013027733771816960
1012999697307521025
1013005787537530880
1013176565822361600
1013002560876236800
1013099232146939906
1013011787959152640
1013149342633521153
1013165027413635073
1013143454518579201
1013138997781123073
1013112033301221376
1013121324607311875
1013011460136538113
1013080908818272256
1013075866958680068
1013143029736144899
1013004282378022912
1013210068073041920
1013198742831366144
1013006723706126337
1013001801099022336
1013111421490606081
1013123229228167172
1013154748395065345
1013137335662338048
1013014076019093504
1013150730822275072
1013130038361968640
1013124279834238977
1013112747796697088
1013083238196183041
1013086288407343104
1013155372671078403
1013003345798328320
1013158501957492736
1013111998815580160
1013098939464249347
1013008855696109568
1012998454484795392
1013122005699301377
1013019284140851200
1013137305543028736
1013145311261483008
1013002687783358464
1013000791647510528
1013137319518507009
1013014480282963968
1013160269944623104
1013050279259000833
1013153890517356544
1013185938430808064
1013049836512391170
1013014145472573440
1013186760250155009
1013032889787801601
1013022579089698816
1008653609758797824
1013060064725405696
1013159094381924357
1013117190361493504
1013101712339619840
1013147178305540096
1012999889389871104
1013131865950228482
1013169565507956737
1012997521948495872
1013051231625973760
1013137183081992192
1013039214567612417
1012998535950856193
1013003312982118401
1013121884714610688
1013001728998993920
1013069852859359232
1013111729881001984
1013046296943489025
1013028396396314625
1002702438430904322
1013017799646744576
1013011033647190018
1013117240928079872
1012997612168011778
1013120446668079106
1013005238062780416
1013002717139259394
1013150058903212033
1013146475201814529
1013126549179158528
1013049043897987074
1013003424244404224
1013005027475062785
1013196417102426114
1013024192869076992
1013112555903111168
1013017125940809730
1012999247615152128
1013159169703243779
1013065706487902209
1012997433364795392
1013139497456988160
1013037000247607296
1013189932981121026
1013029229875908608
1013023341266046976
1013015617899810817
1013010688271413248
1013176466635403266
1013122741476655107
1013176159889248257
1013136734102712320
1013127643049398272
1013085945934090247
1013148450723192838
1012998895079587840
1013162647011975169
1013041773361487872
1013025907823476737
1013021246685147136
1012997449663897600
1013140864741330946
1013060909508505600
1013133092339486720
1013128988129218561
1013171304273457154
1013007413849489408
1013115255461904385
1013091369538277377
1013184963800379392
1013155137618153472
1013130097111568386
1013139816588988418
1013149124571664385
1013017458557489152
1013010039362203650
1013020733621010433
1013039933190262785
1011725414040068099
1011190868441788416
1013188715643113472
1013190480849403904
1013150908996349953
1013148436743499776
1013016136785580032
1013005047419015168
1004060597472911360
1012996627727044608
1013146691829227520
1013074765312126977
1013158362383560704
1013156577950470144
1013028887092178944
1013005728234143744
1013011449092943872
1013182355891281922
1013069600106442753
1013069099033874435
1013065133139156992
1013011652386721792
1006256794816086017
1013160779422552066
1013177333635788801
1013182489291034624
1013153846099628033
1013157597418086402
1013207360167399424
1013080967735660544
1013001779712323585
1013018533616410624
1013003020185960448
1012997118343172096
1013168682686656513
1013165847018397696
1013112143313588224
1006619837140004869
1013112428253646856
1013141968094887936
1012998070202785793
1013189857391366145
1013140430815465478
1013144443598319616
1012997727750361093
1013023968859705344
1013154271582412807
1013017849600856064
1013050432170676225
1013076962095624192
1013000034424688640
1013020244925976576
1013158121089445896
1012997883098902528
1013154704459812865
1013021697421832192
1013178719458996238
1013001894871085056
1013162906769186816
1013090765881446401
1013101792111054848
1013016180288884736
1013034157423910912
1013115050729590784
1013120815343251458
1013111493972385792
1013028942767382528
1013138115681234947
1013115707221999617
1013008661671763968
1013186051324686337
1013148459371827200
1013138964797120515
1013000308165890048
1013157311798497285
1013138613343793154
1013089723949240321
1013004605389791233
1013208681654161410
1013056370759880704
1013078330218876928
1013017965439193094
1013114713977294848
1013117301510549504
1013200172002828289
1013143013273624582
1013140981770792960
1013046170069893121
1013045391762259969
1013022378987802624
1013122154349592576
1013099993719300097
1013021014949793792
1013189853373255680
1013055870173941760
1013009486162907137
1012999916635983872
1013177286781173760
1013171227144458240
1013160475662708736
1013080968423444480
1013022143611920389
1013124008630456321
1013002128003162112
1013207539587145729
1013158284071723008
1013129542892965891
1013036530439524352
1013000032218382336
1013131800372277254
1013074619169943552
1013071570670112779
1013028591125303296
1012999653443371008
1013020649504301056
1013113761555722241
1013145074358738946
1013011828358574080
1013079778486714368
1013130479778844672
1013048376227753985
1013171196496699394
1013158282465300480
1013149147803930624
1013142116804038656
1013027156790784001
1013017906219798528
1013132824210214912
1013156279592857601
1012997883140984832
1013125719659089920
1013127342183665669
1013016909581897729
1013119152465285121
1013129278093955073
1013049730383966208
1007376922769125376
1013077261782790145
1012997949721280512
1013066603012022272
1013128197817454594
1012997449953304578
1013147609475796996
1013002661040349185
1013172922926723073
1013192888799330304
1013007967073992705
1013111737552461824
1013137570593636353
1013139780815802369
1013113602428063745
1013044419644313600
1013029077345849344
1013207354068885509
1013019043580739586
1013122346541092866
1013011797627035648
1012996990588907522
1013130065465487360
1013180725728808961
1013014193937764353
1013198156618715137
1013137402842447872
1013145364378148864
1013147253693976577
1013115476191399936
1013121162375770113
1013025404758712322
1013151432189587456
1012998099915169792
1013064767496482816
1012997382588518401
1013112823772303360
1013107585396994052
1012997897334517761
1013004160583766016
1013164223579508737
1013032158225629184
1012998972422664192
1013033895137304576
1013140152921788417
1013007754846461953
1013031961248587777
1013028837020585985
1013107431772221441
