1405470278390620163
1400392074487345152
1407058025400180741
1406934047591383043
1403413374201905164
1405820840009256962
1405470278055047173
1407063299364208642
1400582145639432198
1403413107582570497
1407122546806476801
1405828650751115267
1403250804660883456
1399977951907782659
1408458860181000195
1404158980054786054
1406756421539184643
1408099156430921729
1407380294148165633
1408712562909270016
1408436525877153802
1407046717808287747
1407428006893830146
1400418974198865924
1406934940353282050
1406683199296741379
1407086198988943365
1406900867219984385
1407436768928993285
1405477848736055296
1408683479722860549
1407416958149136394
1407351583319396367
1407055645052968964
1406977233827340289
1405482956504895488
1407045495936241671
1410225599763857412
1407048940315463684
1407575016137531392
1406933623731785731
1400587130825547782
1400405594041954306
1406038554413764610
1407367619510894593
1407760361743425536
1407213260969975848
1407099367551537154
1407055344946270208
1407758199080562701
1403258397416378368
1400465917654409224
1399848319304798208
1406934024547934212
1405275581575360512
1406190593265397766
1406971789721452548
1406142174777991168
1406872369193492481
1407682052137394177
1407365448983777283
1400752446637477897
1407472989831053312
1407349240687476743
1406683950920212480
1409998259536400395
1405836004607639553
1405227760231006209
1406939405563187203
1400502430647869442
1407354209247375363
