1145948287725424641
1154276036449886208
1147096551598252032
1146903254116327425
1146884416754671632
1147091193878261760
1145489726423654401
1146766976242671623
1146401550790561792
1145576421357760513
1147563647482376192
1145608766156673029
1150317475252359168
1147911920609058817
1145792043094020097
1145492042631536642
1150859718937604096
1147602087380946949
1149177738978308097
1145498536974397440
1147109971403743232
1145580290884214784
1147091147153715200
1147450832230785024
1146653973748883457
1145613109526245376
1156194401456197633
1148437379025272833
1145570266845765634
1154346762829815808
1147090768311595009
1147518030659895301
1146812448105779200
1145577769797083136
1146829752684204032
1153769479903567874
1145575103780007936
1154396954719162370
1154363178966560769
1155456751094894593
1145487611290689537
1145644449210556416
1145564913240293377
1147544162163732480
1145613901503062016
1150308085354958850
1147870735215616001
1146508100620492800
1145549037032095744
1147115321041608706
1153929438716993536
1147003848944488453
1145572685033934848
1153862187766751232
1146565289108267008
1146182040431276037
1145756052325113858
1145566370924552192
1145557352927678464
1145652446708064256
1149183379549691904
1145603556348780544
1150386131403497472
1147523795361632256
1146795812053225472
1145587113070661632
1146503387707510784
1145499578646630403
1155608215431856136
1148615261655879681
1155605526379728898
1145571068167544832
1147109927049203712
1145524352307384320
1145560611855765504
1147953999729090560
1154304738336202753
1146765853037420544
1147145399754547201
1146531007300034560
1145534233252904965
1154288090573365254
1147289506854375427
1154294285132587009
1155609002413309953
1151125522207952897
1154334734752899072
1150849227498631173
1145664277535219714
1147102438744363010
1154335549668438017
1146170878083948545
1146901815193194497
1146032127840047104
1155694746863579136
1147892379422273536
1145593772555808769
1145534320397946880
1146017328561307650
1145611368231579648
1154318090093637633
1151711140201844739
1151142191080849408
1146749876165840897
1145607506519121921
1147656713803304961
1152540450097704962
1145603201233817606
1150859826282414080
1145679427180945408
1145488274116481025
1145488063721889793
1145573680136761344
1145576048257622017
1149546937747529728
1147596552107646976
1145605054419877888
1153797009708425217
1147213823096442880
1152270422462930944
1145680509101576193
1154289050121101312
1145602225584185344
1146298441225650178
1153809735344279552
1145490211419447297
1146906182524817408
1156154650745348096
1154401842392129537
1147881995650908160
1146895115992162309
1145589144028176384
1145580483784433664
1145547431129571333
1145576117593694208
1151896616653205505
1153765864522604546
1145594324878548992
1150333148821098496
1152473553788461056
1150852037267140608
1145700217934766080
1145550389510623232
1146766442601373697
1145489491194503168
1147962540347011073
1154285544660189184
1145489500245811200
1147185348532953090
1145583275051798534
1147853995249197057
1145490193799102466
1147120147380998145
1145610176210358272
1145552396946419712
1148278045150781440
1147882828224487425
