1546795299297005568
1543849323703705601
1551682139527254021
1542967397954600962
1547233287059521536
1544290949190270978
1548724224055033858
1543707244432441345
1543855483009859584
1549092758543032323
1546791014601728000
1542754779880890369
1545868477818441729
1548566929132048384
1552840893731831809
1542741333131100161
1550232187726958592
1547078491182612480
1543837645498978304
1553879837093335042
1546475983204671488
1552407349456945153
1546642664623603712
1546792489268527104
1547876791364096001
1543578837186912258
1543844217205788672
1553685149648297984
1552287034873729030
1543847184424226816
1543598419729649665
1542963317999804418
1546471191627677696
1544036515499675650
1543902911146725376
1543846800771145729
