1384760912612048898
1383691844366737409
1383533759614443525
1378389708032536577
1385925566155657219
1384422944802320384
1383777600607113218
1383537053581778948
1382616642732048384
1378422669431898112
1383689782493024263
1379857912433147906
1378380966519996416
1383667898426617856
1386740145437646851
1383538944470523911
1382712746710609923
1382474813831311367
1378389138521518081
1384071854277627905
1383415033971937289
1384069491689103364
1383747559223545859
1384861021983158277
1382469308354334725
1384549962533453824
1383752184152477700
1378124999693852675
1383473593430904833
1380925284111814658
1382421404486938624
1383587601634893832
1383569825784426501
1383672545937821697
1382321566508191747
1377512844921569283
1382667620856573956
1378124210158067715
1384068300984881165
1383573163418603522
1382425730726891520
1387080265282031621
1384551783578710017
1383703715635351555
1385199075553947651
1382441123826782209
1382481452181422088
1378408597470670848
1383492778647117828
1383553554753875974
1382598799726678017
1378390968752164865
1382633588827557890
1383538070998319110
1378406915198255108
1383471162697535489
1387054445515599875
1382474587087245317
1382480159115198468
1383283548501680135
1377554553990746113
1385699296272691206
1382788930165219330
1382477542301573126
1383745744658526208
1378405873718943745
1377948383114113025
1382616722407047168
1382725896394715144
1378385416630333442
1377538154589216774
1383773707701690370
1383417310128480270
1378624232540622850
1383540180749934592
1382491398981652482
1383539960905486338
1377580987798974464
1383424815957123082
1382619494351306753
1383699895756886027
1382490742371856385
1383759751025102852
1383718274857275395
1382397433192206339
1378390941627674625
1382599558337867777
1387321198133055488
1383482608324026378
1378109970504241154
1383700000085929986
1380582890912821255
1383578382508584962
1377888309280710656
1383686697741742084
1383539352194584585
1383517816133877760
1383640954276442112
1382726654322151424
1382475641459728387
1387057663532544002
1382601165288914947
1383537870535753734
1381206569208143874
1387038062358581257
1385176525763399680
1378405329327689728
1382662179309096966
1383554633369473029
1386601767320891395
1383652672994045953
1384210458379395081
1383556489726468096
1383681652329570310
1383751536296165377
1384431683466899458
1383125399358541825
1378057004640522242
1382459021844680709
1383681956236259334
1378532413790253059
1382608848213716993
1383566649580654596
1383586815140007944
1382471511144067072
1382469959394197504
1378516235613204483
1378413691968790529
1387077600376508419
1386931223835156480
1385085793312587781
1382616139646304259
1377851779900178434
1383538924186791942
1377552229377380356
1378422059542278150
1382737763557117952
1382486047863549956
1377580301703127041
1383663484701794315
1383521331866521608
1383438573311913984
1378429742416678913
1382650773855744002
1382622569812099074
1382922346969841664
1383505585459523586
1383679949572173824
1383535189029122053
1377554524458647555
1382441660706082817
1387776700805750794
1384063842175504384
1383650857636360197
1383673068438966280
1388140118221934597
1382756343925313540
1382477935072964609
1387527802266738691
1383547723421343747
1380811316022153216
1383667211470999554
1386985149099823106
1382476990125649922
1379962507088048131
1383794252040130565
1382597613694910464
1383664329128480768
1377865928348696577
1387744694763982851
1383534174171136005
1383547254540169216
1382478077469601794
