1399045119085617155
1397121818448826368
1396899347984437250
1393592978615189513
1397138995088330753
1396706921504198656
1397196135844958214
1398761590690824192
1398633975690768385
1397483180077326336
1399391319093563396
1397595027363205124
1389362121356595201
1398294962131947532
1390892368262582273
1398409250477576193
1398174047742140419
1397200607526768640
1397204169723981833
1397284261523247107
1397145181070184448
1388602352043806725
1392734697810120706
1388673277900599302
1397126037050384384
1398672557222551553
1397119539398197248
1397241061148438537
1389396324886323207
1394690611081629701
1389400913077444608
1389552606708633607
1397118862219517959
1398591545813749763
1396428827816079364
1393249209265053696
1397196211694841858
1397143503474409473
1397283696949006336
1397195583471902720
1393611039376355329
1397216564315926530
1396588095693279241
1397832833188646916
1397256326305177601
1396900111981191169
1396899844481077258
1397145793228910593
1394924887534456832
