1076486232371273728
1079778792678281216
1079710767514038273
1079759554609524736
1076413906338435072
1076621980940623873
1076916511628034050
1077187672496590848
1079808415420084225
1078645421579427840
1078707493906333698
1079175903249338368
1070806487121956865
1079805867254603776
1072234096691159041
1076189654930649088
1070635565027074049
1079646581979111424
1078959834970628096
1078550129349746689
1077157261104111616
1079662690321289216
1078305158063423489
1076792970375036928
1078195742605488128
1077691751664623616
1074364683996590081
1077075754003939328
1078596959462674432
1076629480259678210
1077550444849913857
1076525420198223872
1070444727491837952
1079329312959021056
1077530638482370560
1077368358167896064
1079712755068948480
1070447427495346181
1077636425644953601
1076590984941764608
1068664220374335488
1078826566820552707
1078674701688418304
1077255822466519041
1078217620871090176
1077407868440199180
1079314884549136385
1077158286741458944
1076547293933903872
1076610895156051968
1076930097335230464
1076546743435755520
1078025295050010625
1076927135858782209
1070424230439858196
1077408220094914560
1078759865898676227
1078629115857694720
1076987595702390786
1079000515172810753
1078740623384068096
1076942437254393857
1079794263297269766
1078217270441246720
1079705307641712641
1078782160771969024
1079808483380350977
1075056251636191232
1079683868603699201
1077566418697285632
1077204547519635456
1079747308634427392
1079097424268926977
1079806549193830407
1078573502523981826
1077188303978463235
1079743767941398529
1079304732148224004
1077708199065735170
1077634663076843520
1076835042415071232
1074372402690310144
1079716713007120384
1077631991246397441
1077192433199472640
1076593025088925696
1077239083913699329
1078048286580400128
1077535025057411072
1076927996760674306
1079180700471836676
1077408272783683585
1077205735392665601
1079805539717169152
1079710256828014592
1076114030786416641
1077547939717885952
1077213873441255424
1078388325109694464
1079308253274755073
1077481811540873216
1077672747034177536
1076197619989385217
1077613685047209985
1079757816846528515
1077672915674562561
1072232908914593794
1076604361839706112
1079807288972595201
1079278565449965574
1078716176140783616
1079813178899529728
1077277407986491392
1072613772852899842
1076861046135156736
1069151648919035905
1078610293897551872
1068860622715129856
1077344272926588928
1076793784694984704
1076595748177874945
1078755214973419520
1078586642708004865
1076769520105201664
1077269549760811013
1077670662028906508
1079147088800292875
1079777062091739136
1077630438594760704
1078644403797929985
1079780263578734593
1069277380009762816
1076596466087534592
1078802225697357824
1076525118627766272
1078573853864067072
1079439704431448064
1078709643956891653
1079333073001631744
1076926394582601728
