1140230351018704896
1144233074445737990
1141932037907107840
1141875368674152453
1142063743976771584
1141740750578868225
1142088117253550081
1142095778627883008
1142158423137619968
1142043045745106944
1137806544953909254
1141993360598740993
1140228470410289157
1142052738945167360
1142042319102840832
1141996573473165313
1145421667386167296
1142545408587161601
1143202449437495296
1142083904691744770
1142121400351809536
1140180389547466752
1141800018459971584
1142433028276404230
1140711983911710725
1142098748610437122
1134815133799243782
1142428535484801025
1142420156645367809
1141800311381811200
1141722913839751168
1140386502150676480
1142005517205811200
1142370378196692997
1140199378809950208
1141939599792586752
1142045291136397312
1144192931676512257
1135077032793124864
1142030751422189568
1141931830641352705
1144385148202471424
1145364979383721990
1141798624357232640
1142082711265452032
1142147039641444352
1144177497665392640
1142066403060670466
1142306847753482245
1140394804209213440
1143496120083132416
1142120487667011584
1134828405168508929
1140474386090209280
1141791387974799360
1140295448940417024
1141818120736260109
1140534419599568896
1145372760958484480
1136509947515215872
1142034977854558209
1142148700288028672
1142181752590483457
1145436456548229122
1143257828137885697
1145392368830558210
1142741800656015361
1140589624936534016
1142312689169051648
1142054049019236357
1145448530955386881
1142015069955526656
1142146337984696325
1142328683337789440
1140583136608301057
1145362948837257221
1141812093253029888
1142209384170360832
1142049400904200192
1140175529590624261
1142056276114976769
1142497191585619968
1142114638622052352
1142113387427565569
1142059768292491264
1140526290186964992
1145337227729342471
1142174050061619200
1135228763883462656
1145402887029350401
1142308708975828992
1144572812482363394
1139578571293413376
1134858909485846530
1140518915128385536
1141964098562924547
1144218771072212994
1142306576444907520
1142792006885920768
1144572013756985344
1141971187964289024
1143423908865073152
1137713633419517953
1142052956486950912
1140196354985254912
1141683775161733122
1141814216682328064
1139226080705994752
1145469344589262849
1140177340019949569
1144036684641779712
