1621455684603609088
1628366898634149889
1630559392486629376
1630514157152792576
1630515864196743169
1630558281990062081
1626638712154034184
1630687540792442880
1625110737264775168
1623747231663763458
1630633641947561984
1623535746836729857
1626147195224313856
1630491387442364416
1624857452805033984
1624421799399157760
1629543742129737729
1630286500314087424
1630483637551394816
1628067757819408385
1630486122047340544
1626168758048784384
1630525475163447296
1621862479512084480
1627804398486159363
1630483735597522944
1627706436934418434
1626704123390296064
1622746198745415682
1620815806501163009
1624819444131274753
1630497330829881344
1625921634623275008
1628272217376100353
1630140303653892096
1630485989771583488
1629251457609265153
1630597299461029888
1630489005388070913
1621412873321725952
1630558217376870401
1630497270494789633
1628859857309773826
1630484758282096640
1627835599070674946
1626427795399225344
