1530100619478016000
1530141360917028870
1524984979205328912
1531689374085259265
1530254144212189184
1530141967711084544
1530135503646904321
1525012842692362240
1530145634560397312
1525228284165996545
1530111024296247298
1530110247947358211
1530188973968080897
1525213778744422401
1531713065770696704
1527568104687124486
1525132636708032512
1530259018844884992
1530189167862358016
1525141902391123974
1524875030886244360
1530174746826051584
1530102560324993025
1525030152740151296
1530218039282741253
1530177177328701447
1530106522348527616
1530128727627243520
1530105285544710144
1525189912571551744
1530108538575519744
1530312220319563781
1530525371145281536
1530104223140028416
1530122781895143424
1525467068220559366
1524985945522589699
1525107233440387074
1530303060505161728
1530113080788717568
1530127768448532480
1530514995926159360
1530119580839862274
1530115406387679232
1530484698656526336
1530165699439640577
1524878752026615813
1530281982197911552
1530100976257998848
1530960781831020547
1530138448270696450
1530100525416554496
1530126864228012033
1525005857859190785
1530104043405819905
1530181793281986560
1530231783836499968
1530146190678958080
1530107760351883264
1530101532649299968
1524875146212827141
1530408230706372609
1524958029816504330
1530123148460433408
1530163817811959809
1530129315291090945
1530290202618613760
1530109350123036672
1530125526945374208
1530126151905071104
1524992156372553729
1524991722681516035
1530208172237017088
1530189415632494593
1530220558096470016
1530369353610166273
1530122451543261184
1530187804621393920
1525023916477059072
1530188348660363265
1530148011250225156
1530125561607208960
1530179508795543552
1530217096483074048
1530114590436114434
1530193940229545984
1530293571290640384
1530441652757733376
1530126568714117120
1530139302990159882
1531655758504394754
1530215587443576834
1525200875622486016
1530114748120973312
1530104332770762752
1524877183776350213
1530101151147991041
1530135324516663300
1530139102510735360
1530189685758246914
1530183090584313857
1530168119326646273
1525036065228201985
1530154797634035714
1531317069874176001
1530152318259412992
1524997821023326208
1530126156665655300
1530214144615632896
1524986635993108480
1530122146319572992
1530208292206743553
1530186494740205569
1530170079064776704
1531782680580325381
1530106722425135104
1530205493200924674
1530101042192556032
1530117328620474369
1530152539055919104
1530111337006784514
1530227078293082113
1530100849011306496
1530967418079674369
1530666671651840005
1530102534001541120
1531355234081067011
1530100437889720322
1530118366953984001
1530101929778487296
1527658831177728003
1530104805292654592
1530497875108679680
1530101538592632832
1530286945666048002
1525203452883873792
1530494843486715905
1526588114914791424
1530125364898439170
1524960580771237888
1530104225446957057
1527549117316087808
1530107141109035008
1530143543649501184
1530101856239763461
1530312212656623619
1530219508975251456
1530169018904190977
1530109823865475077
1530152503962177538
1530101457202122753
1524876704757473286
1530161632340492288
1530122164027940864
1525020807226859521
1530267746591817728
1530239616380456961
1530959821628968960
1530156390307794944
1530229744175919105
1530122268642246656
1530102352279228416
1530967376203751424
1530261599356846083
1525136333047488513
1530194517814542337
1527382815129706496
1530103660293894146
1525076783644610560
1530105929743708160
1530229020863905792
1529780751184568320
1525026766326218752
1530113164779606016
1530104693531082752
1524879133242712070
1529783355696373761
1530108378143461377
1530339582004297728
1530230921198194688
1530110300606943232
1530156785822228481
1530182745376362496
1530440220042219521
1530111835306860544
1530155605331165187
1530125368149016577
1524960233294110724
1530126886109601794
1530143754262298624
1530210767127068674
1530123904982859780
1530466359783702532
1530185625353191426
1530101775713411072
1530103586977419266
1530141539418136579
1530100836810072065
1530165174304493569
1530123007036997632
1530106819066077184
1529816531718180865
1529819002876227584
1530186668606689285
1530100918443712513
1530114501445574656
1528395753466605577
1530185310902317056
1530145962248884226
1530100573944553473
1530119728508829696
1530285350962315264
1530147546596888578
1530124985750126592
1530221363969105928
1530190834448093185
1530185965297446913
1530102605170491395
1530974251066564608
1530187647733334017
1530101249324068864
1530104925493116928
1530113145762619392
1529818818104676352
1530130469781651457
1529731983949152263
1530236717625745408
1530141944990646272
1530141189726429185
1531585017067016192
1530184063029501953
1527556971343269889
1525027660593868800
1530181182389989378
1530100802362261504
1529817034464251904
1530120585728167937
1530100871459110912
1530135439813787651
1530126208293281795
1530119099090624512
1530109957244391424
1530216022229262342
1530122617734168577
1530152576905363456
1530172951164862466
1530129462033104896
1530118715815215105
1530110527355207685
1530108217409380352
1530232261186027522
1530274303857643520
1525129932694818817
1530128258582384640
1530152584526323714
1530100579099414529
1530132853853507585
1530164745482928128
1529725699241693186
1526202480945684480
1530167184458240001
1530126381329285120
1530109164227272704
1530185620680736768
1530205305237385217
1529765307132350465
1525075296172531712
1530143460707139589
1530158468392534026
1530238698742329345
1530112746976690176
1525007120311406594
1530447569377271810
1529816604527190016
1530204593862451201
1531751240241188864
1530169846817861632
1530118374612779010
1524887658715045911
1530493947906334722
1530106686731599872
1526587988834021376
1529819729530998784
1531767192278249474
1530112193903185920
1530120067601530881
1530234494074208257
1530185625974018049
1530108539653480449
1530109685235388417
1530188053846937602
1530185847219298306
1530134104628465665
1530129990750466048
1530113079345831936
1530176367194669058
1530213351426498561
1530107228790849538
1530101032826638337
1531687730060697603
1526250224737521664
1530111354950098945
1530114066508832768
1525094006446862341
1530116614724648960
1530147320293216258
1530425171269517312
1530135533229420544
1530124714508689408
1530489146883571712
1530108551867277312
1524873221115371525
1530118672295120896
1525055770844356608
1530245003414491137
1530308965594124288
1530240647260942337
1530223931847761920
1530127522037366784
1530140884402044929
1524988779274059776
1530990902210093059
1530213574815227904
1530139611317542913
1530217243669409793
1530123746865979392
1530105573408231424
1529821295247970310
1530132065886289926
1530101290239401984
1530115947087937536
1530134070520340482
1529848244200787969
1530112936663994369
1530895890885533697
1528052360584495104
1530136541917499392
1530141580434219008
1528777863918501895
1531271620437938176
1524915290873659401
1530558090894004224
1530223487159345152
1530220371445788675
1530200130502148097
1530426813050195970
1530156301300408321
1530164869227495424
1524921690622394379
1530498278525108224
1530103013238521857
1530225561192255491
1530145554751049731
1531583086579826689
1531599082518618113
1530465033158905857
1529903903814389761
1530960336723103744
1530130730726174720
1524896311287468033
1530231338577629184
1530337624107491330
1530139239232446471
1530117580438253569
1530104795738034178
1530124594224500736
1530193107257544709
1530482350345289729
1530179763343613952
1524875569510375437
1530115613041037312
1530119342322589696
1530137720491806722
1530278415282147328
1523647870632534018
1530201187819081728
1530460613327130624
1530170495039045633
1530125604506456065
1521895456875417600
1530104729539428354
1530131786344370177
1530120456757559296
1530150865721507840
1530119796465012736
1525068844594774016
1529770146583220225
1527552808710553600
1531604499730677761
1524964568782577675
1530165874761601026
1530159341885603840
1530186599228661760
1530106810983665664
1530110647324667904
1529739449172639744
1528769665656291328
1530186067785170944
1530138117432397827
1530104090805542912
1530393596637204481
1530269837855006720
1525068686607908868
1530294921478938628
1530116724804046848
1530309017016455169
1530965696913481732
1530111992048013312
1525230685329424384
1525049216292245504
1530252968909488128
1530316990547623948
1530187761004716032
1524874808588226560
1527187205281685504
1530122134202236933
1530228525906771973
1530133427655147520
1530130935068471296
1530202919336919042
1530109357807083520
1524959846847717378
1530417506711658496
1531689667803893767
1530427036552114177
1530109273790894084
1530101003168755712
1530187919109017602
1530148909724712960
1530101624928092160
1530224248131813380
1525168451836334080
1530223488505679872
1530153575371898886
1530194635397779463
1530212100068499457
1530115716720037893
1530225293918609409
1530104414287147008
1530181922323832832
1525188913651916803
1530118210187579392
1525005140457099264
1530100900852793345
1529725993535127555
1528020243041472512
1530164563093733377
1530100810721513474
1530114267667644416
1530139058755756032
1530220309890088961
1530573943412776960
1530167099590594560
1530961460033093632
1530187175979008000
1530149273437872130
1530286582384807938
1530150743222669314
1530155863691894785
1530262279245254657
1530182455109599233
1524982115594604554
1530200755176673282
1530137251744825346
1530106630200778752
1530143809761312768
1529820254209179648
1530141229769531394
1524358922169106434
1530222438184898560
1530956259377266694
1529761861150859265
1531751811933253644
1524991909386756096
1530210036252872704
1529447255840890881
1530104724015484934
1530205994722250752
1530120313421414400
1530101674689298432
1527888389697060864
1530101981813030914
1530144193670262785
1530104781976571906
1530171023504691206
1528044147977895937
1530166731280457728
1530118677739315200
1531615225245536256
1530105294994513921
1530102219248386054
1524872622193971200
1530211810728718337
1530142357852721152
1530159982645223427
1530162729335631872
1525026950045114369
1530174050294800384
1530161813005926402
1530138073597726721
1524895619147616274
1530198800501030912
1530233784880222210
1530211228903165953
1530115220424773632
1530121993466560519
1530166985899786240
1530117895908470785
1530203733921091586
1530159917109334019
1530962155624865794
1530115745593450496
1530243003222310912
1530112770661830658
1530146583601455104
1530125990525292545
1530541951623249923
1530202871140167681
1524994146104184834
1530112486795579392
1525013815498313728
1528007515522404352
1529815791444496384
1527401005570306048
1530185254807412736
1530110409679818752
1530194855024009217
1530131372656013314
1530107017599270913
1525035309699895296
1530134711502352384
1531664474129702913
1530186106876092416
1530102378518683648
1529821657371533312
1530152211946381312
1530132669190873088
1528570506353553408
1530160517062475777
1530128723348946944
1530221127523516416
1530877660754333696
1530130978185830402
1524987508412530689
1530160909338943488
1531689335824732160
1525099339496009728
1530966515876605953
1530231816455602176
1530279443922571266
1530291264809185280
1530128405533970432
1530945038183804928
1530234920806776834
1531690665544908813
1531613445052940289
1530224701846523904
1525487821880012806
1530153964016218117
1530208614669078534
1530100771919908865
1530153439023570944
1530167803571015680
1530105986362613760
1530162785753120768
1530317440189706240
1530104115744985088
1531645568350552065
1530132496066699264
1530203236367486981
1530165966713278464
1524958185228050435
1530119497767702530
1530960058431029249
1530148734092333057
1530141170394771456
1530221500082671618
1530138520911859714
1527319878897893376
1531039616333135874
1530120488059555840
1530109762028851200
1530219691809116161
1530101059602878469
1530135221575815169
1530132174942380032
1530117356655099905
1530197104253091843
1530296321629900806
1530101029081350144
1530427659200626688
1530226502771539970
1530138499529203713
