1481699072662806530
1488213997350383617
1486323882831265792
1478063496688541701
1482910558991048705
1488004836117430277
1485366875391463426
1485396242167443456
1486702978971148289
1478293182270083073
1481733858164887557
1486871931752169476
1488140640961630215
1485598092829368330
1488141131590344713
1483015274383224833
1485541075360100352
1479641260273111043
1487754160850477056
1481736446339911681
1485330526319742978
1485289247200485379
1477740190659715087
1478500179678486539
1478809002859503624
1485596590140186628
1481685235091841026
1485633098284867586
1485283389854916609
1485565645894799360
1485285929099091968
1482544137610088452
1478346182124519430
1485287665494863885
1479125462743928839
1485365974362738691
1486736214384427008
1481580958134513669
1485597086301265925
1481029309741608962
1482586565964701698
1485754515303378945
1477361033044008961
1481403892080562185
1481734127070191622
1482610295633809415
1487990188856864770
1487968818160934912
1485375632985018373
1485873350064754691
1478157673862516744
1481875810969690112
1487556028237598722
