1631268044772179971
1633650067511951361
1636989036270174208
1635877379003363328
1632836689285488646
1635637192688009220
1631311515176280064
1634072529940742145
1635818647997276160
1631593562524598272
1631491621630902275
1635972256412082178
1636138169132544001
1636304074969694209
1635745911593750530
1631641040061882369
1631278220791148546
1636830767740334082
1634278558645342212
1633448426678501377
1631200819545513986
1635559603672092672
1632158503270744064
1631345013182406697
1631997419649921025
