1430777587022929920
1428951144454311938
1431612332124393474
1428497924619649027
1422891045742800899
1427031275236376579
1428504540526137350
1430947196036321282
1432041921296445442
1428086197805592579
1428830853254295562
1424741689546186756
1428132709508030464
1428114079198154757
1423668047148105735
1428301750658863108
1432328360710053890
1429567491638968320
1432039038761017352
1428242897405685763
1423759626638696454
1430821000694861825
1426865849516929024
1426871270088531974
1427033636025548805
1428169738576875520
1426948198808145931
1424459954459660288
1428109565162364936
1428221117626556416
1427033185330909196
1428142188815335427
1428128584242286593
1428271047615422474
1432483433964609537
1428218685789978627
1427012092226322434
1429697986016186370
1432284137843355649
1428419869129822213
1427531718261714944
1428331039261401089
1424036449557549061
1427222561163812865
1423977056170397696
1427201840320495619
1427030016714416131
1429550025932169219
1428002613354766342
1428135245551919114
1432037303266971649
1426672279291838474
1423988684823597059
1431928771712622592
1424000727001837568
1428750090924081153
1431330250118549511
1430907929511727104
1427909792262131712
1428125970645590020
1427156728139952129
1427188964704886784
1429849397714726916
1424035985717932033
1430782834302590978
1427216358673195009
1427188899839889410
1429567912931647488
1428063484764430347
1427000692724600836
1428394604756340741
