1117460741022453760
1115950061530300416
1117708130203336706
1112673197013504000
1118911424070336512
1113684022004211713
1119280646210433026
1118418249128075264
1118112340992516098
1119290626548408326
1119213029965479936
1118752238351060992
1119290694311522304
1118997391447867393
1113606615473823750
1121811894480900096
1118381986895282176
1118803751131918336
1118321584576585728
1118422307108720640
1116965506324553728
1118530488908623873
1118408503834685440
1119869185058856963
1114242251268468736
1121941482917642243
1117679418049277952
1116950770149154817
1118768600976908288
1119307219680542721
1119417171074002944
1117358702661644293
1113513178711973889
1119749892677742594
1119312474233348102
1118508791325184001
1117848532881330176
1118509778748235776
1120222308478660608
1118610641332445191
1118906305375350786
1118636851198398465
1118490562854780928
1119290585632976897
1118167325344194560
1117592977491230721
1118161319562285057
1118262156137500672
1119701848498343936
1112537152506814464
1119469464972603392
1118433826097848320
