1093561661460500481
1094977583085699073
1091371386633965568
1091693485181337600
1091478258254790657
1094976015137423360
1098409666063855617
1092702104697880577
1091575271554199553
1091402380577595398
1091461329813229569
1092004072805359617
1095883020387733505
1091216642900717568
1091679632565460992
1093267300516593670
1092006301373210624
1094550550711025664
1097104801261867008
1095724661248266241
1092094274047488000
1095045969392078849
1092022089211621377
1092017111592062976
1091443416217669633
1094928974407450625
1092055706423959552
1094949454757707776
1092010972930367494
1092100663620915200
1091711845440909312
1092061405447155712
1092155070429515776
1092101190064787456
1091392838292652038
1094556899146678272
1092163520362438656
1091966815515885570
1091351093853016065
1096827891797671940
1092188263031496708
1092925970238095361
1092060538845253632
1091314135189671936
1097181828400721921
1092027108006809600
1093069837847461889
1094975292400115712
1091302112682741760
1092100724593516544
1094363873883377670
1101040746831011841
