1506047566496026624
1505953036996386818
1505995182688321543
1505864247770816513
1500534737219338242
1505893666199687168
1505909857626382338
1501453817551982593
1508510909576224771
1499548685121769472
1505876732032737291
1500812966303784962
1499055084537200640
1505840894985052160
1505898015302823944
1505842332431785984
1505934710555521028
1499835825298804743
1499531880563150849
1505843568346386437
1506044517559980036
1505886550248275973
1503865245743337472
1506031229992374277
1505846533274673153
1503721242666409987
1505959587425525766
1506023032241983510
1506021269116190724
1505931988154437640
1503721530978713602
1505942247690448896
1505914212421451779
1509336602677587978
1499539711928459267
1505936803559362563
1502642929420185601
1505876581276868612
1506332467585851403
1505927856496521228
1505889088691490817
1505994905675608065
1503721448489291778
1505877461741056002
1505890851192455178
1507388937471467525
1505900297327161356
1505944647964798979
1505886129840865283
1500523779948167173
1505920570755530752
1501491953736863745
1500229044402589707
1506574194217267202
1505932050737643522
1505842029418491906
1499533194667954176
1505841194902994953
1505840616751747075
1506135075796180997
1505950488411398152
1505895200304111619
1500770769185484803
1505869198517579782
1505908115014881282
1505859558383788033
1505841026619088902
1505846046781546497
1506059558657081344
1505873478662172674
1505864878443048962
1505906721742630920
1505882876985946114
1505875937648386048
1505860824208121857
1506001953989537801
1505843975688761347
1505961040252702720
1506012040652939272
1509256658496675841
1499543948691394561
1505875212461645832
1505851509627662336
1505995299973738511
1505841833611517952
1505872279888187392
1505876736625500165
1499746071106494465
1505928238132047873
1500561215944372230
1505944705917407232
1506145718574137346
1499552737595256834
1499394100558282758
1505934386562322438
1505843579029237762
1499532978384510984
1506038965694083075
1505888997125541888
1505878976409092102
1501812392489013251
1505843705441357827
1507069949436645376
1499403746933153795
1505967483878002692
1499530296663973893
1505260176705667075
1506419911849127940
1500205061397524482
1505929643592933376
1506107241698574340
1505887451948199940
1501325355763658752
1499673612252585988
1506403952698482698
1505972791522344968
1505964810386747400
1505850939479330816
1505917856667611136
1505856837559767045
1505894061051371522
1505850591842648065
1505889329297645572
1505845950031486976
1499129805333270535
1505859394021601287
1506032677853581313
1505851016654245888
1505946106202660865
1505912001335382021
1505958777446703106
1501543274259046401
1499629716659187712
1502272474716807168
1506079899962032136
1505885779129679877
1505891257817698316
1506590755598618630
1506024488202350593
1500502774802530308
1505852628017856515
1507458017872199681
1500157376372092932
1499532764093239296
1505930746187464704
1505863225291771905
1506206995673763842
1505841160547450885
1505852536154169344
1505256984878190595
1506197670548881408
1506033167689568261
1505842695096487938
1505967041379016716
1505938413287002115
1505946805158170625
1505841509656150018
1505897476104015874
1505846661620379649
1505851815568498694
1505997061992374278
1505978137515020298
1505897523717844995
1505844615974645765
1506053249023025153
1499634867214114819
1505998352445579265
1505845865457627146
1505911185417424907
1506571475448442881
1505891983386193924
1505963169600131078
1504987995568582667
1502280060568588289
1499629904924655616
1505841156105687042
1506283555709722650
1505845701321924608
1505844201291980802
1505876052073197568
1505984734744219660
1505846947323785219
1505874886148898816
1505868972234788866
1505904649479598083
1505995341820305422
1505854025006206976
1506134325212950529
1505971547126784011
1506054648939089927
1505972679790272513
1506402596168376328
1505862366654877697
1507423666866376707
1505880468977340423
1505843665020805120
1505959944713084929
1505898810819682305
1505986969310056456
1506032882359451648
1505846891350831107
1499548082626830336
1507760572510711818
1504059143220609029
1501279479188144140
1505913370440081408
1505905358698688519
1505887911434235905
1506022235622023169
1505876899180032000
1505849705330262020
1505847852332892160
1505975464770297862
1499896065792921600
1500741978685947905
1505890597219061764
1499532031998541828
1505855160995782658
1505841621128130571
1505898081459617798
1502479921037418499
1506005808395522048
1506135558883614720
1506000418349985805
1501100381526323204
1505913926093094915
1506240990650191872
1505992701321392129
1505959199561469961
1505908896531156999
1505860912581910530
1505949617141264386
1505904864517410826
1506359009015599104
1505874970957824000
1505874532275560453
1505843749758410753
1504104147221630980
1504912239492444160
1505964031542284298
1500961690053226496
1505844561897271296
1506005806982049794
1505912130989694984
1505842567019118592
1505841591956688896
1499533776766091267
1505845650818277385
1506405527059898371
1499644492894412802
1505846167304916992
1499545488235933719
1505884789093675012
1505868382138257408
1505856432859762692
1505929829203554313
1505922225744265217
1505855832801656837
1505896124569337857
1505994400089923586
1505906487452913671
1505981990922825730
1505922024409022473
1499715880896405509
1505863207419797505
1506290390688833549
1506222976479510528
1505937356783767555
1506017002040684546
1506017524617519105
1505966557918343171
1505907222689234944
1505865377020059652
1505909437910949892
1505879168227106823
1499547847125000194
1504882841083166721
1503622799633625090
1506140272777965568
1505999847316463622
1505840958184857605
1506296175430971407
1505858497430360064
1505961235690532873
1505937940786126853
1499546864558948355
1505864839960403972
1505902712579403781
1505904304246464512
1505893432883093505
1505921912836395013
1505867153043509251
1505953270359019523
1506225520035442691
1506045148479823879
1505844116827119616
1499537311796809728
1505876767915053059
1499602416496304135
1505975835005636610
1505866174290141190
1505845358718562304
1505843436708147202
1505966249586610176
1505972200679038979
1505860654288224256
1505935424065351683
1505858635255230469
1499726176868261891
1499707199618273280
1505916234340130817
1507656291673690121
1499547726031335432
1505855349320036356
1501214353982382096
1499824899585724416
1505840814777323523
1506049213314248704
1505925024527622146
1505874525631700999
1505929529239511042
1505920178990759944
1499553250768564232
1504952395398361096
1505979634701193220
1506332534493388813
1505843767785500674
1505841165215612930
1505885338270642176
1500781309580525569
1505870407827656704
1505842881688387585
1498628395789434882
1500427596005261314
1505863161387356160
1506062135993974791
1505845932553814017
1503721337101115392
1505885934507765772
1505849621729488896
1505004924349857796
1506524770472546310
1502745697183055873
1505891313258053635
1499532131571224576
1505852345938333696
1499532243819282436
1505961652658880518
1499535120394600454
1505886653432451076
1505855914372472836
1506054676378173441
1499532085928861698
1505981323822907392
1501684962889969664
1505841120282034176
1505901374181158915
1506026065973624835
1500107870666428420
1500394921991327753
1505843032322629636
1505977342899937284
1505884360230285316
1505855750303883265
1505846672563257347
1506041461686550530
1505845755214499841
1506015736669835264
1505846598143655939
1506049582299586570
1505924979573104644
1504165984688615424
1505960949894758400
1499790950058676227
1503650581340213248
1504235227593551878
1505855901529481219
1505842741804208128
1505974895246778375
1505869794062520320
1505856313028403202
1505864580290985986
1506047822411489280
1505858670080450562
1506008282682597383
1505966052861259785
1505189216388583434
1505971296747855883
1505966566508216328
1500214313973334017
1499385136038789127
1505920123894390788
1500083871450284035
1505992042190708743
1505840816555806723
1506348951498330121
1499096331142549509
1502744057449177094
1505919661929545729
1505945505599303685
1506155971722186758
1505995175381905408
1505843689737920513
1505843793941123073
1505848462822236171
1505962196899094536
1505945905110859776
1505841653839540229
1506007498452525061
1505911214454370306
1505897791494758405
1506005234715402246
1506213929898614785
1505845989374054400
1505929595559849984
1506088382073643009
1505866091398156293
1505852706229035009
1505851688070135809
1505851343973634051
1500784519904964609
1505857430563045379
1506009131874136068
1505863004763701261
1505895781710053376
1506016254615699457
1505854367009755138
1499532836080074756
1505905132147552259
1506014993661440001
1505852019806019589
1505849054185541634
1502733991144833024
1499546799182426115
1506127989481910276
1505868004621529091
1502710926688014337
1505859080258207754
1499665966078337027
1500603648874893318
1506029535007019011
1505870101983211527
1501482882950475777
1505942218393243653
1506311076412944388
1506402971071963138
1506051024544575497
1505321875899101186
1505904708455698432
1505860083070164994
1499527155700613120
1505875437980893190
1505840761434161155
1500620066555056132
1505858514291499011
1505920706881720320
1499099220959191049
1505890182276472832
1505865834358530049
1506008737110237189
1505976979161587713
1500632240920965121
1505923519556816902
1506729053813985291
1506062502806929414
1505853811600113666
1506153227498180608
1506026044641492994
1506066230729449475
1505895548280262662
1505846933247733763
1505841136019116035
1505947256062681088
1505854929650565120
1506073832385388544
1505841972841521152
1504598223935184904
1505906256799846401
1505896488236376066
1505875951594442759
1506449742225719296
1505944389608251397
1505888029759741969
1504167698368024579
1505925469710917632
1500980597656801283
1506037693398110218
1504928912043921408
1505961508219588611
1499527024607703043
1505852699014742024
1506139174574960644
1506043934014947332
1499547469201424386
1505940443728601091
1505991691655954442
1506007914519359489
1505842150491267072
1505840897535184897
1505863946271698945
1505897734565511169
1506146699458322434
1505878008149823494
1505894925690302468
1505867834353672193
1505974914708291591
1505841471412486146
1503803200767508489
1505867426818412547
1506022752087687172
1506030208582889475
1506183012488302598
1505872736345853952
1506048566355283972
1506074600240726016
1499749171557019652
1499534822309769217
1505967163500285955
1506356899922518022
1505988189001076736
1505850262833053697
1499526825441116160
1507377397242474504
1505994548899725318
1506053076289007621
1507712855885418500
1505850106343477249
1505843753701064705
1505841083514826752
1505941832433381382
1505851665676701697
1506006527165009920
1505861474668929025
1505160852571312133
1505904454951919617
1501763980292939780
1505845052240715785
1506247277031079945
1505844640062259204
1504987965445058562
1506167254517489667
1505923165922508808
1504915042000588800
1505915866646470662
1505860520972333057
1506047593519980546
1503131078260842497
1505861005657714691
1505845188715073538
1505887106895421450
1505844524853116928
1506043902377316355
1505903612161048583
1506240856243806216
1506006773487923201
1505984679845023744
1505871146469761027
1505974037981319182
1505882071176257540
1505865967406039042
1505851944501403651
1500937940960219141
1505870268811644932
1505856630809899010
1505856264013762564
1500089543541854211
1505917425593769992
1505840903008796672
1504917991015608320
1504060612615327749
1505935299326758921
1505974053751951370
1504914031525732359
1505930509255421956
1505954651618914309
1505857492164751365
1505848704808460291
1506047681495511048
1499666332572430340
1505965032303116290
1505938344273928192
1505845827327119365
1505884763609092096
1505858315523342338
1506232694614769668
1505866987007840260
1506824211624509448
1501251826171138049
1505848830805356547
1506004438795890697
1505858441071542276
1505842757931311104
1503385502304681992
1505986585686384646
1505845977953062914
1505918699508846601
1505842312399798274
1505849744714829827
1505842404322164738
1505855618996912129
1500621652375314434
1505885547411165186
1500900727715151873
1507730354068762628
1505859062478553093
1506471557178216453
1500770296915189760
1499673285478469639
1505954336706285574
1499534725496639489
1505899787664691204
1505965903502094336
1505865499493679106
1505904164701978632
1504939116454100995
1505915492879450118
1505942735735472134
1505863811630309378
1505994837195206662
1499684341449904137
1505916361251475471
1505882236700315649
1505987662469111809
1506021423495585794
1505865278885871617
1506191147076575232
1505957320018345989
1505843881128120324
1499830906906890246
1505849383534923777
1505864216363864065
1505959172235485184
1505923522996183043
1506024355725144064
1505911256280186881
1505911864873656323
1500590889663672326
1506588879570280449
1505840842354872320
1505896146740428804
1505873031721361408
1500963517503004677
1505952350414024707
1502642106531205128
1506045556975616002
1505901005208178690
1505847459641237508
1505980222000218134
1500535167479435269
1501546626019901443
1505857986211860482
1506351283757846539
1505852645671686145
1505843411030618120
1506008303692050432
1504235158437834755
1505962666942246918
1505841416139911169
1505854285162156034
1505843317438926852
1508278725892362253
1505876669260701696
1505869425395838976
1505846439779385345
1506278562780876810
1505898288427511808
1506017078708473861
1499529768303271938
1505887519770095620
1505841959809785856
1505912317149687809
1505951687424589826
1506069091618115585
1505855229769703425
1500229678426116107
1505958562962444293
1499545412369321985
1506012413878943747
1505886912640425986
1505870298033405954
1504834951878950933
1506033199213948931
1498638053467959302
