1613196435490488321
1614495654025498624
1611664004115464192
1611716459545100288
1611461917981155345
1615857941986578432
1619613528968826880
1613933690127618059
1614096301477478400
1612826920072134657
1614995403254165504
1611748605823418376
1612553290788777986
1612833970097356801
1619774916466991105
1619832589329768448
1611791342400638981
1611517757211791360
1619917125736620033
1614255680822693894
1611803645267349504
1619979421741645824
1611352328933900289
1611673407652773888
1611818627828940800
1611677926659088391
1611729523883532289
1612447665681317888
1611442758056816640
1612133714284224517
1611793806768193538
1619749233032306688
1611770858095116290
1611441774270025765
1614638543636152320
1612405775497830402
1611678265155981312
1611718069893697538
1611485752411541525
1614295515490881541
1619856117399695361
1611754286995619840
1617932293821313031
1611767896190984193
1614641863650332673
1619619427775029248
1613144134084186118
1612143502560829442
1611301434858815488
1619926341784342529
1616558960131313666
1612024191766913024
1619746678994792450
1611871454626254848
1611387514803322884
1613199775419047937
1611798107439747073
1612026403762864128
1609682458022187011
1611812357365268480
1612451021095342080
1614581239674986501
1611981486441234434
1611833395805360128
1617395717366251521
1611723177293500416
1613238939053088772
1613954552398581779
1611507823770320896
1614698197846470658
1613960536667947008
1610006436628791297
1610138117658349577
1611741009070723072
1612376469539524613
1611790438205095944
1613464259450777601
1611748477096103938
1611712979426488322
1612906606475329536
1610627981248004096
1612834689663881218
1616068876466544640
1611326878719115265
1613998116935708672
1611659883065081857
1611286343866359808
1614817799527972864
1611269283287277568
