1192119666358898688
1191443106496954369
1191484342968733696
1191360031343689729
1191416093207932933
1191378358443106309
1191415784146448384
1193664431785463808
1191358670665388032
1191355742898528263
1191435371822952451
1191363408844787718
1191361229618630659
1197893869163208704
1191361725028806657
1192449978146414595
1191380265316372487
1191364004654014469
1197259834141351937
1191394593562136578
1191353900294688769
1191670718439837696
1191437781312167937
1191415330582740992
1191414054264463360
1191406159024013313
1191363642031329280
1191393479034888193
1191364140499132418
1191419828579508225
1191362783041982465
1191363350611070977
1191451519679434755
1196030002300624897
1191452476530147330
1191355022719799296
1199057168101720065
1195236848274157568
1191545861169467392
1191355068454461440
1200803144789303298
1191371162166734848
1191357228000927744
1191545920158150661
1191753288221446147
1191354234027024384
1199790695508303874
1191372474677678080
1191378152452481025
1191393146585985024
1191453138315874306
1191363605192679424
1191376799944642560
1193688641534599171
1192246253956083714
1191545609490178048
1191358396668219392
1191355049341001728
1191450273920770049
1191753193073590277
1191415911204499456
1191358880078585856
1191754670701760512
1191411096869056512
1191354168021262336
1191368780301176832
1191463079441260544
1191457985580687360
1196781430614966273
1191355226076438528
1192834352813662211
1191451550763360257
1191355871240040449
1191430414084313088
1191433183927185414
1192934627247316994
1191353714277310464
1191397046449836032
1194542641393930240
1191110514824433665
1191379798033129473
1193645544075194368
1191458752781803526
1191545555207544834
1190678443194814464
1191361285746769920
1191451563161718785
1191037131688497152
1191378510369214466
1191370107873906688
1191375602516987905
1190374956762312705
1198738257800040448
1191460218120613888
1191451299583287297
1191396165855711232
1191545524308107269
1191410411918307334
1191545748174839809
1198173204843520001
1191421033133301760
1191361988246614021
1191108007251382273
1191451658523426816
1192471249227853824
1191367811341393921
1192083389622423552
1191408065016455168
1194614791593189377
1191368496665505792
1191612923359191041
1197261570763579393
1191773658005594118
1197943776452468736
1191450305008930819
1198607343778516992
1191436369136160768
1191395570851692545
1191419891116437504
1198738239336714240
1198583184193134594
1191470868251250689
1191466678040879108
1191612945337405440
1191381678616236032
1195416590067601409
1191359631773360129
1191369619229028352
1196031434668032001
1191613075310415872
1191406804498092037
1191405991528714242
1191366951731372032
1191545562358788096
1191612859043713024
1191361296530395136
1191358881508872200
1197108153248337921
1191449514533629952
1197040154579472384
1191462540628373504
1191366223541473280
1197109314009411584
1193513859669254144
1191592241149726720
1200035750479355904
1191753454152232962
1191470752815570944
1191457627659816960
1191367605652774912
1193689131639066625
1191453219651817472
1191545548148559873
1191357581098389505
1198571851242463232
1191489837771165701
1191419320649297921
1191374458163998721
1191354996413075457
1191383942458478596
1194542691692011521
1192142045533659137
1191404315963019266
1191363367279177728
1191379181420056576
1191358874898632709
1191354686718316546
1191436597281071104
1192401011551457280
1191354932642942977
1191358313855901696
1191430760240177159
1191451574217986051
1191405772422438912
1197107883646836738
1191363382458355712
1191357085935710209
1198607408936947718
1191380785112190981
1197508599653777410
1191379868111572992
1191612963372843009
1196038161031413767
1191222035919331328
1200507905717481478
1191361365941903360
1191606946069135360
1191453365655547904
1191371876767084544
1191833192631865344
1191361276255121409
