1013328177442316288
1019451605882679296
1013542491499450369
1019570911714926592
1013483427973263360
1013417481418010624
1013325431628619776
1013694823944146944
1013333206974783488
1013314612245204993
1013488966656516096
1013450039354683393
1023743716987756544
1019479552165376000
1013420726563622912
1013391116635377665
1013375035493535744
1013369679342178305
1020710295763914753
1013406932965699589
1013304571651874817
1013328844630188032
1019273207784845320
1020758049911386112
1013528288466227201
1013312842701910017
1013289171555946497
1013215121412427776
1013452859696996353
1013441018136596481
1013556202016526336
1013381261732270081
1013321097721405440
1013508421121953795
1013300076414930945
1013356444576616453
1021671704450486272
1013378473723875329
1013289104166014976
1013344596393328640
1013401972475678720
1013369855469375488
1013351662390530049
1013425990301777921
1013330176191672320
1013455792584916996
1013373515691646977
1013464621213241344
1024297911457402880
1019582065791111170
1013499130633687040
1013887924398641153
1013428190663073794
1013358048696467456
1019613419991912448
1014161932339830786
1024046142466793472
1013313586037436421
1013680654343647232
1021708403905839104
1013239301579165696
1013431142350032897
1018997513074937856
1013345666196701185
1013398087782600707
1024343890353115142
1019584157876457472
1013222974663602176
1019836737831370752
1019574569902968832
1013396730044469248
1013223376968699904
1021138314903150593
1014552268937613312
1014258143885451264
1013414970061737989
1013363657760280578
1013313421297770496
1013290884983648257
1013912013712609280
1014027699311009792
1013360726277349376
1013436872700375042
1013413693181308936
1013396980905795584
1021705411261603840
1013346505124732929
1013416787243929602
1013388492276191232
1013358887989374976
1013304343053860864
1013843883921461250
1013311424460967936
1013463089877078016
1014138204755316737
1020729625700429824
1013300819163275264
1013300187857608705
1013352045250834435
1013849781066661888
1013405204878909440
1014467050960498688
1020760611330887680
1013358182423564289
1013433343214587905
1013337286904344576
1022165180845903877
1013407597163110400
1013355773567668224
1013902475345219584
1013494812136308738
1013485631643832321
1019261464987734017
1013499744742600704
1020727799647297536
1013929044239441920
1013414219277111298
1019313927883239429
1013484387298660353
1013356233103945729
1013300556893474816
1013338550144782336
1013309987068792833
1022062158115418113
1021806001211748352
1013516248695570432
1013397339812360192
1013281487750385664
1014210827312947201
1013760935662678022
1021674393645318146
1013361908194439168
1024349476729880581
1013395911358197762
1013392100627550208
1013448589345947648
1013322080618733568
1013541799632269312
1013350859302895616
1019503666754215936
1013381826482724864
1013420777083998208
1019903136117460992
1013419684065136641
1013472002022281217
1013340282291617793
1013211993241776128
1013306273234812928
1013366287525871620
1024286197890404357
1013223765038288896
1013435588274515970
1013343420855832576
1013304766766747648
1013550047152107520
1013289459956273157
1013448598212751361
1022090602077474816
1013387955724005376
1013887629790797824
1016783380728504321
1021721725606809600
1016672146045702145
1013405883936772096
1019466820573716480
1013446939399073794
1013322254976012288
1013292784755920896
1021668129389334528
1013733378296827904
1013243928307535872
1013376185810735104
1013548711673237504
1013333226646056961
1013333251379867648
1013297412272721922
1013379497469628416
1019593708784816129
1013363081760534528
1013336246289133568
1013453023882997762
1013449025398493185
1013356607026159616
1013488321081864193
1013421721838391296
1013333991804559360
1013362282422677504
1013215749635280896
1020709507796643840
1019304802029891585
1013417588053958657
1013444246630817793
1013364582780489728
1019528068933783552
1019470272859136000
1013361955762049024
1020711069889769475
1013282706812227585
1013490239745163264
1013483660744495104
1013372411356512256
1013416231653736448
1013668925740126209
1013412937548095490
1013347590509907973
1013299589204635649
1015152674025680898
1013434506852950017
1013358519217770497
1013734086320455680
1013364384935104512
1013347829664886784
1013335277258137600
1019502362791116800
1013360291579604992
1013362601844240384
1014453927604080640
1019609877734416385
1014428847616483329
1013467771072602112
1013412698061725701
1013392271348248576
1013346152362708994
1013452712166510592
1013404679563300864
1013385421663981568
1013435274213421056
1013264704024776704
1013514865682591747
1013360414216871936
1013223135733272576
1013353914010349568
1019555123452923904
1024040821572743169
1019738646239473664
1013310774125752320
1013298548979494912
1013403045353476097
1018895125496426496
1013322275507064832
1013311646075424768
1013504904151945216
1013322291508334592
1013553273557671936
1013277848851877888
1013363583118397440
1013355502896631808
1013309473446924288
1013721369769644034
1013360448786325504
1013414569874788352
1019805585972387841
1013391777238278144
1013261681806409729
1013298721738674176
1013358832402227201
1014327388048633857
1013422297091395585
1013538897345830912
1013343858682363905
1013312805561303040
1013359407701331969
1014543594588434432
1013274778285854720
1013491148336312320
1013633723554770945
1021887624720654336
1013405492260073472
1013211247448395783
1014595663106060289
1013910735146110976
1013492365569544192
1013427172751667201
1013454040804610049
1013403111493431296
1013239631670898688
1020911427895406592
1013301250388103168
1013402536462647296
1013337683882577921
1015124423165308928
1013383480837734400
1013351929660035073
1013360730723241984
1020642554449137664
1013354657207418885
1013329002424086528
1013323588449992705
1013692104281870336
1013486861774450688
1013357585792106497
1014428869061939200
1013353266170744832
1013527032817385473
1013566965129019392
1021756329222975488
1020178530645303297
1013526219663511552
1019983688749240326
1013395869180268545
1020790665687568385
1015186103060463616
1013901893666516994
1013321671476998144
1013342887856222210
1013265483846569985
1013338619967344640
1019343196848041986
1013316223919120384
1013809045252247552
1019343581864226818
1013369477562535938
1021820620273795072
1021023729067937794
1019648435929088000
1013237396295561218
1014124360943140865
1013551245406195718
1013500161211928577
1013316133888430081
1013525239047835648
1013363372908302336
1013422180078702598
1013317860150665216
1019941801510174720
1013298867142569984
1013303676297994240
1013451448800235520
1013541463861481472
1013684206453616641
1013340809452769282
1013320102471663616
1024045245766545409
1013438277892927488
1014592581198630914
1013231641224007687
1013366553839128576
1013663090733404161
1013466333835595776
1019497081273311233
1018172047837589504
1013328381839138817
1019251474868600832
1013548049396830208
1013322652839219200
1013435265539629056
1013378977208197122
1013389863276761088
1013465461193887744
1013332345250877440
1013821842837078017
1013770845356019712
1013893185771393026
1013313442676137984
1019473163082784768
1014421621606699008
1013312528548552704
1019573537873506304
1013313347796832256
1013364003563819015
1019576224216215552
1013281314806620160
1013367543195754496
1013379309241798656
1013908962025013248
1020236399654719490
1013342730737606656
1013315093717757952
1019508662258339840
1019339417494937600
1013380917610663937
1018579570289717248
1013438747222921216
1013379080203460610
1013350172225662977
1013340676338176000
1013227204329779200
1013321392455061506
1013393922859692033
1024042281056260096
1013216718297157632
1013311069027209216
1013251523722309632
1013397340575674370
1013372459112980480
1023496950887448576
1013327901373140993
1013445626263195649
1013868381492203521
1013429440930512896
1013359064649273344
1013497158975279104
1021711504587075584
1013307013638615040
1013403046762700800
1020923556677513216
1013460795622031363
1013360306612064256
1024039651953319937
1013461475745296384
1013326074753814529
1013329389122138112
1013779942033821696
1013216441074704384
1020763880035897344
1014456654425882624
1013318914699333632
1013433941708206081
1013341945542926337
1014376990315429888
1013704907520700421
1013450815648956416
1013473640711708677
1014128424091373568
1013906771084238848
1013387691034071040
1018096059833253892
1013326419936665601
1013301773501652994
1013822780037566465
1013774400846532608
1013366230722506752
1013361918369828864
1013473628699193345
1013503510502047744
1020758287040614401
1013350297752801280
1020771837138079745
1013322811841097728
1013409818919481345
1013423329640935425
1013282027955683328
1013353695302639616
1019852305686986752
1013367989893320704
1013319679132217344
1013326975753248768
1013475897847009281
1019634079250243590
1013305779238121477
1014448002684149760
1013388122715979776
1013248273602306048
1013433590229733376
1013320811602743296
1013559542091845632
1013368646683512833
1013316735779459073
1013378814272000000
1013289483867951104
1019506926395289600
1013256156435898368
1021909415018950656
1013422417627185152
1013313223175606272
1013327903117987840
1013376056873635840
1013470228108496898
1020004850095001602
1014015829569044480
1013428704507318272
1013391594693775361
1013358718254288901
1014039195080364032
1020758555438264320
1013557370897739777
1013357752998092800
1013318209955614721
1013218007508750336
1016761811503386625
1014376598454329344
1013457853863034881
1013225062453870592
1013317805343694849
1013382546523123712
1013442127748005889
1013353835258105856
1019436794557890560
1019786263103238144
1013408357665951744
1020434577645502464
1013293240420888576
1013308090932973568
1013484450729119744
1013378028930560002
1013423021321785350
1013452275807813633
1013359589495050240
1019706249049460736
1013435074082205696
1020827032404602880
1013500023450013696
1013431245693480961
1013322444847894528
1013340793317150720
1013418158999384065
1019506976068456448
1013402477453070336
1013281563537297408
1022779547459178496
1013449946253742081
1013410032967438337
1013421831796199424
1013360521335144448
1013296829541347328
1021988429817688064
1013419486538543104
1013412621981310976
1013344130058027009
1013358426011914242
1013537593626124292
1013336445615042560
1013675807330439168
1013398920435785728
1019540771266093056
1014147431519399936
1013364776947388416
1013463506082062341
1013419618776559616
1013362484936433664
1013358650944118784
1019329981145604097
1020760449850269702
1013277220725456896
1013523299597475841
1013573778964656129
1013371702926102528
1013473863693316096
1013408969468112896
1013500122636914689
1019578103197306881
1013434981379690497
1013910175860871169
1013326147529134080
1019471152190754817
1013765861906272256
1013529746146095104
1013423363061174272
1023695165712687105
1019935984295796741
1013332496002551810
1013352525737742336
1013315457573670912
1019479279808237568
1019504879830749184
1013309488043094016
1013415723975266304
1013359765794250753
1024197500620742656
1014477008183681024
1021499001508651008
1013406610302087169
1013310482298621952
1021716718706728960
1013450444415397888
1013362229213843456
1013353146528227331
1013407805393506308
1019570394368479233
1013383381206396928
1013873886075719680
1013308888546971648
1019304998985981953
1013241906296475653
1013418295691829249
1013334681025220609
1013342308895424512
1013379311133478912
1013283854659014656
1013432962841538562
1023727604031991808
1019839443203653632
1013848628509757444
1013464960171761665
1013407109789175809
1013338830617923584
1013248262344724481
1013391121458876416
1024299756007378944
1013315789158600704
1013301131601154048
1022062719942488064
1013363627007586305
1013321977124319232
1013399924933824512
1013535058907533318
1013329210964922368
1013427028887031808
1013392796290633728
1013362828558917633
1013317220238282752
1013323445202030595
1020760836137279488
1013308059865812993
1019329776362893313
1013552673860317184
1013463920533803012
1019253641692286982
1013358468974219264
1019222388226043904
1013351311679655937
1013341910637924352
1013398264207609856
1013247117618446339
1013798900078141440
1013474621667053568
1013381066101489669
1019477725881528320
1013348368788189185
1013337059954749440
1021667913839849472
1013434233740845056
1013587804935393285
1013457078361436160
1019572663293968385
1017787176124342278
1013685288282009601
1013347424658747392
1021681190636593153
1014115739853381632
1013471908342435840
1013348977385902080
1021904678102151168
1019506065166290945
1020724530732466182
1019910652222205952
1020752036789391361
1013409073319104518
1020708443299237888
1013419776574742529
1013538724469202944
1019265399316189190
1013457361988702213
1013419410537746434
1013253515890880513
1013424648468533249
1013419618705264640
1013407291343888384
1013277631012274176
1020317002215370752
1013459567617937408
1014135099221258242
1013416798157524994
1013353690739171328
1013541614147514369
1024387729814171648
1014445738187808768
1013348531858477058
1013323812753084416
1013484476821917696
1013485169704079360
1014056332452941824
1020789928299565058
1019675135844995072
1013429216287903744
1013435667634966528
1022524509973368832
1019569254423826432
1013538157139234816
1022011313218826243
1022102442601840642
1013349755026575360
1013349109648982017
1013318276276015105
1013409459325095936
1013341235908612096
1013384394998992896
1013473938469507075
1013484622926184449
1013399773334908929
1014152068100186112
1013421206735933440
1013332444802617344
1013307599440269313
1013420655633686529
1013415500674715649
1013415681390469120
1013363830422941696
1013343755263496192
1013802435213713408
1013842889091305472
1013431031045685249
1014749970799517697
1020189554136047616
1013308082682847233
1018217362753978369
1020759234248658944
1013740766605307904
1013449892444844033
1013370809283465217
1019990972233547776
1013309526857191425
1014257892399157249
1021805473845133312
1013533684283203584
1013377802970828800
1013311723741368320
1013303053867474944
1013399194525106178
1013458915504291848
1013299516047527936
1013302389493960704
1013338189115854849
1013418623573090304
1013322606785847298
1021717353975955456
1013310988572119040
1019612438193410049
1013363979178119168
1013761287535423488
1013223504035098625
1013233480589864960
1021467148709920768
1013540753757351938
1013348802827374592
1013435522537197568
1019849665993469952
1013401927747596289
1013283986335027200
1013434696397737984
1013360687442259968
1013298084124745729
1017786192539148288
1013437377526804487
1013378140016660480
1013246979101679624
1013427745391546368
1013210597976989696
1013530506514829313
1013336178156818432
1013372344637755392
1014108045742354432
1022103647122059264
1013362381215461376
1013243962923147264
1013316088736681984
1013685585674952704
1014268574872100866
1013369758182510592
1013341652612677632
1013310093193043969
1013334216363429888
1013310502187958272
1024344630048026625
1013361145011408897
1019459083206832128
1013906931696721921
1013296560124448768
1013406246173577217
1013326720739495937
1013554079870660615
1019459606324678656
1013407175404859399
1013365029687750657
1021030063217799169
1013458365664686080
1021496714744741888
1013563816037306368
1014577127855976457
1013327674067030018
1013228133863100416
1019676258437869568
1020709307392946177
1020367858977640449
1013565803743076357
1013470869480501249
1014152415665446912
1013331153401638912
1014023732598333440
1013561664518721536
1013314287039930368
1013386177209159680
1013223757845028864
1019688449346035712
1013322318192488448
1013364028117221376
1013380093681504256
1013313734138265600
1019996731944128512
1013213826253279233
1013362196896731137
1019857877618569216
1013691100979220481
1013332585437646849
1013305759814377472
1013420331921334277
1013307607405285377
1013329584874512384
1019293632258551808
1013387014773903365
1013476722363326466
1013745380058640385
