957022288204808193
956254137355767808
954746464282071040
956074497249021952
956121380302544897
949240755129810944
956298255771602946
956120339116953601
955622564390465538
952546945725321216
954383594256060417
954733195362275328
950086860411371522
948143452960772096
956842768608976896
956259304658612229
956631609960263681
950117884478590982
956880877031653376
956726843054415872
956119403237658625
949810847848783874
956415345526439936
956123892107698176
956153198342963200
956282798653915136
952516677027147776
958779353025871873
947728700119965696
955802679061618688
954755367329812481
