1360976225355890694
1360553786234834944
1362541976713912323
1364307090966208518
1360676233156186112
1361074463899582472
1360608153352757252
1360340146030317569
1363666655839158272
1360861983147503618
1360248074338238465
1356358255925223427
1360686713899790336
1360673626115178497
1360363297695006722
1360180708396978176
1357823982582575105
1360724894158315522
1365711419447119873
1361217374414921734
1361727391605936132
1360564412386586626
1364371034812649472
1360713464927428611
1360565198537576452
1364588103281729538
1365681884005625858
1360996596167671808
1361424386834767877
1361087540724400130
1360938187598757891
1360714362437197831
1359580983041884160
1360720898928566273
1360679402036731906
1360674881663336451
1365696429466005504
1363257137447723008
1362135822821171203
1360557143452250112
1360539487202406400
1357017280639549440
1360634201066864648
1358881644158070786
1360730019002163205
1365267932155174916
1360674707545194501
1356363773964115973
1360686460626743297
1361343806508064769
1360558498199859200
1360674655636439045
1358891215886962688
1356619277298712576
1360860373553930246
1362104546533797891
1360720996018323461
1360668717785440256
1365811072842821633
1356602930980417538
1365710799998758916
1359546336979345408
1362511660590784512
1360329467374239745
1358868647654137857
1364940440588464128
1359126916784087040
1356529887985696768
1360243588970471429
1360589303471087618
1360860275499491329
1359790456834523138
