1205904573736652806
1206003714147987458
1205997235256905728
1205966423648088064
1205924866370818049
1205923777584017409
1205875424338882561
1205799964204556288
1205784052579651585
1205789356897820673
1205769364437446656
1205797298560753664
1205779859915583488
1205892673665740800
1206002089706631175
1205931441378512902
1210853272157855744
1205784538569412608
1206007425372954625
1205822393408729088
1205793051874074624
1205944639632629760
1205818116460204032
1205904776422199301
1205787242519764992
1205956788388073480
1205805226340556801
1205881788058472448
1205885599519035392
1205797846672392193
1205955902282579969
1205804999315533824
1206440562162880512
1205937835481677830
1206011050296061952
1205953415785910273
1205833078922452992
1206165490395168775
1205780602403860480
1205792342852157440
1206153010969219072
1205826973362216960
1206161614803808257
1205776145909780480
1205882881912066054
1205955487700832257
1205801907463315458
1205965302149918721
1205981486643593216
1206233623772508160
1205895356787105792
1205836040575094784
1205778876720435200
1205791261241815040
1205807716947632129
1205820395863052289
1205767557262856194
1205802624584433669
1205791013001760768
1205957466342772737
1205779858888019968
1205902321298890753
1206017968850841601
1205770094762176513
1205848557791666178
1205969174327107585
1205779259840770048
1205773822533738496
1206209455374909441
1205790662232363009
1205899638051680256
1205925951852429313
1205782193164996613
1205876495337639939
1210854211577155585
1205791847827877888
1205768837041442816
1205978016771428352
1205959774556303361
1206097936574230529
1205891628231282688
1206132854549352449
1205792807539097600
1205777820720541696
1205765318343348224
1205829557485539328
1205830573245313024
1205773008364806145
1205774186968432641
1205970097656991745
1205786845096873984
1205803912470634497
1202508812533583873
1205850887681380353
1205798283131662336
1206293573999759360
1205929493422125058
1205773085883940864
1205908597210779650
1205930547295469568
1205775881735692288
1205804388981317633
1205769910791680000
1205795774300393472
1205765840026685440
1207994767465963521
1205866988075134977
1205762647502860288
1206050398282403840
1205916927975215104
1205841602637418496
1205773661246021632
1205841745289916419
1205765679070224384
1205798458306813953
1205873343175569415
1207071641412554752
1205863562087981058
1205781384192831488
1206166361338261504
1205904733015289857
1205764811268726786
1205801399453442048
1205905962399350785
1205792807568498688
1206064301661966336
1205772612040904704
1205770126215266304
1205903106887880705
1205853069348671489
1205833411837022208
1205804123356041216
1205763522531123201
1206330708387663873
1205775021026742272
1205889913444548610
1205837787783684096
1205930607844478977
1205797119690448896
1205890136199827457
1205870300342181889
1205906241312169985
1205896976598028297
1205789453891051520
1205888896980209664
1205848131650424832
1205952053526315009
1205782340124975104
1205771741827665921
1205927228929970177
1205976735721959425
1205820696959606784
1205807800783425536
1205895834170089472
1205882755407585280
1205863212236918785
1206287453679689728
1205847053563318273
1205822519774711809
1205821598709829632
1205798413197074432
1205789762365247488
1205764250054070272
1205812361627668482
1205780164430438400
1205912145382313989
1205996961226280960
1206681535820292097
1210852418721918977
1205874423070367744
1205880099662422018
1206031334029897728
1206007306376417281
1205788121922703361
1205955157655207939
1205870662344151040
1205810843230908416
1205788524101996544
1205837342298247168
1205878240352583680
1205855440913010689
1206636826791989250
1205804631881867269
1205777993949425664
1205835859725049856
1205783470527647745
1205810398903095296
1205774771629285376
1205916355263901697
1205766536918638592
1205822012448481280
1205769461296508929
1201929906361380865
1205859435605827584
1205764434645401600
1205966937815158790
1206157067494600704
1205814351753613312
1205764404891000832
1205906396442697736
1205792838816018432
1205790055442341888
1206119256687026178
1205860418134126592
1205825416398815232
1208873883350294534
1205804709522673664
1205778925676384256
1206472642242498560
1205839897292148736
1206107134548750336
1205793946665963520
1205780468907544576
1206087963270103041
1205903962488135680
1205868757601665024
1205880351417131011
1205788548542140416
1205825265731022849
1205870908101017601
1205962789979906048
1205937140154142720
1205783162330271744
1205877346236018689
1205827115016433665
1205803631066386432
1205965443112022024
1205921841241612289
1205917279751421953
1206003041570299905
1206122937188782080
1205915241940471808
1205811151122182144
1205873737670778880
1206011121548890112
1205951687250325522
1205862619015516160
1205919823601033217
1205801113515102209
1204976905818189824
1205805605241446400
1205787957329874945
1205934919324749825
1205832521780514818
1205831371568156679
1206136739305336832
1205866522289360896
1205879529752944640
1205867912323641344
1205996792460054528
1205888949228625920
1205842782058926081
1205836701567991808
1205793027228344321
1205855481266343936
1205878513125019649
1206235741984047104
1205817548702470144
1205961023741673475
1205922043067277317
1205804353115828225
1205786574774054912
1205960134477983744
1205842856281292801
1205803513047072773
1205763604349362177
1205812144295620608
1205763148734763008
1204962955139436544
1205804765915029504
1205880210803089408
1205868217777950721
1210716834086842369
1205791134582214656
1205765903431995392
1205796069830987777
1205967143902294022
1205815958079778819
1206115234055897088
1205832625576914944
1205828731820036096
1205785814162182144
1206001076194947073
1205799177889996800
1205767210612011013
1205833290588020737
1206109496755535874
1205887991010463749
1205871906462863360
1205775706963226624
1205782511701377024
1205820808435769344
1202514936624230400
1205767725823537152
1205845244325113857
1205797884530171907
1206003865688137731
1205969210444275713
1205811666887335936
1205772841855131649
1205794496413388800
1205992900120723457
1205775849661829122
1205769064825659398
1205798386751946753
1205946796398256129
1205851646737223681
1205890717354283009
1210637025990365187
1205771896475836416
1205767683846934528
1205766296291487746
1206025525350846464
1205808785853419525
1205866123700457473
1205899837356564481
1205765175963463681
1205960039279804417
1205882727460945920
1205873273722036224
1205822951758737408
1205775192032776192
1205808463248576512
1205764795972116481
1206001818343477256
1205902382237933574
1205934186932113408
1205764697695358981
1205879602343763969
1205993656232091651
1205794164698468352
1205773684331438080
1205822362509357056
1205787353027088384
1205936934020882435
1205771056398639105
1205800354614521856
1210329461683609600
1206207570882580482
1205820391526191104
1205803149434462208
1205787514583298048
1205842777537466368
1205859613347848192
1205904754418814981
1205917950764572673
1205942324020367360
1205872945517740037
1205769358078881792
1205792253085724672
1205797938619994118
1205890605752160262
1205904473345921025
1206174310081138688
1205824624350650368
1206318394506727424
1205770227658711040
1205862222947332099
1205917092622585856
1205805711457955841
1205873527846514689
1205871690342916098
1205782003154599936
1205771693018533888
1205801024352591873
1205762660806955008
1206104664036564992
1205952652875649024
1205815705796521984
1205811326557327366
1205765802919694336
1205854888716058624
1205819919675338752
1205907327058108417
1205917152420749313
1205786125786320896
1205782545494953984
1205956578010161153
1205895635188289538
1205887405569564672
1205879992019763200
1205781416480575488
1205836176390795264
1205988827443138562
1205903034695462912
1205766613313753089
1205769851505119233
1205765999666106368
1205922243181760514
1205804188728537088
1205867019821895680
1202920490978992128
1205797757203681281
1205941479954366471
1205859408477073408
1205779908863102976
1206043811178274816
1205793359287275522
1205945377238716418
1205778338884866048
1206134891471089664
1205938024091201537
1205995460839776256
1205816025452814336
1205818673967063040
1205795301426110465
1205899270848745473
1205914982522793984
1205796038738620416
1205783573254545409
1205767509347098624
1205959218576134145
1203015705052033031
1205943642994688008
1205876842936389633
1210852778597376000
1205864253590253568
1205769513872035841
1205764759087468544
1205763779625177090
1206352592676237318
1205851097044324353
1205775321640972288
1205836018156482562
1206131367324590082
1205917622128259073
1205806182151180288
1205913305027620864
1205846461348556800
1205898250366136320
1205899788455157766
1207059618842783744
1205989249432064000
1205841330859118594
1205830862669058049
1205773705265262592
1205858883920683008
1205817199694364673
1205909691466952705
1205909030570536961
1205933424697053186
1205866403770884098
1205805637696925697
1205916856739074048
1205769744856563712
1205775408311889921
1206037194764410880
1205880679441059841
1205808976656576513
1205781931729850368
1205776341490159616
1205908973758681088
1205769356342247424
1205813993794871296
1205798033449005062
1201550478980583427
1205975063968829441
1205794637027385344
1205845010274492416
1206003846234947585
1205775891114016769
1205774489805565952
1205862022505811969
1205804567969046528
1205795827266002944
1205776863915843589
1205774162628886528
1205813565330010112
1205790896505196545
1205786095281160193
1202917573295247360
1205878377846116352
1202804086464221186
1205812370372734977
1205777521641431040
1202804133025193984
1205847901030760448
1205848532177035270
1205907939560697857
1205841242560618497
1205777190069178369
1205828027889979393
1205834445183475712
1205801248861102081
1205791706957914112
1205954298280062976
1205840089433223171
1209054099653742592
1205833963912257537
1205812089224409089
1205767816672100352
1205771285663551488
1205842403464286208
1205825349193519104
1205771108609380352
1205819697683468290
1205898091280424960
1205767254551486465
1205812093007601664
1205765104811356161
1205798758207934464
1205762704482406406
1205795030889312257
1205794975566438400
1205839659730948096
1205965372945551360
1205811026039595009
1205895970766180352
1205864785893613568
1205794242053967872
1205772463793197056
1205831849836208128
1205806944721784832
1205799397642133504
1205908774655086595
1205975077285699585
1205780348895977472
1205870516374048768
1205905136985497601
1205873662911557634
1205906715591479296
1205880873284964352
1205864277271367680
1205840754561683456
1205963973532762113
1205977940137259009
1205828175709843456
1205804925567012864
1205784591958716422
1205809063797366784
1205762939602509824
1205787305765752832
1203150922060308480
1205910905374027778
1206095903884480512
1206320223185489925
1205951715574460416
1205952961786060800
1205880611254214656
1205898621163622410
1205814721787641856
1205805353306394624
1205802701398953989
1205778112237199360
1205841310646755328
1205893140810473474
1205821368153124867
1205787991723167751
1205871682126274562
1205844754782674944
1205794571084615680
1205892316562677767
1205864971747377152
1209045560453451778
1205880505599774720
1205765342179594241
1205875644053303298
1205875466172801024
1205764924355629057
1205981510211375107
1205842510427443213
1205974464112017410
1205853249301098496
1206608479257079809
1205817688574038016
1205914959722557440
1205842521005395969
1206126014834843648
1205866845250691072
1205942298921623553
1206124841876819969
1207020681201963016
1205897248183390208
1205852625297661952
1205784844749418496
1205937639922307072
1205968155882991618
1205939871627534336
1205915357845831682
1205982436993179650
1210277313612591105
1205799517586698240
1205763061950406658
1205942012219932673
1205957872431054849
1205822227976990720
1205950699357515777
1206078676649029632
1205777576112934912
1205766914498281474
1205779069868089344
1205772163388715008
1205842707136098304
1205911645937119234
1206189651884687360
1205896062592016385
1206281724818317313
1206042753995616257
1205828507005333504
1205780597303644160
1205798119524442112
1203016868354838529
1205785019148652544
1205807218739830784
1205806178594373632
1205779590981070848
1205798262776750080
1205808418298171392
1205782260143841280
1205791926072549377
1205888679832625153
1205877297527607296
1205924799077326848
1205976468934811648
1205823468614365186
1205803993831792640
1206482851308408834
1205886589034991622
1205818833359048706
1212139744022474753
1205912405542416384
1205853074432155649
1205833880089059329
1205821865194852352
1205776723788337152
1205774888809762817
1205914756185501696
1205799575212167169
1205776374037958656
1205947906034978818
1205803339230990337
1205799386686672896
1206342983639060481
1205805337984585728
1206024030710648833
1205840790603419648
1205869175996141569
1205839206708318208
1205797505348329473
1205836883231727616
1205814720269373442
1205829913619685376
1206293215994875905
1205780108138762240
1205782757235941382
1205790661804544000
1202916242186788864
1205768412363984896
1205784695079915520
1205764522583166976
1206219305718878209
1206077928146161664
1205797752145371136
1205780238845841409
1205762757473292288
1205835852787732480
1205854475077988352
1205767258154373122
1204806543331467264
1208734173067980806
1205801337256128514
1205767639492104192
1205949840292753408
1205812614619631616
1205810594915504128
1205893715203645449
1205800496742711297
1205906290595287042
1205856814048391168
1206259455983280130
1205836285623050241
1205806932990267392
1205938791321604096
1205962643187609600
1205786208275709953
1206281629465006081
1205790682658541568
1205890988713086976
1205882047497228288
1205869885559062530
1205790763520536578
1205779854387486720
1204111342841532416
1205817477848059904
1205871823684014085
1205795441541074945
1205813276849901568
1205809054762881024
1205910012952031235
1208932098473635841
1205878358799790081
1205785135016218625
1202697025583796231
1205931098313838592
1205909749356781569
1205766587497799680
1205957073210683392
1205892592866594816
1205873311240118272
1205790999542452224
1205765627174105089
1205821409953492992
1205945652456435714
1205872502456631301
1205834081549856770
1205767599251951617
1205863872923615234
1205794463106420741
1208872986771623938
1206226775799406592
1205982761049305088
1205874591509491715
1205812441206206464
1205790708982005760
1205796948017594368
1205825323948019712
1205762590514860033
1205908005356802049
1205766378881462273
1205817132405133318
1205808210445250560
1205964067254472705
1205792378797334528
1205780844448751616
1205764867459878914
1205863811317719040
1205957757456863232
1205800410981777408
1205816567092727809
1206125200183635968
1210364664112132096
1205805091489484800
1205958007114391552
1205767707678760960
1205798914240270336
1205820411847626753
1205966854948315136
1205852775604801537
1205812316568215552
1205854054091567106
1205796909006434304
1205913140292014080
1205856870285684736
1205799551174615040
1205793688829538304
1205793463721218053
1205905467580526592
1205857120710729728
1201253690637770753
1205806207874797568
1211872560226459648
1209369381987332096
1205845616275918850
1205810275347320838
1205777899942547457
1205954725012787201
1205899799838576642
1205901334198865925
1206009485162139650
1205887976384929793
1205834592583929857
1206095822129119234
1205782546216292353
1205796742215733249
1205990931448684547
1205773282626146304
1205762608126726144
1206013434304892933
1205981833936211968
1205765586099331072
1205778290524467201
1205778577733693441
1205791138327728128
1205817372306747392
1205847124291796992
1205831041400877056
1205808548594290688
1205769100477259776
1205795684747792384
1205989661660909568
1205935851538133005
1205771417423433728
1205821076162465793
1205970023552032768
1211714862935691264
1205803007314726912
1205828543411818497
1205779824796676096
1205783584646270977
1208954574951899136
1205789781533372416
1205876336482496512
1205827819646980096
1205818495000289281
1205822596471775232
1205793048749322240
1205815612255166465
1205889298786136064
1205924183827525632
1205785396904378368
1205822211807989760
1205789847002189824
1205823316721840130
1205958672368721922
1205774147361660929
1206124048205451264
1205853719637704706
1205797069132369922
1205794372752678912
1205941273028440082
1205851957883215873
1205796819495772161
1205798520869064709
1205861669483794432
1205789439978561536
1205809917266927616
1205847380769353728
1205944415518363649
1206892421742809088
1205778714119852032
1205878441830162432
1205765638909771776
1206018566430109696
1205860011940941824
1205842053822853120
1205974562212630529
1205797069056806913
1205972689397178368
1205960820947083269
1205907628498595840
1205882369133166592
1205868641650192384
1205826824741236739
1205793855246946305
1205900276206645250
1205821824023638017
1205803992321839104
1205765672149667840
1205845545249595392
1205828863697272834
1205990006931775490
1205878982559830017
1205799980591656960
1205904707975307267
1206070957116395520
1205934882217713665
1205810065627897856
1206520640410472449
1206124552255918080
1205868379619368962
1205880769425690624
1205877730795032576
1205857023121866753
1205767322591514624
1205876258246139904
1205876200440320000
1205827335322296321
1205763056497758209
1205846582924627970
1205769029463527425
1205769401192112128
1205904524067651587
1205766072458207233
1205792514617303041
1205771858739650561
1205809558003888135
1202599868528807936
1205767642004512768
1205766964645388288
1205802621946212352
1205919318644527104
1210909209845551105
1205830523077251073
1205786793569861634
1205781283835527170
1205782109471854594
1205767403440730112
1205773622134104066
1205817525541490689
1205781017795141633
1205792209922068480
1205803327746953216
1205786187757182978
1205767447875399680
1211718796978864129
1205935250280456196
1205789829277143040
1205793295827447808
1205880970374762496
1205792183799963654
1205893733520150528
1205838575524368384
1205788533061046274
1205968068343664640
1205770050654867456
1206200579254566912
1205900235446378496
1205863165931802624
1205802979573555200
1205778110563659776
1202515122763304960
1205772627240988672
1205775931069140992
1205779010774540288
1205952825827766273
1205795829631590400
1205830521080754177
1205769981704769536
1205948371229388801
1205813743088742402
1205786174213767173
1205803311842115584
1205763949268021248
1205861776123998208
1205827941990580225
1205810250537943042
1205824773810479104
1206230721779642368
1205964209122611200
1205908130535792640
1205763504562692097
1205925082188656640
1205818713737515008
1205783524902604800
1205779045444702213
1206153777952296961
1205848434110009344
1208508479356452864
1205807011423608837
1206112014394953734
1205867198859882496
1205796362266316801
1206041510514438144
1206069592398934016
1205886854240841728
1205813870239072256
1205802449736478720
1206543085087461377
1205942565645799430
1205799704291876865
1205909963434008576
1203303692042166274
1205939740438138881
1205822957236428800
1205922557892997120
1205938771398713348
1205908047073288192
1205976064994004992
1205896325176410112
1205762904022237184
1205798522769068038
1205774658571841536
1206147373518471168
1206136656203530242
1205865123979694085
1205847345918812160
1205781576908517376
1205787978909573120
1205781492695220226
1205910413994610692
1205801699211960321
1205779264899108864
1206877820380692481
1205897655383183360
1205818991249428481
1205952162221756418
1205976330422099968
1205876573699821568
1205821472004067329
1205798055334891520
1205815555283935232
1205861985868488704
1205775565476761603
1205802612634861569
1205921369478881281
1205775616815095808
1205819989758038016
1205781569417437184
1205788373991989248
1205820035421351936
1205805049752047618
1205785151789244416
1205788356115927040
1205776486080401408
1205783935785078784
1206260443314098176
1205895612203511808
1205795862116388865
1205783271868633088
1205884290397081601
1206230673943650305
1205830106947690496
1205818403627376641
1205959015571828736
1205827440284782594
1205848174130343936
1205871353548681218
1206211547716042755
1205812561255358466
1205862156232798208
1205931562191208450
1205875639506489344
1210855456266215424
1204413824792776709
1205890893447864320
1205840101659627520
1205765253482594304
1205837390067224577
1205805551403388928
1205872647252430848
1205817416627970048
1205936941511905281
1205769281641865216
1205993178442162176
1205768054258487296
1205845042834878464
1205766634260054017
1205813734872113152
1205819603064098817
1205773968076165123
1205772974441275398
1205806978565574658
1205911990708908032
1205977495880839168
1205847375023087616
