1562582150846615555
1557650766415990785
1559556746691100672
1565071401186377728
1558411860927545345
1557757710464073729
1563096891193057280
1559888785168531458
1558160322019606530
1559508912994402307
1561052796404879364
1554070717582426112
1557882582091677701
1561861419620081666
1561380225438859264
1559558642784952321
1563439903815348229
1562104284606496769
1560368526925660160
1559979151133708294
1559566111334715397
1560049707350724611
1563644406934245377
1560402275650125826
1560059592398217216
1560181835065442305
1561837068384444416
1564954121286914050
1561245275099992064
1565033053864460289
1560532328706883587
1559099581287333888
1563915225778233347
1560260341484978176
1560382148892311552
1563991352438063104
1565090425173692416
1559542488540614666
1564989693523099654
1561281079675346945
1563273951697965056
1561113335269130243
1562144279258140673
1562200239317995522
1560293587572740096
1556727255220600834
1563884610731253760
1560167399420215297
1564976243015024641
1563138656080363521
1557739312132657152
1563552742596956161
1557814263640723459
1560980240280829952
1559543494741561345
1559485375348965377
1563254086082117639
1557762347753783297
1557895418457083904
1559478223242756096
1561308054896902150
1564131633229402112
1562873618970714112
1561273017921060864
1560173558092992512
1562873172143194117
1564353821911965708
1562150900445155328
1563487986431406080
1560721122651422720
1564361639385866242
1563313049075089408
1560371732896178176
1561036466871992321
1560347848587223041
1561426484786614276
1560353539221774338
1559521426301980675
1561052754696708096
1560720201561550848
1560260961319075841
1564214881636782081
1557957921585201152
1562378141477179392
1564332482140463104
1560673980461510656
1560529693048176642
1560687563668684800
1561023843942240260
1555252339862376451
1563280636756242432
1559490394970275843
1560628764190679040
1559671435093856257
1561037935859957761
1563826279920590848
1561275680226217984
1560747383990132736
1564209141815644162
1561011404722814984
1563552453814935553
1560415171520118791
1560390521180266502
1561772049714102276
1560255253953613824
1563454273425326080
1563280225731244033
1557293598550495233
1561244418564411393
1560715286780821507
1560032521215172608
1561977112655020032
1559571156117716994
1563341862127435779
1560752734592180227
1557746589346717697
1563516329520312321
1561959234740396032
1561374865340485632
1557714770547146760
1564967336062459909
1559555918479646720
1563511838952030208
1560689337129467904
1563483919923970049
1557726979050258433
1560145541169905666
1563270054674075648
1559559756746039296
1563261345063383045
1563280605457960965
1560691929020506113
1563779378181509120
1561269922294030337
1560946320621375494
1559987894072270852
1560736416380112896
1560002413951590403
1561273828847878145
1557814964055953408
1560188551647617026
1560345457179721735
1559909587486138369
1560653901934006272
1557798583667245058
1560967033034096640
1559523041541062659
1561277637254848512
1557830364177043458
1563109520964202497
1560064592667373568
1564209075935649794
1562210579800068097
1559437485289226240
1561322723686715392
1560663648829333504
1560234117408722945
1560268728893247497
1563420751239163905
1560706536355364870
1559909555127066626
1557727425731391489
1563459489704996864
1563286740634218496
1559149022065135617
1557083755415740417
1563459824691875840
1563577820911403009
1563548347629473794
1561287935990931457
1560731126041395201
1564349264058269700
1557692809028698112
1559678161994014722
1560371155739049985
1563271718252122112
1562054952071176192
1562436938657054725
1564848433877422081
1562195954219958273
1560743013839958016
1560648671490093056
1559494328682160134
1559866685506699264
1561811285779652609
1563884246653181952
1561829686673539073
1561869386759151618
1563461991079247875
1564193409866383360
1562992243547377664
1561272958592630784
1560344450433523717
1557769225497989121
1563427445529022464
1564647774636965889
1562377448364601345
1560562275236188161
1560250020296802305
1564350688687230976
1563656842307420160
1563432043601485824
1561956374841593856
1561257368314384384
1560008293761835010
1562873648561524736
1559840884484628481
1561634767556190208
1559191605206188032
1557064755545870338
1564212526656933889
1563453277693284358
1560194601822167041
1564007150623531012
1564993020629508096
1564960433538310147
1561633703171969025
1563771619591462917
1561047243540627463
1560530095869239296
1558024769810927616
1562873111405506560
1563415626453946370
1564665962732953604
1562804495272185857
1561829117598879748
1561070815919095809
1562941303125524480
1564383809470095363
1561299354002100224
1560700032713637890
1561051124274176001
1556318745592832002
1563569129994735618
1563280222866194441
1560348893438775298
1560643420955492353
1563788795161546752
1564953286024826880
1557731029787389952
1561392957999177733
1563984318392897536
1562076868265877506
1560011103010279424
1560692789490249730
1563491615083155456
1565046730420371457
1561106570582396933
1557973612950392832
1561683231543627776
1560940186292420609
1564976221540257792
1564651622118166531
1561249934111903745
1561359838181036033
1565025873635442692
1561829886263689216
1560641687634022400
1563569846423789568
1560662048551215105
1560349163665211398
1564539586247811073
1564951604821987329
1561362354524266497
1561462536851148800
1557845412106706945
1561027041084035074
1559541891443691521
1563468680339398657
1561231976002191360
1561959195326521344
1559454943928631296
1562201461320196096
1560729266802892808
1561441987005485059
1563009070449115137
1559511911368212480
1560689518440812547
1561360336711827456
1565071349286113285
1564357739698167809
1559613527740088321
1558511214585602048
1557879578101571584
1561959801256558594
1559642409616773120
1561301779328933888
1562516913607278598
1560036079134281728
1560216707490365441
1561859487769796608
1561321229927301120
1564983048017481733
1560912054814392321
1563433346364887040
1563548359541297156
1564208704597237760
1563397784559947776
1560962136863547392
1565024383843926020
1563469729880166401
1560691072388534279
1557739760390508545
1559464716480675840
1563788863558017024
1561250963125669890
1560542511973781505
1564653590832087043
1560175079987810306
1563270600986341379
1560689444264595456
1561218712555896832
1561274224706191360
1557816915430887424
1559438138241679360
1563143023902408704
1556368804774551557
1560704169820016640
1561333843092578304
1555429342959865857
1561004393067061255
1562144852242038784
1561025748588273671
1560285475495190528
1560175689562816512
1559447699660935168
1557834794632974337
1556683403138826240
1564962585514053638
1563483994678628352
1560651816957788160
1560369269531152386
1560687403735695364
1562195082828075010
1563305258704482304
1559558497964007425
1557737014237474817
1558031721286848514
1565078613342429188
1563303094804709377
1559556374220181505
1560687841654452224
1562471614511403009
1562211716959723521
1562789094119260169
1560663859207503877
1563248718098247680
1560584379822489600
1563993750275334147
1560490656417697793
1563398813741912064
1560177087859785728
1559136333280468992
1556966709898215426
1564029461036687360
1561041722267803651
1559461294482329600
1564648428696731648
1564989255977402368
1561044712974389248
1560349419530223620
1564705187540992002
1563487063768711171
1560746222490906624
1560966574395236352
1564979825982439425
1563561588665118723
1557709602753486849
1559888345379049475
1563453121401323520
1564982521665822723
1561388497306533888
1560185520512290816
1564975495342694401
1560999106444754944
1557751507226877952
1560199029522399232
1558895957223395332
1562873232289501184
1560371022968328192
1564617289906982929
1561667812472545283
1557867494710382592
1561281896528617473
1563588425239781377
1564961828807102467
1563229159291203584
1562963309086724096
1561834615400194048
1561060000872677377
1561437836263526401
1560032265836666880
1559819883092889603
1557061685466349570
1562873681424285697
1560360153991487490
1559204301548945408
1560172925902258176
1562897046062829568
1561123285550727170
1563269585125552128
1560372553121779712
1563227333208592384
1562867234909069313
1560321144108064769
1560725764147843072
1561833325408526340
1563836172727640064
1561285139971325954
1560794798394687490
1558912141398360064
1564518015814832129
1560802840393781252
1564006984378105857
1560252951549075457
1563245805703610368
1557735524139671552
1560213466845175810
1560370539746697217
1563401569650872320
1561371684158017540
1563343683767808003
1563613420993355776
1556534799673745408
1560973364465995776
1560354138831175681
1560525404259205122
1564676445640728580
1559618754115428353
1557853293950410752
1561272882927468544
1561367147468783616
1559535250111401986
1558053779093823492
1557836170234675200
1559529286687723520
1563363890909818880
1560663373578403842
1560436034038628353
1560514766917058562
1560256196212207616
1560335856715632646
1560546651206467584
1560437347317157890
1565073540956798978
1564124355516309504
1563861633331564546
1560550246723330050
1557867457645146112
1563483680504291328
1563160343417061377
1559507665075818500
1560185900365238274
