1587786688775979009
1590730892800307200
1596899154546274305
1591889634606325760
1589806335172177922
1591182727394754560
1589483398367948800
1594265171136221184
1589139045682393091
1589155015033511938
1589905034774339584
1589609334337548288
1591438683248336897
1590968967560302594
1593185200837910530
1597533987756716033
1590065190766198784
1591196628563931137
1590976976658972677
1591439918391529473
1594098406720348161
1591376761643618305
1589658553266368512
1587762846548598795
1591438522753617920
1596946449438507008
1589962658127966208
1590977355279110144
1591440825191649280
1590259086775316480
1589277715970281472
1594252318941188097
1590844872365572100
1589646009365561348
1589180247370780672
1593960015244988416
1595819177985691649
1595090747321098242
1589862780277993472
1588204630583951360
1595730674782244864
1591432892802076673
1589378689396969472
1588164373260177408
1592578409917722624
1589399427596570625
1588285910852186112
1594323733031927816
1589247090323906560
1587591502070521857
1597059260688789504
1590156927354671105
1594073821220605952
1591172160416276481
1592788609907974144
1591438868557230081
1591122592773320704
1595820736345960449
1591282106180993024
1589724866751893505
1591439446679130113
1594095676715057153
1592578449608413184
1591442245257138176
1587772740144087042
1587930651474669568
1591165101385842688
1590854202208964608
1588955602415669249
1589688787394695168
1591509960374235136
1588335294629412864
1589701103247011841
1590049757271293953
1596629229667766274
1591308985419776001
1591441942440808448
1590287207038087170
1590049963064840193
1589275582478835712
1592879519580708864
1588343310628052992
1588248098119176193
1590262755646668801
1589672041502109697
1590737346151952384
1590049840817639424
1591347434797441024
1590072421821710336
1587358034556325888
1587588438064234497
1590286855316340736
1591195965775831041
1597336058789666818
1590322898073706496
1595730208262590464
1589507633278464000
1590417295247314944
1591282068369309696
1597807289326776320
1595500886498938885
1591333649429192704
1589898523604291584
1589347890086174720
1587612104617562112
1592523844056936452
1587555934393483265
1591443198769233920
1591198894683475968
1596440558058475520
1588335685253095425
