1455991714393567235
1455993348272099329
1455970156723703815
1465243139535511556
1457290071326040064
1455219832996179971
1456275441681981440
1455968416821616650
1458389887460196356
1458191259600920579
1457836036889976832
1456661025546252303
1455971569059123213
1455970136200974337
1456960130269028352
1458232447124996098
1458390622046494724
1456017962696155136
1455973631683710987
1455923004492468224
1455980469716140036
1455944879733870600
1456321718197313538
1459930136720064515
1456032671151296526
1459706623824379907
1456782156928372739
1455968326086242312
1456170655641186309
1459873262431879168
1457468273092595714
1456427852291846144
1456738130346889218
1456919858776526852
1455961612259581956
1457833204434538496
1455948385077415938
1456016163385843724
1456201578554302464
1456360739464269835
1455975947908395010
1455944755838341127
1458693178345803776
1455871014596927488
1457467131868614658
1456933777196949507
1455953039874039814
1456205971273945092
1457836936731758595
1457468187893764099
1457836025112301573
1456014675011907587
1456167251560779779
1456487314209886232
1456010502463803393
1456866084750041090
1455974109528137734
1455953623276564485
1457953763570950149
1455946242127802375
1456022207772217348
1456381076331548677
1456371646604922890
1455939994653270017
1455492135495651331
1455957320651902986
1456065350601166848
1456476829599027200
1457489047191015427
1456743535940677634
1456658363929006080
1465609951196454914
1456081677705519113
1455971493867888645
1456960818600370176
1462051089033961479
1465772915333476353
1457832853006344194
1455983827906596880
1457131217946546176
1456168756674191363
1456166067915698181
1455973857072910339
1456003840650719239
1455969494707445761
1456161104061730820
1456660946756190219
1455963101908684801
1457663440965840896
1455954229198311428
1455942866149195776
1456352268278812672
1456053723650838528
1456203209505218563
1455939891888590851
1455982671998431239
1455940238954668038
1455954138500673542
1455945345318408194
1456006791767150597
1457468061066399744
1455951302144499717
1456289839712722944
1456663687914196995
1456190689952284673
1455968029423120384
1455959672775655427
1459869844212535299
1455937268930260992
1455283710991888385
1456273601770840084
1456657291101544448
1456015540431036418
1455937893101445123
1456011660687204356
1455948670340370433
1456009429665599489
1456755869245480961
1458406542374490112
1455968204132700168
1456387984501223429
1456169772022915074
1455959035774111750
1455961240270954500
1455940823133138947
1456002522670419976
1455996077933535236
1458804229179641856
1455965736933933058
1458401097878589442
1455943137772322824
1455870027790491656
1456197867673169922
1455963539043127300
1455969885192953869
1457833481279582216
1456668368849735680
1456190755966443523
1455972023176515587
1455944755158953989
1455954010867998727
1455958662661304321
1458804200008294401
1455941226742571011
1456664710741479431
1455953131943211021
1456111364863311872
1455957532778930176
1455994509247004677
1456366823922929669
1456700329945354243
1456959384228093960
1465276274276974595
1455960620688359424
1458518403459731459
1458434221584887820
1458389172151111685
1458117953883283456
1456008470977781769
1456702668450172933
1455958121810116618
1456162513226289155
1457079265040769027
1456768944908472320
1455937548904189956
1458393064440049674
1457834625791893506
1456746965635584003
1456010103988051974
1456034420608094211
1455962264515891200
1456240943640817666
1455975351696379907
1455941112904957953
1455937176127033355
1455964845040443398
1456760301509091332
1455967753647575058
1455937966132637707
1455940808960524293
1455216215450914818
1457467133223440394
1456050029303566345
1456003374118223879
1455996333362450432
1456656576870338568
1456029694143389700
1456154157392539649
1455973755474296832
1457466493709455363
1456217918434336773
1456770037105188871
1458182658408828930
1456809436480159744
1456142077255880707
1458409548096675841
1456656426642837509
1455952521806204930
1456676761253654534
1458394776701652994
1456032942149545988
1456019893443252235
1456004520941604874
1459971236319145987
1456116568266575874
1457894200943468547
1456117914520760323
1456206315223609347
1455224636229275650
1455939989347385346
1459423010830499846
1457472613035479044
1457832313413328900
1455999061308461065
1460723345712992263
1455969544401469444
1458557080420429824
1456000617026031617
1456015644084822020
1456005161181237248
1455949336643313674
1462401266601054212
1456667507754999815
1455959151188774912
1458360873941192707
1460209237632634890
1465281569002766339
1455944218652860423
1455986463133388802
1458156162344497159
1462060776643047429
1460900388207538181
1456562644178067458
1456387791907168259
1456935562439450628
1456660213625409538
1456039496370294786
1455961718035787782
1455971305828884482
1463987994441011204
1462027812320251907
1456953036748771330
1459683075563085825
1458395448473948160
1455963866375106560
1456845357317509120
1458551022536826880
1455945279035908102
1455893635380219904
1456895289340702723
1455935545654272004
1456744766360723458
1456030359267725313
1455940606753136644
1455941490610429955
1456012935902515205
1455949808607375364
1455966875523985411
1463221592385851400
1456660664387244041
1456199391354703876
1455959966116892674
1455940147288158210
1456019152334950408
1456198177388957700
1458193599900778496
1455947756464480257
1455944200688750599
1461396860212498433
1456510954884124673
1456667308768829441
1455883986585145344
1456206834138812421
1456401641775710215
1456348963100004354
1458178198013759488
1456681927877046273
1456046432939651077
1457481788675305472
1457005537179148291
1456730679228747785
1456694893787615235
1457639581503852545
1456258242489708550
1460692047933886472
1456129682001338373
1458519002087624714
1456338155578269702
1459987042537021448
1456661954328768523
1455997571697201153
1455938704095256582
1455945226556788737
1456255469400600577
1459663725305155585
1455952666052468744
1455954422907949062
1458519704868474881
1456881128300814339
1455942305496670210
1457228443259658243
1456378446016299015
1456681913700204560
1455960980165439494
1457839700065062915
1455965148414414849
1461767008580780037
1457232442729930754
1456036116277116928
1456021905455079429
1456036338260746252
1461160137905754118
1455996705615319041
1455957306617761798
1456658912468422659
1456158683755425795
1465041383912263681
1456006969806950402
1456047144457101314
1455842430067093504
1455941496864223233
1455941329775648772
1458141923609354245
1456664564016287744
1455969266344284164
1456896037155745794
1456178194437054468
1456008449179934721
1455942544454475782
1457840405303734272
1456260200269185033
1455856280749420545
1455956203192954886
1455949479195168782
1456661866525102088
1456018374933291013
1455969042867572738
1456233315170721798
1457445964441178117
1455985625027551237
1455956352480776193
1456717972853100548
1455959902778712064
1455940234231828487
1456036229535911941
1459653668362506243
1455940333926297609
1456659640406659076
