977698712553164801
976772511483547649
978670348030889984
976570396295225344
975981544916516864
975838999590985735
975711859650322432
978042081129172997
979302962345410561
976560059898572802
975779890514595840
976035207798247424
978246140016476160
975520143634845696
975702835231952896
980006534699716609
979271084288675840
976560526669959168
975681434835914752
977756139206057984
974933155240177665
974483934800039937
975492843027550208
978710410382794752
975695555375583232
975799725797576705
975838728844345349
969636205699661824
978788167024365568
976192105419821056
976131233456513025
979203205644083200
980134143047688194
975676072908984320
975674559998386176
976021485264494598
975753480412508165
976581334905839618
975851019111419904
979989292792647680
976522169252548608
974717707005366274
976529941079654407
973890005067272192
979637751237824512
975801947759538177
976035043318648832
975794692448292864
975494900950224896
979734528557289472
975770934530502657
978077008805679104
972621762402779138
975739541381435394
975727609475665921
977552174162042881
976129111751036928
975648492755529728
979303173071532032
975736859522490368
976569302282272768
974370905253203968
978041910806896640
975678701013798912
975813569408372736
975828734250020864
976946612303024129
975754507433992192
975789793572474880
975856366639296512
975719262785503233
976098434913533953
976910083379662848
978624754616762368
975740712523313152
975498398567665664
976034032772370433
975780757112348673
974712317849079809
978662768374108160
976377634505609216
976589482442002436
975723170031337472
978053581629636608
975999523460968448
