1516493317135077379
1519377298054602753
1518271760076005378
1512698281272426498
1515586698088009729
1515565424649330689
1512433237490081792
1511723271456178179
1516265211153555465
1516265114533601280
1516493168761520134
1516493541589012487
1516493262437199887
1516145680670146561
1514758060962627589
1514297691236352002
1516158493702696961
1515573555370504195
1516494937814183943
1510889866825015296
1512476379987726349
1515800116648570880
1520283188253405186
1516276950326816768
1519377360298074112
1519795080302841856
1517732175986188288
1516504947273379844
1514685974177095683
1517665514457378817
1515441540482613260
1514570955607130122
1518610931919605762
1514888546309623811
1519875325689315328
1520090400643596294
1516145851063799808
1513764059929268225
1513148055045951492
1512470308862713866
1514570089416339457
1516091133201461251
1517197280058748936
1512400381707436042
1517545672614027265
1515035546422329349
1512392466346950657
1519012408408256515
1512549843759161357
1516512864684498946
1514684479645835269
1516346801271582727
1519381397080788992
1519721711792447488
1512831830680125444
