1313556908348002304
1312416962954362880
1321847891372216320
1317073494593556481
1317073514927517704
1311497484448002049
1312110220949155840
1312503502661320704
1312733295780737026
1316744433359085568
1312422372897632257
1312468296772456449
1318514416883740672
1312840030885416968
1317612272315994113
1321577313620746246
1312863735715946504
1315928465523310594
1314487915691601920
1316731977207345152
1312363471783198720
1312729840517251072
1312819009386053632
1312363590058414081
1315963872436772864
1312542292474040321
1311787940071251973
1312386492942163969
1312729076755464200
1317071382673608704
1312361195169611778
1321355295377993730
1312839352112877568
1320768506820964352
1320829552185278465
1312756608250851328
1312736916694085632
1312738451658285057
1321577281874063360
1315594917801058304
1312466221288235008
1312762691564515340
1313098020075065345
1314084468425216000
1312432186277220352
1311624441839845382
1312771033355767809
1317774890498478080
1321942835998957568
1313734064332038146
1316192426835537922
1313592511919779843
1316692463541608448
1318554006185299968
1320483261299236865
1311531341205377024
1313877957832777728
1312664197008953345
1320494094284738560
1318620594938707968
1312363705032728576
1312467096266133506
1312988845173084160
1316059081648623621
1322474575473504256
1320709461292523520
1312378663376220160
1312418885338095618
1312379772165595136
1312729711672545282
1321133851280838656
1316058498866831361
1312853208679800837
1316751162557726728
1312900748334727168
1312363321497182208
1315912778931220480
1316805401007058944
1312488083963564032
1313879213204803586
1318973998647029760
1312780065176944640
1313902711222435840
1316331692655874049
1314552066854060032
1312812446810361858
1312770897498046464
1312310161785192448
1312365093104029696
1322135994171301888
1316775747474747397
1322104864558796801
1312928184501972994
1318649004322918402
1318482994429124614
1312403647364575232
1312360899861270528
1312733763877601280
1312813132805480448
1317070094263091200
1312958438876631045
1311624463679594497
1317070451940753409
1312308022832660481
1312831074762977285
1312398828927176704
1312791146880524289
1312784379924615169
1312732111464476674
1318974021443096576
1312869401562095616
1312006468225380352
1316778321204699137
1312843302199275521
1316580649185181697
1312728905237827585
1315596788401922048
1316692442637168645
1315762352076328960
1318648888677617664
1312794282818965510
1312363939708186625
