1571165405959389184
1571263269695852546
1571423658903584769
1572833479049768960
1568037102079598592
1575181921411559424
1572624957401886720
1572231569670111234
1575136393868845058
1574417633272791042
1571425220702965764
1574825600954650625
1575203392380538880
1566585228721881088
1567301714893586437
1574152758789275649
1574360373855141894
1570316434529718272
1571550354591858702
1574153049421058048
1574160790336278528
1571463207180435459
1566801621790638082
1574154132163813377
1571426698683645954
1574341184096452610
1571428676834848769
1572531616001699840
1566479562984357891
1575400401993859073
1572140060975288320
1569023374860472323
1565291493757227015
1565642456691007491
1574949057268961280
1571817340542791681
1569623018426564608
1574153871458443264
1571089109757874177
1574153768068947972
1574152844864888835
1572043207047000064
1565764867801468929
1566378161113382917
1566736969962782721
1572100877472747520
1575189674804625423
1568320391612977152
1565278055962124289
1567903647257997312
1572029473532383232
1565314432787484672
1571765762565496833
1571840437337595904
1571440330796310528
1574464315180158993
1570985009460432897
1570683324791934976
1566776175292211208
1572297473019756547
1566487120910454789
1571793241208680448
1566513995078565890
1572373410168307713
1571659847120179203
1574156139096334347
1572521322462449665
1565728293646729218
1566876712125796357
1570736926172532737
1574456848849276943
1565923431547375616
1571606806316679169
1565996062506209282
1565694094902530050
1573018122197602304
1571560045619429379
1566912754782556161
1569020885264224256
1565828609759117317
1567637130360365057
1568737225562800130
1572004800350523393
1567435488713216003
1572531695680888832
1565977592066367490
1571537599562452992
1566518785292509184
1574153279054954496
1574761030718218243
1573015768316497920
1567144523972616193
1575721320406343683
1565762048222547970
1571764882663505921
1567126181413113856
1565957012566966274
1571851713971195904
1571661485897654275
1566809078491500547
1574153629531095043
1573318592351051777
1571571307472474115
1567130372122583042
1575205912083824640
1566035322936463361
1571562603973050368
1565582689167704064
1572560625532039171
1568814671943065600
1565707537466400772
1574492469269504001
1574149013707886594
1569455578875064323
1572901669259673604
1573684703374315521
1574494255090999296
1575188680691499008
1572918471536566276
1567139844677066754
1574153459200319490
1574448854828830720
1572096048260325377
1570710320137801732
1574378985953312770
1575311132528869376
1571885440914886657
1575197266801217536
1570543971541348352
1573589420661526528
1575249451312369664
1574154050169634816
1571969097302163456
1571432359240634370
1574046598015098886
1575245681916137472
1572180730326941697
1571745870194024449
1571744155000258560
1567191506305294336
1565349922932604928
1566709544687894529
1571446511229181954
1567161093411192834
1571572595337891840
1571806587953770499
1571255952778690563
1569688607153336320
1573393198688468994
1565573225161146368
1566857103179923456
1574290430643949570
