1343490259884142592
1340778731200245765
1341531887102275584
1344677479013761027
1341454813092077570
1340760936035049476
1342906110097956865
1341501568588386304
1344001336225001475
1342900266975297544
1341505637423955970
1341504669055631365
1340409630271418368
1341735250356019200
1341520307895607299
1333624240063569922
1341675325009346560
1342387385670258688
1343481955120246786
1341488703659790342
1341456233279139844
1341447266574491651
1343494329583726593
1334664554689818624
1341690594767364097
1342897779815931906
1339544643147591681
1341717113371824128
1341462124107886593
1343010046427463682
1336709812558721031
1341503110104137730
1342570763266756609
1340719495539814400
1334929852173062149
1341757822502117376
1342420185928638464
1341449081206534147
1344666172302774273
1344666429275172870
1337796054171996167
1341721232882974720
1340407604347072512
1341610995496734725
1341500751395352577
1341876108371898371
1341519012744851457
1342394346126061568
1343216784187514880
1341758842435198982
1343480805222469633
1340315159122862081
1341678400596037633
1343477958682537984
1340474468116905986
1341745846933708800
1341655341377970187
1340566458976399360
1340575793999691776
1344247693833625604
1342899747623997441
1333767639613759488
1341685844298657794
1343520110154313728
1340804266915717120
1337760872228401156
1342400824853594119
1341657488635142145
1337035688269803526
1344493522087538688
1340869697261203457
1341721589419823110
1342063515947978753
1342821315271647232
1337823434571722752
1340407653588234240
1342908712218931200
1342901675862978560
1341690838187913216
1341205919070257153
1341678656977027072
1341832591742263300
1341501336865681409
1341502004171075586
1344493800056647682
1341492186957963266
1338573099848052736
1341511868221952000
1340414432724316163
1341678906533933058
1341448424462442507
1341690548760043524
1341500872258424832
