1026257873414889472
1026171976078041088
1026226454575628289
1026439226181734400
1035414355918110720
1026165195939438593
1026341946791522304
1028680882356449281
1026253536118624261
1026164742333898752
1031427537803587585
1026344358424076291
1026350480295972864
1026445827605233665
1026216846905761793
1026591443819872257
1026206605073960960
1026489023811014656
1029715623964749826
1026176128560652290
1032912097120796672
1026165191048929280
1026375204140974080
1026184782278025217
1026491905641730050
1027488126611189760
1035205133087457281
1027849084173017088
1027493214012547072
1035108157218058240
1026193987655352320
1029475715308249095
1026175105490186240
1026423957984083970
1026262284505624576
1025885813828198402
1026190758515228672
1026475736226557953
1029695462025175047
1026459698772566017
1032044428435906560
1026482620044066817
1026349471284781056
1026177865711321088
1026203315426811904
1035264994462654465
1026171254703878144
1026197507276242944
1028021755359764481
1026572245110607872
1026364961134702594
1035436434092642304
1026164873384943621
1026165356614889472
1026184869427273728
1026197601543172097
1031562223494287360
1034110385606025217
1026560810368356356
1025318507590938625
1026165566225174528
1026500315334496257
1035560411427483648
1035108037365821445
1028231004958482432
1026357228230586368
1026305213861380097
1029318694458023941
1032937452267298817
1026179456497577984
1030096616798277637
1026207149159002113
1026168222146551811
1028074813196316673
1026166366028668928
1026441806756687872
1025370433217024006
1026427723940593664
1026169416181055488
1027565747697070080
1026181019794333699
1035246889229316096
1026203494708068352
1026184141828747269
1025022069568876544
1026168233861238784
1026171627606814725
1026211185111261185
1026184178071691264
1026370357761069056
1026175402178437120
1026531316538531848
1026210795569537025
1026171744464318470
1030074879272517633
1026237772296847360
1026165484851351552
1026182243524468737
1027499811782774785
1026168866525913089
1026214393946796032
1026190830711791616
1026537294407380993
1026165928378200064
1026369272698871808
1026216226807341057
1025398331902763008
1026312467448836096
1035213635986104320
1027679266325110784
1026387198239752192
1026020630796398593
1026248626090266624
1025416710172672000
1026221426863497216
1025422826126409728
1026165067870556161
1027892854818066432
1026304389882019840
1027972909413945345
1026209789360189440
1026169285838823424
1026165402647310338
1029461154911977472
1026201880563789824
1026352256894029824
1026168609314426880
1026298596851777537
1026247152450908160
1026183994101178368
1026454002362470401
1034378056994050048
1031452749668470784
1027559642724020226
1026342429371387907
1026989585409212416
1033681994092367872
1025456107265961985
1024548321959047168
1026470647885717504
1026178523571073024
1026510404976033793
1026589495175602180
1026210072458870785
1026194650632257537
1031840250509832192
1028019827158511617
1028642846755246081
1027485031592353792
1026240683164753921
1026167521370492928
1035296862348161024
1035327309300068353
1026381588194635776
1026180453064167425
1027480956591124481
1026202389777408000
1026175023105679361
1026210086425964544
1026390293296365568
1026169888057044993
1026371641360756736
1035259476343967746
1035408570781757441
1026579147081039872
1027476500822536192
1031851601449955329
1026180872918245376
1026578159368646656
1025786650197204994
1025339942837411840
1030394720072163328
1026427631141642240
1026297247506395138
1026185820871569409
1026176226879303680
1028019134406295552
1026178806862807042
1026229881997275136
1027582574057717760
1027485157937303553
1026428922836275200
1026224133313650693
1027514236862431233
1026728450470625280
1026203685012103173
1026168421548023808
1035258186490695680
1026590909901758464
1032217122469019648
1026436293142761478
1026178918586478592
1024646601095176192
1026341889891553280
1035182732467417088
1029487276668211201
1026572484320083968
1028021015861964800
1026704042033065984
1026728120471220229
1026182655421898753
1026526915044225025
1026403189946572800
1027476959897575424
1026233792430792704
1026195482715058176
1029301370225127425
1026258083188801536
1026176313768456194
1032217663811080192
1026746317501095938
1026177883713298434
1026228148302700544
1028019507657404421
1026438201068675072
1026181703918862337
1029788763868807168
1026293291959152641
1027935976306434050
1026481587972702208
1026368360563597314
1035550012908990464
1026540403405643776
1026173642898583552
1026436270824861698
1026173226148392960
1025480875440521217
1035185937888763904
1026466561043963904
1026344192694525952
1026179122400292864
1026940017980137472
1027486063273693184
1027711972740091906
1027826786342764550
1035560628482723840
1026232077103054848
1026214196156030977
1026188550314831874
1026428458375819264
1030418800305483776
1035125610606149632
1026675158612889601
1026233633101828098
1026165531194339329
1033042509319090179
1028639146091458562
1035202426616401921
1026186923071684608
1031860073562349568
1026486832735956993
1029461305047044096
1035261107886325761
1026504553578024960
1026469408263290881
1026166222843535360
1028187532201283584
1032191204191096832
1026400692381118464
1026536199152971777
1026246684668555264
1026213301842272257
1026378245745328129
1026520677585747968
1026167970941288448
1026193353967394816
1026524226927374341
1026351124155129856
1024634066300284928
1026192606877941760
1026168236931534848
1026530848760373249
1026417495719198720
1026165264919003136
1026347422946144260
1026165448436580352
1031890946361880577
1026397156058570752
1026220168140206086
1026201888423854083
1035105401128341504
1025321306286379009
1026266321632288769
1026593606386085888
1026193762089873408
1026365162234806272
1026402483420254208
1026198325853401092
1032642251451772929
1026460947630706688
1026175455559331840
1026220261438365696
1026325876936400896
1029629808567889920
1026446857080320000
1026197552239206400
1026228626059145222
1026605557187313665
1029315625280266240
1031851149563973632
1026178338325508096
1026372144731762690
1035279714200559618
1035093112832647170
1026165336436105216
1035106208108163078
1026495754846838784
1032224535708413952
1026193779030716416
1026199581003063297
1026183173250662401
1026408815074398208
1029562393314172929
1026331061951844352
1026172040108224512
1026508611646889984
1026179231179522048
1026804652392755200
1026710186231308288
1026183667499106304
1026186849675567105
1029474689788375046
1026227387728633857
1026227770966323200
1026265295860707329
1026444629716217857
1026365282376396800
1026170178445484033
1027343172471582727
1035106055552991233
1026218810859311105
1025022360834007040
1027541393122750465
1026339510240587776
1026561636822380544
1026169485131165696
1032189370839625728
1027463078034714624
1026469964822269952
1026499096360767488
1026206101925228544
1026279145574154240
1026190214652456960
1035573605801885696
1026243028384735233
1026333740455350272
1026561769488175104
1027489023709851648
1030384404319887360
1026403365759188992
1026198332740435969
1026226936882888709
1026211507019964417
1025261189637595137
1035090319396806657
1026444262483931136
1027611291710574592
1026560056790339586
1026174644586512386
1026231133539917825
1026479500807360512
1026238965979000832
1026166021613346816
1026436209734832129
1026175055351439366
1026380237251260416
1026475532559495170
1027597383650160645
1026241388776771585
1035517719251243009
1026360169205313536
1035302693944938496
1026375901175525377
1026203893213155333
1026446580495331328
1035303883592085504
1035419660332793856
1029475406741729282
1026169088232579072
1026170889057062913
1026365867590922240
1026307537866506240
1026244255222775808
1026166475361595392
1026169166456401921
1026199282486071296
1026219606636220416
1026464897524269057
1026342848789196802
1027646529912418304
1027180265913950208
1026408340589621248
1026427588552654849
1027341541038272512
1026176987637919745
1026694021572374528
1026177629022511104
1026237050553556993
1026188303412985857
1026451382663106560
1026168271006064642
1026525841700909056
1035247069215289344
1026166403450241026
1026197790437896197
1035119117072834563
1026482021688926209
1032568323597328384
1028601739921027073
1026185642877898752
1026228845232484352
1026194012565331969
1026493170748727296
1035195508254486528
1026285032065982464
1026207711220969482
1026208183105323008
1026414154406612992
1030056355191767040
1026530255996157952
1025126294000947200
1031532718562201600
1026396189233754112
1026501309653024768
1026343244622389248
1026168130526212096
1027831830861500416
1026430547579555840
1026173301092241409
1025857276106756097
1026981867675955200
1035062405905244161
1030145778101243905
1035093578303852545
1025419652963418113
1034103993482575873
1026359407775567872
1026175010967314433
1026460421522374656
1029487296138100736
1026178354758774784
1026165760887062529
1027627125828923398
1026170888260075520
1029626722940067840
1029754589023793153
1026172260556701702
1026872311562031106
1026173986613456896
1026192106505809920
1026393348238704641
1029393042107772933
1035557845243232258
1026925144093196289
1026210232349929472
1026504373193650176
1026219345872138245
1026414668905177088
1026168518730043392
1026569405407346688
1026234818655346688
1026225698447523840
1026170117535801344
1026172556590637057
1026175620760461312
1026205277966790656
1026197614721748993
1028707506456076288
1035581238306922496
1026166579346788353
1035201628054413313
1026437420278050816
1026522426908307457
1029667263463530497
1027499161472647168
1026729492809764865
1026181888837341184
1027454409842860033
1026408324986798080
1026195325546057728
1026214959586455552
1026582843059785728
1026172270874685440
1026209709622263808
1032988284094504961
1026209124168749056
1025417822908895232
1026225683276750848
1026245933623898119
1026234684664107009
1031428106807136256
1026505277699497985
1031499416061063168
1026249866727641088
1026200311826984961
1026195636910219265
1026215468615573505
1026312408976039936
1026198522100633601
1035190107844894720
1035105158894637056
1028030355037671426
1035192216208195586
1026174610977579013
1026454494694043648
1024935558693437441
1026374549154217984
1035281535627341825
1026207714987401216
1026415108128493568
1026380744204197888
1026117955686424576
1026166279479205888
1025384245588635648
1026425843273359362
1026177138020499456
1026632171992309761
1026184491172212736
1026459764421787650
1027829331320610816
1027265872384221184
1026196449778954240
1031872046324637696
1026618142431297536
1026188676940713984
1026242603610767362
1026391637776379904
