1306717411371089921
1306946204916473856
1306964757203881984
1307042393552834561
1306039591510499328
1306687663517429761
1307006249503002625
1307800722478714881
1306981129161932800
1305319561764524033
1306952872970645505
1307020237343162369
1307344170785345536
1307050995722194949
1307040391796056064
1307031781737144321
1307022634325073920
1306952058151546880
1307011737636474881
1307077590830780416
1306985192998023173
1307362676746657795
1307444709799985156
1307029147320025090
1306946495640469504
1308530704666505217
1306963089460428801
1306938714032136193
1306957336297308160
1307047477229563904
1306969721821188101
1306981879585931265
1306691568796139520
1307053702642110470
1307082349704884224
1306969593039052801
1310351815209349121
1307255269584449536
1306968609202278400
1307422410707275781
1307377939269464064
1307089910688616448
1306961532429971457
1307041086611894272
1306951955949015043
1307036729027833859
1306931410440257537
1307035863411576832
1306948184296640512
1307283203422670848
1306957322292539392
1307067484302868480
1306999963889496071
1307083422402334720
1306952118587338752
1305254111286382592
1308528645774995462
1306943431818780673
1306958633494876166
1310220920884203521
1306626167211003904
1307000840989929473
1307053161060933635
1306931159075520512
1306693391791591429
1307336408600846336
1306959049167179787
1306687146124816384
1306944958184730624
1307028195351367681
1306931986964119557
1308848763268628481
1308134767251132418
1307417564725809152
1307338531271053312
1306955989091069952
1306977808447569921
1306950461963087872
1310178128447393794
1303771125386743810
1310503403534114816
1306954723459846146
1306943250046111746
1306958046745288707
1306942298584944640
1306949604441808901
1303399652058824705
1307006809937502208
1310280504340549634
1306600595059548163
1306992903055650818
1305219238437715970
1306973909812752387
1305797480689303552
1305826247717588992
1307202209948618752
1306957149365469185
1307749676603580417
1306951566486888450
1307057947332218889
1306928221691301888
1306695994399166468
1307078171393773571
1307806937271226368
1304681394568941568
1306691232349986819
1306937765498695680
1307010927410192385
1306962947449774081
1306637312730771458
1308645908880535554
1307102800879456261
1306976155820584962
1306593162975084561
1306987457498546176
1305521043516383233
1306966263818846208
1307063052127342596
1306966418307588103
1306594239707398145
1305544236134068224
1307050314898583552
1306951360932450309
1307681390759206915
1306964321658953728
1306965956716122112
1307071560805748741
1306988102599282692
1306953776771878912
1306941349103415296
1306953551722274817
1308671902999875584
1307069415754792960
1307062928613482498
1306604240756932608
1308084244971839494
1304399654537359361
1306967154785431558
1306950825651187714
1306938550915661827
1307048740801392640
1307044009538396161
1307104774979026945
1308699701101957120
1306995836916817927
1307086124536549378
1306935813578596352
1306990187348742152
1306605918638006272
1306962068306829315
1306628090890772484
1306594800561303552
1306933233548918786
1307028072881729536
1306963084771196930
1306950744130629633
1310275550989221888
1307134606307663873
1306978196945080327
1306945442073247745
1306622932454580230
1307247260892307457
1307777939593998339
1306957178234966022
1306967036329897991
1307119445790404608
1306942417715761154
1307054340906119169
1306976395520806913
1306948538060935168
1306949204590366720
1307257515420377093
1306972817095905280
1308813258296643592
1306958543350894599
1306939753221287936
1307010183101648897
1305761418889908224
1306933343846649859
1306956298542616576
1306973295535849474
1306993680742572037
1306930946302717956
1307228047284809728
1306932873895858177
1306937481032601600
1306942377723035656
1307074394393542656
1307051603875319812
1306932078639017992
1310305745099948032
1306958491937107970
1307022468863922182
1306635775979724800
1306613740863881222
1306969562047373313
1306996990300037123
1307299117111140356
1307984791392989184
1307412981785993216
1306955295177015298
1306936093883936776
1307127259057324032
1306983469294276608
1306971410091446273
1307415177147580420
1306948755212636165
1307105068936835078
1306607752941371394
1306946605778640897
1306927162595958791
1306872424856784897
1302167134747885568
1307028486989766659
1307022723739193346
1306940777109630977
1307305191952314377
1307119391650316292
1307043219922923523
1307144463010103296
1307008050604236805
1306942107446317058
1307053220775288832
1306598608796446721
1307036880614105088
1306990157934063628
1306955965149970433
1302032811495510016
1307806791330340865
1308357787383222272
1308531638163382273
1307310628072296450
1306496750677454848
1307752152065028101
1307055882585473024
1306932251951878145
1310183127952830464
1310173583428259841
1306989609797201921
1306602088181293056
1306598071564984321
1306930999645929478
1306951678793523202
1310207893128589314
1307247923877605377
1308530164448604160
1306976771284381696
1306927866672746498
1306931242487738368
1307433912877146122
1306165402616107009
1307753955867463682
1306936266479546368
1307067167150690305
1306984706630717443
1307049204611788802
1307376820552171526
1306942042023616513
1307124732278583297
1306608339116339201
1307192052673900544
1305217912546918400
1308335133376868352
1307078125898039297
1308203862528933888
1306957278730485760
1307336181751992324
1307768283320459264
1307752253030363137
1307005615995342850
1306955838398107652
1306672420712054785
1306965204870234113
1307096528381718529
1307034387234594816
1307023650890145792
1306709529908871169
1307882422302846977
1307178521219956736
1307322935422717953
1306949704224309249
1306614543276281858
1306954460657221637
1308007855073759232
1306982664205983745
1306964494644654083
1310217769166819328
1306606958074630149
1303635795866198016
1306975667553263619
1306979023432622080
1307078918474784768
1304115905757147140
1306963371493908487
1307028989416964099
1305894590864666632
1306978739989942272
1307305156183285762
1308534869333544960
1306970884859715589
1305295038268801025
1307260354028806144
1306968971959250947
1310277129033191425
1310202511400357888
1304325921910947840
1306984468109025299
1310347691243851777
1307232639607341058
1306994959640387589
1306601487175483394
1306952811675103233
1306631076908085249
1306602792413401090
1307078994693705728
1306946176890044416
1305445612968726528
1306998115174580230
1307018987755241477
1306949628336668672
1306926538584133632
1307028623514365952
1305074923702894592
1306998204655955970
1307118872064135168
1307192929111486464
1306683703167520770
1307085447416381440
1307065192174551040
1307034556965564417
1306954997939212288
1307096458596945920
1308648337164431368
1306942049250357252
1306932550158503947
1306958343563599872
1307310694665195521
1308690891893334017
1307421668474867712
1307413445315375106
1308826104241819648
1302001095926046726
1307035148064559105
1310175341944754182
1307219362965868544
1306953484890263557
1302750781704208387
1307011341350248449
1306985408904007681
1306988740267704322
1307027754123235328
1306972652670771201
1306931684558897152
1307417770712281088
1306940011435249665
1306691244886761479
1306953278387879937
1307756923400355840
1306966637120294912
1306967078298177541
1307239311104970755
1310257253220573186
1307049748336181250
1306990518153490433
1306980183325503491
1307420349089361920
1307044852736065539
1307287355120852992
1307289271930322955
1307036894983790593
1304053305765777409
1306933489066029056
1306793744444698624
1307081329394298883
1307246565841657856
1308769032267538432
1306963536904626176
1307056310681243649
1307006103536926720
1306949648192606208
1306957155459792897
1306965686196019200
1307038812841926656
1306960206753132544
1306931569790275587
1307259963367133184
1306952017240305664
1303399622136619008
1307410120305975296
1306959961935818752
1307081249241141250
1306950863106301952
1306667761700089856
1310216068401631235
1307093872615600130
1308618687067414528
1306943035519963137
1310173336815783936
1308081646999154688
1306944289365266432
1307244950283845632
1308848640602132482
1307091018588844034
1306938082353176578
1307095083464957954
1306963343660453895
1306981367125889027
1306936217896996864
1308849088994181125
1306985427321184261
1306962632134586371
1307077626679504898
1310257621530742792
1307244415430340609
1306961083861798912
1306963899741286401
1307985141000810496
1307395815414038528
1307006233027792897
1310251541656481793
1306950128591405056
1308685661000654850
1310220254379995138
1307016520304910336
1307839984649547776
1307069243050131461
1306941601105797121
1307755949965430784
1307317646279442434
1308634428814561280
1306939064952795138
1308794743996940290
1306982687211761664
1307027395942154248
1307806663949398016
1310186630045728768
1308706780718010369
1307057927493234689
1306986549775667200
1306973633546420227
1307374029347713030
1305445400686583808
1306942638168436742
1307272675451195393
1305989483758845955
1306960382242811910
1308541494068940800
1308691172722909185
1306961378905853953
1306597516687953921
1306934049231994881
1307052339296178176
1306940819476287496
1306598060949004288
1306961350594363392
1306953448936615937
1306949748662956034
1307209469739368448
1306952337966215178
1306946089656999941
1307048997299851264
1306986565797851136
1306926640497414144
1306961964170608640
1307190228105474049
1305258763104985088
1308640857646604292
1306793713700499456
1305072697215348739
1308043530498121729
1306594195285504002
1307234620757487618
1307068526629392384
1307069047012569093
1307009596825964545
1307068334584799232
1307072040516694022
1306945633446658052
1310173870142480387
1307292783946989568
1310560620811558913
1307030503795687426
1306943430682185730
1306950098358874113
1307061578882330632
1309944622110580737
1307257417563082753
1307115164685291521
1306668325649477633
1305797440994512896
1307807043953324033
1306942553032470529
1306940479397859328
1306975067914543106
1306955442061488128
1307106816191590400
1306994780677824512
1306934086402035712
1307246151213682688
1307025385444515841
1307414251854798848
1306968710939246594
1306959707660263424
1307309824481333248
1306958012876193794
1307394952712925185
1306984749202845696
1306947795681767425
1300909538942611457
1306955218958065667
1306951158695591937
1306985751465390090
1303430945203200000
1308530510289940487
1306943500278280194
1306955505827483652
1307070643939270659
1302167287089311744
1306593265068593153
1307108182796513280
1306966881350438914
1307279708749529091
1307322792493363208
1308536067885273088
1307232160139612165
1306939748062318592
1307658662085890049
1306937068195655681
1306953469451005953
1306936798849961987
1306595586796212224
1306687139602722824
1306593607684468737
1307146026457931776
1306975025623453701
1310180085954228224
1306929604276477952
1307286176794017798
1307071392488316933
1306961253643022345
1307227057215152135
1307279367848984581
1306945188414263296
1307231059755634689
1307836038388371457
1308653722071977984
1306945715332145153
1306943430208217092
1306963894565515266
1306941254454972416
1306957279342850056
1307095678733160451
1310202226716094465
1307052671740899333
1307439566962528268
1306970339197427712
1307051111484882951
1307615675448537088
1306598193908428802
1307018077184368646
1307040670679527424
1307395276123054082
1307007241564893186
1306600787909337088
1306937747446345729
1307330051940245507
1306993611075133440
1307311441041674247
1306955157578579968
1306939211426258944
1307034890895007751
1307054073724702721
1307029346096500736
1310265379344781313
1307048745192783872
1306933223339982851
1307024583221010439
1306609748343742465
1307030581751042048
1307102705819754496
1306973126056644608
1301618146340679682
1306949154334298113
1303218370733637632
1306947188141031424
1307261202825969664
1307254146421207040
1307001151888461825
1307225581046685696
1306646812648976385
1307187080003452929
1306936447434358784
1306485564477181954
1306946032769683458
1306928240649527301
1310174028133474304
1306997689435983874
1306952913848332290
1308544460763136004
1307175180700135424
1307419109282508803
1306934203242680320
1307074225413521408
1307076804126085123
1307040447261532160
1307113124009594880
1306931967393492992
1307617445893615616
1306974018604617729
1306933744587214849
1301641809018236929
1307035474515636227
1308640802017628160
1307059049402429441
1307079497607516162
1307041428971945990
1308353519909564418
1308639409730920449
1306995504367181825
1307835385440018432
1306958272973418502
1302738075513167875
1306941067300872192
1300593860482076672
1306967292090232832
1310215774905290752
1306933383612825606
1306953776423731201
1307077510031605760
1304053112617996295
1301863623204237312
1306615532079243264
1306934985853669381
1306988729584816128
1306642052860571650
1306948613822730240
1305760806055874560
1306956624125460483
1307229271807733765
1308805145430499334
1307068906268393472
1306956073010683907
1306957667043282948
1308061345435312134
1306959273533018113
1306938841291526145
1306967636505321474
1306945114284199937
1307000603835543552
1306928909917749255
1307284771828105217
1306949489882804225
1308641501447061510
1306945747737366535
1307026444044955653
1307175154401849344
1306039616777011200
1307077854170091525
