1414185285571825664
1414405343975813127
1414404315360501760
1414622885927346180
1414552346898620416
1414437138855170048
1413122458878562315
1412520378824630275
1414584327317381128
1414661599965626368
1414308158273638400
1414568969286131713
1414542448299286535
1413132682167422977
1412824448621809670
1414409733537161217
1416173521013772293
1414528936151748608
1414466746505908224
1414828305212116997
1414545309640839171
1413386366482792448
1413382697737666564
1414729456242016256
1415431416704380929
1413120950690750466
1414635667401986050
1414434681542565888
1414533118074232836
1414518686623301632
1415974496981377025
1414678420898844674
1414551220820320261
1414574374565433344
1412896058909278208
1414417313093324800
1414565053081296897
1414609957404741634
1414422778946543616
1413482575037833219
1414455267698348033
1414394676413714433
1412223654331572227
1412817437226045447
1413022910772547584
1414505871737081857
1414594369831817218
1414470204516704258
1415742484865560582
1413162995165900806
1414514222420176897
1414624661955022855
1413423757763530754
1412833344426070016
1412559424821071872
1415976918046978050
1413416722305101826
1412816103416401928
1414626070763089921
1414562796235329536
1414553615830851584
1414538956025311234
1414535187321524228
1412820475106017293
1414556055833661442
1414843019757457408
1414559608950202368
1414428876609044483
1414558492451561474
1413430546135277570
1414992535425007623
1414531345259409408
1414451442874716160
1414402959811645440
1414477564064718852
1414402862508122113
1414961175025143815
1412521605314625547
1414424358555062280
1414557356654989316
1414573569556815874
1412643786061144065
1413417093849038850
1414536004590055430
1416173065222955008
1412880792439689221
1414525177984073731
1414415139265290241
1414579109758394368
1414566225200488458
1414582962151202825
1414506348650323971
1415803190604353538
1414398071983706115
1413388037103435776
1414427794885562369
1414448836362260481
1414507074772422657
1413402698490290176
1414425949794443268
1414387072186687489
1413194572058988549
1414569064366759936
1414474474938904584
1413416858062098436
1413417015470067712
1413131678806073344
1413519503674257409
1414442720639266823
1414668935954411524
1414540473633476609
1414414455392325634
1414469548464611330
1414497554629382144
1414558643031363589
1414181781423669250
1412795710781730816
1414548838262755331
1414605513569017856
1415974643475914754
1414459229889511428
1414398930868125701
1414551497988317191
1414548096655282176
1414418511858962435
1414182857833070595
1413953674716528641
1413401307457667078
1413417464432562177
1415214013064093696
1414407070728785920
1414612256092995596
1413199634156113924
1413407174974447616
1414529127273598979
1414180460104667138
1414184428318887937
1414596978260983813
1414524700148051968
1413145162671222784
1415922624497164289
1412749131232206850
1414557463551090690
1414621804577140737
1414413361966682114
1414184858096652288
1414588419393658889
1412859856126627852
1413131305735233536
1412523373532487689
1412831445438144513
1414268206546554885
1413401289086709762
1414204597829308416
1414248195534868480
1414419519926415362
1413966966851833860
1414569369250766853
1414422859636695042
1412465706013188098
1413133744836206601
1413400763645272067
1414415224770289668
1414183902516817923
1414182218956689408
1414406748673351683
1414668092362330128
1415999993274683394
1414411948662431749
1414448292616974339
1414583513274273793
1414576230679072775
1414541287290724355
1414433486606241792
1414398952846336002
1414406771565813762
1414814910270300160
1413453256357924873
1414661936139079681
1414613289611452418
1413178658949378048
1413416267780853763
1412784502942973961
1414743090871603204
1413423865880059906
1414550202955018242
1414590903394750465
1414595145777963011
1414590227553964035
1412834993919954944
1414596773973213185
1414879715647795206
1414521069684379656
1414402305139646465
1412679407706284034
1414513412479016962
1414453103231971329
1414593466605080576
1414630343521546244
1412829033381965829
1413178268962983937
1414508451934392321
1413793761625260033
1414574527359692801
1412816853957742592
1414587842412654593
1414182103328112642
1414892249255751686
1414579893904498691
1414516342351351816
1412796752810348550
1414574966067105794
1414537222053892096
1414455944180686856
1414244978650402816
1414724970899517447
1414587876868870152
1415863716378292226
1414571654454329345
1413797803931930626
1414810183457558530
1414557739049791490
1414545705784561667
1414436505402200065
1412524384900812816
1414541058260746243
1414533757340725248
1415743353120083968
1414415639914106889
1414728493645058048
1416010247299293186
1414449361627537409
1414537931268796419
1414617524667301890
1415073447240163330
1414541937944760329
1414532718227042310
1414529174409261056
1414587136360259587
1413115513870471170
1414440414015225860
1413169167319158789
1414520136959242241
1414558948145893378
1414426693700358149
1414581149641359368
1414417061980278785
1414584171788476419
1412834701367255041
1414445750684114946
1414528526477402112
1413423747122532354
1414598539691315204
1413399944300531716
1414549692503973890
1412466999830134789
1414551727513214980
1414615395932246024
1414415476495638533
1414324688117981188
1413390944188121088
1413169402925748233
1414598244521361409
1413150136209793035
1414559988262051843
1412560927556358144
1414536255421964294
1414203540705251329
1414541851370168322
1413416367638843393
1412479217808416769
1412560022496743425
1414536613212954628
1412577551013273601
1414575716751093762
1414470338163974144
1413794023572189189
1413985013901795332
1415073405125242883
1414807446816759809
1414424030153740294
1414562416873156608
1414570658630180866
1414183841544216576
1413132549317070850
1412521073464250369
1414463745959604226
1414582842122768384
1414489233474064388
1413382448067620865
1412750629236248582
1414417118779613189
1414183742453788673
1412471724680040454
1414401274414465026
1414675984561868802
1414547972533235712
1414430886737682432
1414529479259484161
1414708642411130884
1414552879722082305
1414542542012571653
1413424378642145280
1414413729001783298
1414540247354982403
1414497164089307136
1412498325924978692
1414548871150178304
1414427051138895873
1413416675941228544
1414543503502331907
1413168373177987072
1414400962173751298
1414537961971015685
1414570651617169409
1414889311288406017
1414614341396144131
1414447480205463553
1414407657625108480
1413386312619642880
1414543002362650628
1412751541765918730
1412558414006337536
1414585323946926081
1414578123253878788
1414487416191193089
1413013464352690176
1414425862297067523
1413424327035326467
1415808220963213316
1414506299665133569
1414889819659022337
1414465672546070529
1414952744788631567
1413170224233340937
1414461392464322560
1414435700074860545
1414458791136047107
1416176053421289477
1414553293175627776
1414406785130172425
1416036820874375172
1414524135292686338
1412678254180306944
1414406508734042112
1414558944287199232
1414533682128375813
1414406913740218378
1414568266295619585
1412885035431120904
1414514888119132160
1413508792914825218
1414516615773835264
1414399675042521089
1414394483219877888
1414319595167625217
1414603940918964233
1412706124269244419
1414496674504978432
1414409485158858753
1412828353212698624
1415770327842426882
1414545443825098757
1412468340430413833
1415739830139510792
1414525435250188295
1413188354045272072
1413417137247502337
1414595575694209025
1413800884073533440
1414409165842354182
1414523849606004740
1414522753470844928
1414559461121961991
1414638616010272773
1414434664022937600
1412849238191521795
1412834611831447564
1414455159095181318
1414523974709620740
1414626685232746497
1412468206061690880
1415070342389829642
1414245857462038540
1413855676447797253
1414407728299220996
1414830420601057280
1414586195577819139
1414613956413562881
1413175241174618115
1414437483937402882
1414444304819539972
1412815041607446533
1414473625428766722
1414431335096242176
1414584723104489472
1413162714235555842
1414459541664768000
1414953180241309708
1414244863642587139
1414527457705840642
1414559525089202180
1413437659297587204
1414569971720523779
1414724849700909064
1412837224647999496
1412708283039764481
1414558952621289472
1414891143796510720
1414614433381457928
1415744611167899651
1414553027466379270
1412575341525319681
1413386610071252993
1413389960384860160
1414607698923069446
1414446815127146497
1412521605989863424
1414405041692286978
1414446820382674945
1414579339665018881
1415921116074455040
1414596614929387520
1414524441904754689
1414261005425815556
1414526250216038403
1414535175262937091
1412895026313633792
1412657785691574275
1414556791011266576
1414560742523736064
1414193672921432064
1414181786893135876
1413142386943827971
1414509523264548866
1414437196862480384
1413140220011192320
1413149538370527246
1414419861753712643
1413062514464677888
1412740194747494401
1413416474379788288
1412840244580335624
1414446051575091201
1414820558710222848
1413149761255796747
1414533642198659072
1414498396430344194
1414541636768567297
1415902233770827783
1415973563941675008
1413423541412929544
1414416773374480385
1414451862003195905
1414186285464530948
1414485499540955137
1414565892508246016
1413175700543127557
1414433129058684928
1414503941723901952
1414402989104766978
1413416623508271104
1412467883758735360
1414430489214062597
1413404625227681792
1412718490067275776
1414890172366434332
1413397583347789827
1413177003444932610
1414589344581574668
1413417505159319555
1413223135231549447
1415234640797896706
1412819981067247618
1414577039311507460
1414545028513415171
1414327754900844547
1414474279123656706
1414610630447812608
1414306395743211521
1414187861897879554
1414568657062141952
1414568811169210371
1414468923857178627
1414529166712705025
1413796750129762307
1414241713640640515
1413417912849866755
1412532868149096452
1414307145156284416
1414472612445556737
1414598406450864128
1415994392926728194
1414403540106326016
1414617964595318789
1416018313549959174
1413170423328608266
1414181518835175425
1412851724881125378
1412519997893656576
1414460766804185090
1414567252389732373
1415930760486440961
1414587606596263941
1413736024899997698
1414461732895006721
1414545579091415043
1413149492862341122
1415975158376980481
1414612187440615424
1415961283837505538
1414542833424420866
1414534174783033345
1414418954467123202
1412815878551388161
1413422594909425664
1413802622730055683
1414567605914849290
1414558997894647808
1414470412847788032
1414320775142809600
1412520284268150789
1413401719128707073
1414414238114844677
1414652277948882955
1414550747627278345
1414568151564668929
1414444957935407105
1414417226359259137
1414428008086183936
1413169183882366977
1414559077867401219
1414628964686041094
1414702690920275969
1414373190734856201
1414241919107051522
1414641764196028421
1413402139255259137
1414528621465808896
1413427512735055873
1413425257092943874
1414663594982223872
1414581351857201157
1413416889842376704
1414186900135583745
1414423434126413827
1413385266170155011
1414445489609658373
1413214861421682688
1412469827801845769
1413400176493043712
1414810088590675974
1414531475538685954
1414396782575071233
1414559005347811330
1414615471136153604
1413416799551508485
1414490310898589701
1413303472246624257
1414630106216161285
1413141690055942151
1412831156853166082
1416022293621452802
1414623653480833024
1413802726534881284
1414527862040846338
1413190715681673220
1414575639399653380
1414625029879435270
1414619739062681601
1414473281948766212
1414592133521186825
1414572898866634759
1412785365400920064
1414608061977739273
1414551843833794560
1414409216673161220
1414592670413037569
1414397749089370114
1412561813678571521
1413407092631908353
1414586572511526912
1414422190590775297
1414550282281930754
1414717348603482113
1414399502975447041
1414526203525050371
1414702905958014976
1414511043875852295
1412528130317852681
1414458119355310080
1413247048997130241
1414575745356156930
1414420223524958208
1414410265320468480
1414573217495326722
1414544543261790211
1414465302834864128
1414395499273232385
1413121578053734401
1413383003418644482
1414507644778332160
1415743092968275971
1414552770951196675
1414620699205963778
1414408312188284929
1412688701071708161
1414426649257517058
1414559954585985031
1412524142289637382
1412471590315511808
1414605864355340289
1414766160361439237
1414540397754322948
1414559091985375238
1414652122092736515
1414886398084231175
1414399584814747649
1414521486715629568
1415798924602974210
1412499566973292552
1413627349631909901
1414516789367746562
1414521989675601931
1414508230768726017
1414589905368387585
1414425092625518594
1414523140772929540
1414406748178456588
1414871504861507590
1413256790540759047
1414556935651741699
1414546279120744448
1412815572056915978
1414584993729421317
1413964911034654723
1414408151022120964
1413384315241697280
1414533082791784452
1414598617030008840
1413037055874064385
1414524624839270403
1414279322274238472
1414552008837799940
1414222586947461123
1414626585043427332
1414858552372600832
1414397973014925315
1414821837813469185
1415803749386407939
1414617465091502084
1414622194613866501
1414400672758337536
1412429120890408966
1413417195275800578
1413176311284174848
1414447834963775489
1414662187122110467
1414542469232988161
1414581364813451274
1414512420656197634
1414584679768993792
1414399838825877505
1415789935467061251
1414525138058588167
1414549074162987009
1413168586227585028
1416126728959893510
1412835803542208520
1414622346254635010
1414564052051836929
1414396913550561285
1415741159511576582
1414753089366732801
1414559713023385610
1414514261259395078
1414633370114535435
1415921133573099528
1414615033133375490
1414584748551417858
1414595390150696961
1414198571218477060
1414437086833348609
1414402832988393472
1414564255148527621
1413794860012904448
1414398826849443842
1414389840481751042
1414407431531151365
1413460213450133504
1414585753087193091
1414461432347959297
1414559608685858817
1412783814728900608
1413149475137150989
1414458475627827200
1416035949927145476
1414693759346950144
1414553242864918539
1414542141892833283
1414581050441969668
1414407882670583815
1413136475361726469
1414697432110309381
1412810044723302400
1414535568155885571
1414561989049954307
1414412886416441345
1412677108984389635
1413133244355121153
1414613696916205573
1414443612671254529
1414557466080186369
1414543517322461192
1414617793983569931
1414183463763259393
1414429811087380480
1413151524205654038
1415975167680032768
1412743327833808899
1414811798088339458
1414742892074045441
1413416967722180608
1414628173636120578
1414575053979672579
1413134941781561355
1413133831620730880
1414499050003574786
1414521494223327232
1412815356553478147
1414184124970147842
1414464871563935745
1414601532998356992
1414452042202943491
1414418882618695680
1413787735144509445
1414388601253675009
1414522558746177536
1413793627424366596
1414564406768320514
1412891720208031746
1414556074913501203
1413457297800536076
1414416639664271361
1414683702790086656
1414535684153651201
1414308792137879553
1413793867132964864
1414501830856478725
1414606262797537293
1412818763297198085
1414310485705506816
1414187413824581632
1414182267308679171
1414561974873100289
1414315982668054530
1412836213329956872
1412879945248956418
1414485500338053120
1414548002216333316
1414309296549081091
1415741502362374145
1414607834898182145
1414426637546909699
1414401147914407964
1413417331888377860
1412476224954306560
1413140242123550725
1414406806999343104
1413416043121451010
1414810519702212613
1414601440409104391
1414501701990731777
1413389836166311939
1414436041143033857
1414876442303901705
1414539905745752064
1414410355887919106
1414456392098983939
1414744627295494149
1413385585792847876
1414498716606734336
1414708954865754113
1413416011894820865
1414574186790629376
1414303262392586242
1412832723694194689
1414182241434017798
1414659687736283145
1413424733744422912
1414521493623554057
1414527871197057024
1414435690180489216
1413134756917645338
1414628388904525826
1414552284386807808
1414932979722428417
1414402311133278211
1414452781516161031
1414425593706340355
1413399244753588225
1412831963086561293
1414184591603212290
1414619091667673096
1412519867694059523
1414626535819157509
1414407214635356166
1414497994473418754
1413491215115472899
1413954540064452611
1414325108445880322
1414812511367569408
1415992830506545155
1414894190715150337
1415806497876021251
1414558444066164736
1414538567666356226
1414550021828136971
1414428387368648704
1413587730202775552
1415225845002784769
1414431733781569537
1413424733488656385
1413234292029808641
1414321045411180551
1414556551663267842
1414552647810551811
1413399609460789249
1414429656120537089
1412466757147709445
1414604938236370946
1414828849200832512
1414415538491695109
1413128578766557188
1414570301048905728
1413417419947888645
1414559323284508674
1414526878526939136
1414397097143672835
1414559603333992450
1414443298392092673
1415739756265283590
1413393036294426624
1412682391609659393
1414497204027346946
1414814444845162496
1414576327894646786
1413392925808111616
1413391932349353986
1413962611230642177
1414569041734348806
1414523074377048064
1414505097770508290
1414543591763025922
1414443687799672833
1414565444376317957
1414580602242838529
1412890602132414469
1414561337955528706
1415740853423906822
1412524922786693125
1414464231228022784
1414615630829981704
1412847421709750278
1414403184429252615
1414421765758111746
1414407609306726403
1414436216729079808
1414549437486190593
1413417952964194308
1412526072814620677
1414524744637026306
1414428832241754120
1414561946016305155
1414516772720500737
1414444434356375555
1414435369127395328
1414524286421897217
1414609748314497024
1413401446268157954
