1518254685450350593
1519227615386689536
1509786270033195008
1517050997843140608
1520476353149440000
1517482465710985217
1509752404807495710
1518622137350828034
1512043434181279753
1517409874719744002
1517635027198218245
1517182758841368578
1518611447982481409
1519268978690039808
1509794620665909277
1517188698290405376
1517153788842315779
1520075224456302592
1518158465742561281
1517022017081552896
1517105625746092034
1519256716629716992
1518527548539478016
1509949543110086656
1517180785513668608
1511734813677572105
1517217696475193344
1517109992800886785
1509735716737236992
1517032279373144064
1515727727948664838
1518497818004099072
1517179704083628038
1517225340954939392
1517068370079883264
1517036441850851329
1516131892621606912
1517122698970910720
1517235081873707015
1510290001531224072
1517102027230400512
1517495995990519814
1517094257064132610
1517233132105355267
1517048592904642560
1512307408932118528
1517056119872667649
1517544853483233284
1517190796839165954
1517058923886526471
1517055168889688065
1516123363147755521
1517421302335909888
1517202802359128076
1511006361689145344
1509758344181035013
1517224624261672960
1509872245933592620
1517246580516081666
1517222109575106562
1517044958632595456
1517231893447647236
1517183789893574656
1517178019718303746
1512719219510628353
1517374023059001344
1518576711369117699
1515615845334065154
1517570308823293954
1517227736879624192
1517082239162540032
1509772907286781952
1517128158247587841
1509818796726530049
1519361303550251008
1518133138647662593
1517198556318375941
1516269052557238278
1509910536015777798
1517149113044766722
1517105110840655872
1517090755835273217
1517266403979632641
1510381602198769665
1517643602775744512
1512482778683686915
1517113484219228160
1518969121093869570
1517056221265731585
1519071745499611148
1518066044287524866
1516410369765486598
1509792956106035214
1509780058419826688
1511602373914869762
1517185505183641605
1519721919536377859
1509868259516076038
1517962646770827268
1517051908795555847
1519270746140418048
1517237671378173958
1519058653499777025
1518584706568237058
1517161258830614529
1517161135505563648
1517272223597449216
1517131506870890496
1517045443439570944
1517103304303681536
1517115306157785094
1512044612013236233
1517025555882954754
1509996113805328384
1512452067713064965
1517140722792615937
1517382784272281602
1519313449880371200
1517027605337321477
1511338356348796944
1509743308414889988
1519315232497274880
1517105325282930688
1519114246172418050
1517273562377240579
1517054974135619584
1517095127398948867
1517173549642964997
1519189629555118081
1517537008327004160
1517198183331467264
1517936522204491776
1517104715724726273
1517142160650301447
1517216762688847875
1517101559691325440
1517078925406527488
1517532918977110018
1517065192307372033
1509874646258274375
1517239611696861192
1517222355919155200
1517936159099400192
1517734853676093442
1517483098967060480
1517535550223310854
1517148119670001666
1519040799299751939
1519735905862434816
1509840343444992003
1517110614392553477
1517970039135256577
1517966142207414276
1517145893090123777
1510704384224624640
1517071990284238854
1517510310999072768
1517214871066234885
1518575844104495105
1517145105366355970
1517048579881377793
1512042545416708105
1517404099544813570
1517158958120669187
1517084887286792193
1509787060944654368
1517270907319902209
1510914116449361923
1511696994225504259
1511605223269224448
1517189180501241856
1517235878061658112
1517204954628472835
1516149588318633989
1516131198917292032
1516379645263945736
1518683088175386627
1517888762965020673
1517193797888888834
1517470479136792578
1517427742433808385
1517125848909983744
1517084291007664128
1517250455805599747
1517201675123105792
1510961304340680707
1517437934416408578
1517027382749798401
1517187286479351809
1518630041395077122
1520075257272766466
1517164190552764419
1516160802033647617
1517205339581698050
1517536401088258048
1517049827183534080
1515449075340136448
1511640455561334788
1519038666601115648
1517026544383889409
1511234591025250304
1509787412976783360
1517134399573274624
1519273570836307968
1519688618088058891
1517200566807670786
1517521992487997443
1517201480050171904
1517161953088532480
1517109788001320972
1517080251645542400
1509996547341180936
1517525785069957120
1517251730152603648
1517090358643105792
1517095982789537792
1517515938140151809
1519778209839169539
1517219733413765120
1517128799011364864
1517080229650604033
1514156841374306305
1517971121475407872
1517053354471526401
1518576951430107137
1515064213403754502
1518998848064077825
1517364953472286720
1517249524166758401
1517144724188004355
1509768741252476934
1517262094655234048
1517220425905942529
1517068324995309570
1519068030147469314
1517178053851590656
1517192610783416322
1510871016842661890
1517094557120356356
1514249406161342466
1518823609598369797
1517140406286258180
1516127844820258822
1517262232333307904
1511311998608359424
1517043536042106883
1517207685728550912
1517159740022870016
1518515313771429889
1517099593321885696
1517183313437409284
1517040525957861382
1517121145472000000
1517022710269947904
1517131737586978821
1517385614982848512
1513057270711693312
1517316833354862595
1509747633417502720
1517070219189051394
1517134979838271489
1517047076521226240
1519612251845677059
1517122782252998664
1511977260726771712
1517742245390213121
1517234075479728129
1517156128336998400
1516007660906332163
1512042507672113153
1517122153682018305
1519268858389057537
1519309591007408130
1517100745929207808
1517180084221849600
1517262787256455169
1517060632448749568
1517078887813025793
1517251177204916226
1513834439322832897
1510612278055428099
1517635856277848064
1517167127911874560
1517233680741285888
1509692862107201542
1517097144183889922
1516879839097241600
1510918636311126016
1519320046840987651
1518578256701804546
1517039305641893889
1517040035912110080
1517175236940161029
1517113237476683776
1518881892690546689
1518604699817107457
1517434047970131969
1517032318610948096
1513847484598083585
1520291230835482625
1517185921820598274
1520019806463930368
1517408086520172544
1517475684997808128
1509757470952108052
1517199610531483650
1517157307540402183
1517052280561967104
1509920075070988291
1514286453861277706
1517202155714887681
1518722132972347392
1512131377856188422
1517196825014456321
1517117830730293254
1517094939112390656
1517083330210148352
1514289111867219975
1512130246602117121
1517084000732520450
1518595967066513413
1517161472001990658
1517105252834684930
1516879556992458752
1516486752827027461
1517202024269594629
1509717013509332992
1515572168003887107
1517205874997145602
1517228670963924994
1512043566843011076
1517080363046158338
1519324232563724288
1519315271185489922
1517164718254866437
1509748899757666311
1517165200293732352
1513793854318784512
1517126118947663872
1519749706833924096
1517308166240968704
1517232676515811329
1517083082519683072
1517080341256847361
1516771585738354690
1510872434718691332
1518620043524939777
1509963373135413255
1517040713921355782
1516123313092898824
1517042938039123973
1517182651681185792
1517163737983164416
1517295621169950720
1517079055341953024
1517046223034847237
1517342816011173888
1517216078505684994
1509859046911889410
1517441960079994880
1512042580883685379
1509744814253821953
1517145955442733059
1517141859897733120
1517192600398307328
1517078925712756736
1512042838577631233
1514789289090957314
1510715127951155208
1518820184806547456
1514145254408138753
1517229105120481280
1516289071219458049
1517032785898352640
1517640363552423937
1509775231359098883
1517216721253326851
1517046057250742278
1517132878437621760
1517249876005986305
1517155716561129472
1517048570175799296
1513839355122569219
1518588798090858497
1517189068949438465
1517077969868570625
1517148472805249025
1517074238053703681
1514797091339481092
1510959168332742656
1517503911963369472
1517185537043480578
1517089333391814656
1510381500017123335
1512066165463343118
1517143487338057731
1517156947572666372
1517134522436968448
1519384772744814592
1517140518542618625
1511242921139486721
1517162110077177857
1510142806525894660
1517309762123313153
1517083662457655297
1517218630844436482
1511813303319863297
1509736554285223941
1517231251261956096
1517161044103372803
1512042757845573633
1519696694115450880
1512155676419702784
1510702945448435714
1517136570318409730
1517269304961605633
1517067935281516545
1517408168376246273
1509989462830366723
1519736245945085953
1517270298281877507
1518830791022850048
1518560219781029889
1517046367432187904
1513468371928596480
1517806015487565824
1517117588924473344
1520051916763504641
1517332391181881344
1518102030216310784
1509742680837959683
1519330457158131714
1519313307576029184
1513834464086003720
1514106491757809664
1517287638734098432
1509752566464356352
1517484948780900356
1517101597402320896
1517237730194956290
1518505228915683328
1517376898116067329
1518187686695211008
1517035545930653700
1517116675816050688
1517186686966509570
1517244570244952068
1519640819359170560
1518156113245577217
1517056085059940352
1517287889310257152
1517051806777499648
1517124130927255552
1509851991991894017
1517045881882750977
1510986372051521543
1517094890848587777
1514692820111704066
1517213562078478343
1518951948027899905
1517147205773127680
1517084305218019328
1517035312018558976
1512020989705654275
1512043478477332483
1509997004872630272
1517188236736610305
1517820318085267458
1517191730302439425
1517067625423118336
1510236201260924936
1517118362924498945
1519232192727162881
1509941163960291331
1512071962910101512
1517168423561744387
1514188852063256584
1511695451120152584
1511088516918300677
1517454184886460417
1517143767278493696
1517166993304137729
1512428387557687298
1519221821480046592
1519720520052269056
1517111482617634816
1517082279490768897
1515296904812417025
1517176904272519169
1517048308820324352
1517110051827290112
1510675778014531584
1517055351538995200
1517079198212538368
1518321214992916481
1517242476792356864
1517106084217073665
1519038299603705860
1517158629165596673
1517135217911238659
1517409009946537984
1516125770309066762
1518278710545330179
1517185688093003777
1512002529462300678
1516858008692834318
1510672108484968458
1517079114095775744
1519713664093282310
1515634445965004801
1517034665047113728
1517086189257474050
1512039809799368704
1517540136824754180
1516181360490262528
1517038182264713217
1517607718160408578
1509715117209960449
1509775445415366656
1517717168288321539
1518585968495890432
1516126705286590464
1520001783787143169
1517187977037942785
1517174442182459392
1514513879023423488
1517408915335659521
1510885935700922369
1515049897074085888
1517278864686333953
1517096351204585472
1517046020277944320
1510937296371167232
1509801646334918673
1509748763820273676
1509727887460610050
1517525797602529280
1517051875618701313
1517024606590222336
1513071924179619848
1517030679002951680
1511576292952616967
1515778130765565952
1517131004724621312
1517080639329415168
1517049382306201600
1519269575350792193
1510740969905430541
1517217024052797443
1511602925025566723
1519039978310930432
1517110118990721025
1516124672483643393
1517044774821367809
1519312888179142657
1513858931373838344
1510933489708941321
1512042801650876423
1517058293323243520
1515382966469419011
1510019197945929734
1517089357877989378
1517171064773783552
1517163540167155713
1517102108461387777
1517061948671680513
1519270983181512704
1519062749225103365
1517046050078572546
1517143549606645766
1517109095697993728
1509883076796731395
1518581747243528197
1514568394548432899
1517081019295408129
1509745068403527682
1519922566344937473
1517982044474818564
1512055809336909831
1511438777658626052
1512518919591976965
1517094607548473344
1517195004053278720
1517167738581626880
1519015389639974912
1509784468093030413
1517233986191384576
1517051078130421760
1512551923358044160
1517125012003639297
1517113205541294080
1517144519770185732
1510671802804150277
1517079153153040385
1517188908458590209
1517535398997770240
1517118252803047429
1509998516860510219
1517229889463762952
1517212438604783616
1517136248888074240
1517097233241550849
1517056852713947136
1517134810795417600
1517044881021095942
1519220060241473536
1517089722455240708
1517091475816857600
1517104340510650368
1512479643827425282
1513847302041092100
1518118503966023680
1518856343687512064
1517991829521764353
1519054853997215747
1517033605448572929
1513871396291624974
1517064280708894723
1517096259731038209
1517056827875381248
1517233690702757888
1517044255906316288
1517100831367180289
1517199171232669696
1517462398554226688
1517262209302335488
1517137444751044608
1510000822435946502
1517159741193027585
1519788510034677761
1517052571487248384
1512395474854195202
1510769198347206664
1519221284844023808
1517027700170502144
1510542882935123976
1512066790897070080
1517538339469078534
1517205313648308225
1517629669192908802
1520076058778902531
1517185471146872833
1517086906546368514
1517037982859108352
1517245559391854594
1517073507980660737
1517027568859463680
1511928623036514305
1517096634836000768
1517893825569730560
1517415581292679168
1519077190561841152
1517504491016404994
1517102799833686016
1517086422179762177
1509920519646294018
1519315038431064070
1517216976137031682
1517162920089726976
1509836102332473344
1509758330658598961
1517044416887799808
1517287744006987776
1517201549075918849
1509934535085072393
1517075353822539776
1517142657063002113
1517165392090779648
1518938865733713922
1514195539272904710
1510957229465391106
1513373714615787522
1517078701191704576
1512440542482911232
1512497008354934790
1517091514618363904
1517052279291006977
1517026279349960707
1517158212243312642
1517033861464702976
1512021160501862403
1517848252946825217
1517049581116309505
1517132975317688322
1517060011855339520
1513871620452098070
1517058140671463424
1517132277519728641
1515396939239628800
1517202151595921408
1519695922845954053
1519127674232389633
1515401737972158472
1517138611476439042
1509700214956904453
1517848129755832323
1518312199684599808
1510169820838440960
1518899424667258880
1518487427043803136
1516716468955762688
1517893492982403072
1517030843507777537
1517022921922949120
1517227898922545153
1517260278894845957
1516657612682629122
1517113609108832256
1517402096689106944
1517196841519128576
1517155264079663109
1516288952814252032
1517263285019713536
1517428296883056641
1517141405604347906
1509786898847387675
1517046236725104640
1517119319821402112
1512169400157282307
1517095709832626176
1513610196265979920
1517095801536880641
1519623219757686786
1517069222987325440
1519187350110326789
1517547017240825858
1517925492015382528
1517253458558083073
1509750092693221387
1517342958982418435
1517260907893727232
1519314928326385668
1517110290181246976
1517036255942488070
1511603550790594566
1517119087704428545
1517634811330015233
1519243456530497538
1517227260402671619
1513844258788229122
1517201542952148992
1517182569032388608
1516847188978057218
1509941776198639627
1519056933663260674
1510965715318231048
1510311707138265093
1517124328814366720
1517180266116173824
1517142647126650880
1516686262010327042
1509990135340937216
1517280911867396097
1512430236700495875
1514556812342792202
1514657492227215365
1509749078586011672
1512042609425977351
1517081020054581248
1517159382701641730
1513848190688235522
1517029070231552001
1513264322398539789
1517511541611970561
1517080894070267904
1517169581604970502
1517142580693127170
1517385540093501441
1517061542604378112
1515651626794733571
1517111312232464387
1510022715851350016
1517819987892785152
1517048787826532353
1510546054890106880
1520077951303397377
1517185356113842181
1517040507771404289
1517352533534167040
1517034633157881856
1517024134550667264
1517180679313895424
1517560529572749312
1517118425109352448
1517058886892666881
1517051235286892549
1517028253655093248
1515288477415444483
1513954716631412740
1517170350546694146
1517097897082462209
1509882788232769544
1519079561136377856
1517297504139849729
1517164194772230145
1517092664956624896
1510305948845420547
1514711109378396161
1517189896036917248
1511134558560919552
1511251860367282180
1509995438639878148
1513843225106259973
1517116631738109952
1519932874211868673
1517061895865479171
1517150606770671616
1517256685097832453
1517123776303017984
1518201910787989504
1517189917444644865
1509700223156826113
1518137913325801472
1517111463323877376
1517122665693257729
1513836361442279427
1517100379992903686
1517152684242923521
1517024111444348928
1511703709927055366
1509823112153645083
1518577646627659776
1517277672157716481
1517178767730425859
1517086859398164481
1515594504589520899
1517233949361287171
1518234247059984384
1517037714658496512
1510522500425396229
1517053784228339714
1517393984238329857
1517055974510673920
1517050020947800065
1518828695053651968
1513847931153043456
1518564693417336836
1517025014431862789
1509780018779541510
1517209199305973761
1517156126932021249
1517128447696515072
1517028024562167808
1511273668474724352
1509965142301237248
1517092747467014146
1510379211323846658
1519306128458461184
1517244050939977728
1518957150948765696
1512461475276800002
1519319384052965376
1517818820190253057
1517216518517493762
1517049621243400192
1519600668927049729
1517145991115206657
1517366896802377729
1517153900251389957
1515415217139822593
1510518869336670210
1517160648987361282
1517377832757956610
1517079837172764672
1517199895895101441
1517039947412385793
1517036479570223106
1517170688964108288
1517106003376238592
1512062976068657152
1512059420573843456
1518154941839327233
1517032576288014336
1517146102385971212
1517161375616929792
1517108199912095744
1517143817366908928
1512437072187076618
1517199767046139904
1517269542338273285
1511359545670578183
1517998485471178752
1509719590430986243
1517028661379366912
1517038063213547522
1517088093798641665
1517036176712028162
1510989168599519246
1519351236289572865
1517023144674045952
1518163128525201408
