1406575279401754625
1402290285401550850
1405279009458429952
1402305476239441921
1405258001573892102
1402285140919951367
1404847552319692802
1402247868589674505
1406718788955934727
1405485873907605505
1406480780294041603
1403417756653998088
1405577128498896897
1402889984529555457
1405296477975482371
1406820335677288451
1404852399660019722
1402261537637736451
1408115522366054402
1401223652616642565
1402282644155645954
1406567841206243331
1406549739080798210
1402237031015714819
1403668169118654470
1403070826744778752
1402238910508539908
1403206492157775872
1406614270184407041
1402235198348144640
1405558877744156677
1402272323005292550
1406514106232979456
1402251245885198338
1405256316352880643
1406664839188127752
1406624056737140741
1405234108796702728
1403423329516670976
1402903350052536324
1402493821557018627
1406568410784337932
1406984925836894208
1408099801661595649
1403420197709615105
1406508218059214856
1405244613129084937
1403016122547453961
1405227576013033472
1402317509584461830
1408120274042687491
1403427734269923330
1406565203622440960
1402253628648345607
1405221816411594757
1402738716410585090
1402237943226458121
1402604526620786691
1406494139764678656
1405216862124793859
1406565532724346880
1406497078977744897
1401532858645291008
1409969417157443589
1402761307082924037
1410268696015257601
1406618340332871689
1404359051635572739
1409544325428547591
1402664555197648902
1406751408993538049
1401464303115509772
1403020946664050694
1408889790049751043
1406605065750712320
1406588641279873026
1402380401675575298
1402755360226697218
1402924319676764161
1403001984660107279
1405272620304453633
1400085806191099909
1407010721481826308
1402273690667073538
1402147235920482307
1400730022554521607
1402242795901968387
1402972480701190145
1405256971536814083
1406478537960402948
1408391405542707204
1402244848757977094
1406559610065072129
1403261763831877632
1406575600828047364
1402310312045465604
1402690487446822915
1406717477317382144
1405432982446526468
1406497443827617794
1405225620531994632
1402255644003115011
1405215569612263425
1406738182385946625
1405218790095339526
1407307089274359811
1405469151330701314
1402357995976245248
1405263451472240647
1406739275035594762
1405262956842078208
1405529272366690307
1405441869073559556
1406526839749758981
1402627886541049866
1405433622539157506
1408791757085720581
1406563266231406595
1402374473387589632
1402281730707537925
1405404958674067456
1408146886154981379
1406984218417242114
1406514577592967169
1405420666472603649
1405239716753068035
1405137943728201729
1406682103765471232
1399838105209868292
1405279926110941189
1403147174452604930
1402900198289035266
1402256129288196096
1408063866299305986
1402293540475084807
1400342789733421057
1402287969390710789
1402287107331272705
1402267702048219154
1405246458333478912
1402719467814240258
1402245567225475082
1405249682331275286
1402234518078169097
1405217112587587588
1402248794893438978
1403590955710754821
1402333052391546880
1408059146587492352
1402361004273582087
1406482706515509250
1406848584583110660
1403461092945371145
1406629687200264195
1405406768310722560
1402242136834199556
1402241915345674247
1405228446784143372
1408090971355729923
1410219706850676737
1402234701331447808
1405273928218529792
1402249513167900674
1399725307993726984
1402255076719214605
1405248296948572167
1405214812527812613
1402293162840932361
1410217493050888193
1402245870393905155
1406854861904351243
1406619895589183491
1406714426577850369
1402293368001007618
1402645162384310274
1402382658097893378
1402868383503335424
1402779568516341761
1403041286035234825
1402318657116639239
1406942469317660676
1406702799996567577
1405486680463839233
1402887529637031943
1406620219003621384
1402702580879400961
1402256321282555910
1402321222785028096
1406726577757601796
1406781664412512262
1406503864505937920
1402384328341008394
1402283062323560452
1406568132035190785
1406519466142453769
1405503170571386884
1406999902115307520
1406551590606184453
1402273984238993408
1400821492909215753
1401183061883117573
1406760349047705602
1399626703291535363
1406888771665154059
1405214396947832840
1406537222849970177
1405752891088859136
1402671211159687176
1405598684570603521
1403012823912005636
1402321573261058057
1406831146776793098
1406475602673246209
1405261190847254529
1405240949643620355
1406928626977812485
1402245871446724624
1407409885063561219
1405535076801122305
1402236227781337094
1408065360260079631
1405475561200361485
1408152498930700301
1402274107358691329
1406726288279322625
1402712491742875648
1406904514268041223
1402273667518763013
1406573176658743297
1406740677682208772
1403813896226590723
1402250180792098822
1408821645725290497
1403118842688249862
1405218490215243781
1402245836587864073
1401924952408870914
1409183998484660229
1405271606344122369
1406585710891749378
1402335398483972097
1406626616017657858
1402995895323357196
1402171808091082753
1402375088859668481
1402258133792309252
1405217026336034822
1406575023347965952
1406699639571636233
1402289745653288968
1409842660794408960
1402361190496575489
1402487416368345091
1402350580073484289
1405241083613880325
1405498109816365056
1406640219252723719
1405252730986377218
1399677364037206017
1402299426740244485
1402288380248006666
1406591589175136260
1402266019926843404
1399626581442809860
1402310809229926407
1404536454617894916
1402666863902007302
1402238975709003776
1402348651926728710
1402241786559541252
1407194212723040260
1402359543368192003
1405522076983648256
1406497607757750272
1405519000814161920
1400772614004645891
1408097685190631429
1400725233842200580
1403062503861633028
1401300410414075908
1406778802710142977
1403039079617515526
1406481656500965379
1405283374109925377
1406216297193562113
1405219719091834883
1401576312435847179
1403710992949915651
1402248369498738689
1402295096926744578
1406567361696735239
1406680960087773187
1405220426226229249
1406731101167665152
1406621903377289227
1403881093166739465
1402714758445518850
1401514671719473155
1406716798830063620
1406556222040444930
1404391380009562115
1409382798998245377
1403452125284376578
1405081356414205957
1406688493422747652
1405216121444241413
1402718686075658241
1406719046821761025
1406690622342377477
1402357982948737030
1407132119235710984
1402881237841321988
1406588706216161287
1402255320789962755
1403012135223971845
1402361577702035460
1406619117193420806
1406579478462144516
1402255313051529219
1400063640812896258
1406975391261204481
1405591867757150214
1402352971854364677
1399756138401370112
1403642774189117441
1404827751132053515
1406485187572244481
1406506015647059969
1402678621735620614
1405270605281206274
1401609369566027777
1406508313546792963
1402274550835040259
1402243881618530305
1407476852361420802
1405408180914511872
1402302716676878342
1405563367088087040
1405555121308815364
1402736424546443269
1403881779401003013
1402292718534025219
1402247780006047750
1405519385473781764
1404827164684529672
1403461262642761730
1405538883635273730
1407023309833834499
1408387292939665412
1408066673878310923
1402268832815882254
1399580041235795969
1403012696631660552
1409522673982521346
1409187213083136002
1406901940617990144
1402255646339256322
1408069446221008899
1402360595782029318
1402243141500088325
1404858958460993539
1403969694546149378
1405247450164588544
1405498802409201667
1402402934768406533
1405454140441075719
1410236129517912070
1403421750851932165
1406572425089896451
1402615063899512838
1402780985075417089
1400170335526342659
1405238981583847437
1405239282625875970
1405270650499915778
1402920315081179140
1402861987189735425
1405537451322474508
1402853289864142855
1405247976117878794
1406207378224189444
1405399097000013825
1406595197824389130
1409486342376013824
1406744066512019456
1405219106702438401
1405756488241401856
1403428949074579456
1402762959630262273
1406844238806106113
1402360497492697091
1402403886003015691
1405140169230098434
1405235178801438733
1402245063409819656
1406520659824500739
1402289419068088321
1408535712757133314
1408158062003773458
1401472996859129859
1405273124187250693
1406497022060990470
1405681415300263938
1405501259378003970
1405845199545327617
1402741047399231493
1402233495020355589
1401485327433408517
1402365230227800068
1408068427978141702
1402338682582056965
1402263870434156554
1403116047641812997
1406480767589494819
1406544782420217857
1406938503829766150
1402264779260104711
1402258708965511169
1406789320065830914
1406728933316440073
1405230480702820352
1407588781121753088
1406512229407727618
1402283481800052743
1402251628439298056
1406519655364243456
1402265317649289216
1406754051853803525
1402151190167752704
1403121651139629058
1402233677652897795
1405080940737617920
1401915522942488582
1403891559817437184
1403042334368059395
1402256904596955138
1402683024601337859
1405214560286560262
1403557563493408769
1405273358447517704
1406555079793123330
1403094091156660226
1401660926118477830
1405230509706391563
1403439398620909570
1405253159858147338
1405489499275071490
1406735996281098242
1400085307035430916
1403445068581703685
1402383777234657286
1408497937005617157
1403638217975472131
1401798205772283905
1408120452896198659
1405276089870557188
1402827233543213060
1404789652045938692
1402232350730301440
1405783669281804290
1403013985574821888
1399989589176197122
1406960203459923969
1402740375677243393
1408840578855583745
1406573714330824710
1404890563405660160
1405672337572302849
1402269281790873611
1402671600932167689
1402667933877350402
1402705127241359364
1402499081663139842
1407017793472638978
1406696862804021248
1401483948916609024
1402311395463548938
1405546875386839041
1406585518666792965
1406577564290850820
1402513393458847744
1406599385610338304
1402271099451215872
1406590120149540867
1406521409837453317
1405788277337100290
1402298195154194438
1403417200439050240
1402691218920902656
1402300287507968002
1402251188683390982
1402260977329000461
1402735383587266566
1402718751724912643
1405491644074545160
1405563109121662994
1405486490508050438
1403460566581235713
1408810670452350976
1403608523431350274
1407610907090358276
1405816130451685376
1402695803999854592
1406599277204344836
1405521528217903106
1405226123785654272
1402292229201436672
1406723408386265089
1403636578329710596
1406856129460813824
1405269059709509636
1402287026267856896
1405223784555106309
1406683492117852166
1402244317951967240
1405229791339499523
1400138800479809545
1403630651887083520
1402248189827338243
1404858016118235142
1406565133560778752
1402886811651821568
1402233329617879041
1405258598989635584
1402637716555190275
1408069634763345925
1405570436491091974
1404914905355018251
1406618392619110407
1402382153074290690
1400756987537788928
1406721334852390912
1402256933520826372
1406872211391123456
1402970988804034566
1400434624313147393
1402266436769308675
1402242722019393548
1402750852247572484
1403098375860404227
1405553057174331395
1405235524441358338
1408068121231978504
1405233360184741891
1405237100023271425
1408085074596225027
1406721103351980036
1402326190061465600
1406497144228528131
1402996750739066882
1405269233576017922
1405254573946777606
1403424422896230404
1402597227013488640
1405246785036115978
1403421149749469189
1406594086442840067
1405578415445622784
1405230290029645830
1403098312954290179
1402682278199939075
1408075190911877120
1406927562928963587
1402051636239945729
1402270484209799173
1406734126540075022
1402841919407919106
1406558882533609474
1406484799691366438
1405416183927562243
1405238382104616962
1405521617627713545
1402374207711887368
1402143838374961152
1402252437403148290
1402237428518297609
1402699400359579654
1402588889500499971
1402245656035696650
1406497472936038401
1406746382313168906
1402232930806734858
1403345428645613570
1406636928238297093
1406563677050920961
1402256217846714385
1406887273896022016
1406559284024983557
1407316363409043464
1405138102549725187
1408080724280946690
1400744796562628614
1406519140760920065
1405246904515055621
1402282172434759680
1403431499169513475
1405281726876708865
1406212279327154178
1401486791002181637
1403392713572196352
1406593129612984325
1402310070726180866
1403459313876807682
1402369820532871170
1403109010266636297
1406579908449652739
1409811597665710082
1401222617739235336
1402317901378592772
1403016650706784264
1402263771805011969
1403061624798420995
1405219021579067396
1405179130770071559
1405254613796798465
1402045433539665921
1407203367324164096
1408791737787617280
1402611277990662147
1403423845999120386
1405213938183192586
1402232691576168452
1403019013115072513
1402645738035818504
1405540498123591680
1400728587620257793
1400914697403224066
1407431823035076608
1402902541470420997
1405225429611524109
1402338502633721857
1405272741863825408
1406615990163628033
1408069480563941386
1402623923183919111
1406514445111762944
1406622383629348865
1408129353792241664
1402287569426128902
1405738342201839618
1405214042030022663
1402281088169517059
1405779600018481152
1406477636143026177
1402618848147390473
1405793403779096578
1405226502434832385
1405243484752261126
1406557749534769163
1406478298406952960
1405255232800575491
1406896505433333761
1405250698590228481
1401991887070900226
1409969223590350850
1405430661410873347
1409869959287689216
1404886737415966722
1406719028157161483
1402315318341652490
1409514690783424514
1405224588074786817
1402253215937220615
1406644757514919937
1402320384326881282
1406486336857587713
1406514803275935748
1402610699629699072
1406523839429939201
1400664241972076547
1402922079771631619
1400800568256479234
1402881458860085249
1402237430128852995
1403881657531351049
1402324396388257792
1406518762707341312
1402634852579614731
1406671702357155842
1401924919038992390
1406198487050489856
1404321720174092291
1404308297365307392
1406776420307767302
1406604217641484292
1406726738189688835
1402266047940632581
1405042929283080192
1402296052615634946
1406481717465128960
1405263566630969345
1402244499984760832
1405229470504697859
1403418114079997952
1403440922122194944
1405281432541401089
1406555787653169159
1404852785280126983
1405626751124971520
1402361540448329728
1405250948839231490
1406955254084739074
1402237687428534278
1403035797134192655
1406729843480354816
1402238386539307011
1406554826838773762
1402252478226341888
1405223393327210499
1406695153369333760
1402364156204957696
1403941246511505413
1405310101230174209
1406658837365600258
1408133131144675334
1406905725041905665
1403030880663347203
1405229545519734788
1409482388904759297
1401522817422725123
1406948880625831940
1405232856847241224
1402306146480930817
1402255491112263685
1406519444617236483
1402370730059354112
1402288903298686979
1405221981591646218
1403012428028420096
1402248044599468042
1406620231494209538
1402241443780046856
1402858743042355202
1402244640489840642
1405153004383260674
1407138547874861059
1402561109400461313
1402271558513709058
1402700770030534657
1402320043900342274
1406589801365655556
1405502741439561729
1402874523133911048
1402252411306131456
1405405928468459526
1402252486275211267
1404200368242925574
1408567844112113665
1402302367576604677
1405741931389341703
1405492499766984712
1403967405534101508
1405251191777415172
1405242415540232196
1402234579298271235
1404857774731845644
1406529811594502144
1406583904627310596
1401222514425147408
1408071124957675520
1408092710758719494
1400923701303025667
1402261473448153091
1403013155362594819
1406696290398973954
1405214667400781825
1400762717405843456
1406504063114649600
1406565864724434948
1408180169634951170
1401489642898268161
1402274297666801677
1406698115067957250
1402253533135749122
1399627579678670854
1402545316960817154
1406477990863724547
1406729915576295431
1406561009804922880
1400185789456302085
1402966039730790406
1406535688456183812
1406942909929304067
1402678845527019526
1402864797855723522
1402668208734212097
1405278439653838855
1406526034275672067
1406577601414631426
1406835860138610690
1406651398763139074
1401985877413404677
1402808993467228163
1406730515831533568
1410279809167630338
1406689133234425858
1405259772379684866
1401473818217091075
1406590735726620675
1402261855222079493
1402690444224573443
1403932212010102784
1406512037031710721
1403043471066288131
1403048910059364361
1408075013266235393
1399627989894242307
1405241989914927105
1406570054104330244
1405227731898535944
1406501159825776644
1402626440852615168
1402294202868895755
1402240244523614211
1402270019917172743
1405593777927041026
1408078304335351809
1402242202697449472
1405501480350752769
1406678538347069440
1405299526794108934
1401463439692795906
1403649864114769923
1405223953950515201
1406658989367103489
1406658496402280452
1406927507841064962
1406476181331857417
1402638024098258944
1406688774315184136
1403020559772946436
1406633541711052800
1402430291491405833
1406614103951613955
1406575734743830535
1404422999093223425
1405240559078367236
1406718917637283842
1402253828616077315
1402622704491061248
1403440415064350721
1406478428753301506
1404896769603997696
1402293882231136267
1405268784689008641
1405766501722779655
1402233234126159878
1402599019885563905
1405273175718461441
1401650125722816514
1409486025798389765
1404534904675835904
1405563701898403841
1400464626798657549
1405507824998879233
1407596044410621953
1403059065782247432
1402360159675076612
1403612667504476163
1402385723601338370
1406497821788819463
1405220148714291201
1403645722528989184
1409433584088276992
1401296631312572422
1405299814607249410
1406589596318715904
1402720779771559937
1406531896851447808
1406605136277999621
1406509010048761862
1402247710787489795
1402633419289501700
1402620975871574019
1402235287648997377
1403016629697527818
1406724356953231360
1402259079976849421
1408078374333992965
1402293393934401540
1410277162083618830
1402284800610816002
1402237862712578051
1402250075401863173
1402507531239428096
1402510590116048897
1402241971582799874
1402320406179201026
1400341288910733317
1408079695816581120
1402247212911017985
1402241799326941186
1406564620609916934
1406720453394173953
1401590893816291339
1405227544178216970
1405250988672434179
1402243355736784896
1402331568333598728
1406580093581934594
1405218242893914116
1406568867644719105
1402266342770843657
1408072947273768962
1406559955151376384
1406555666572005379
1403016702401581060
1401829706425638917
1405406990193602563
1402281602315661324
1406956062247460866
1403389313451233280
1406610265668571136
1408155757502210056
1406614858943041542
1405967162699923457
1406574989415956484
1400444144871370758
1405215683818971137
1402630882251448329
1406158439936577536
1402319105739403267
1402875303710560257
1406488243240058880
1402742543541018625
1406697187099152389
1402278295736102912
1402259316472782848
1402334097427546127
1402277801483554819
1407315018857725954
1406596140221489153
1406611319768354821
1406525336272187394
1401430285208723460
1406737503734935553
1402366387859951616
1408034277770551301
1401062391144669186
1405298340569530378
1405231047932063744
1402253162619232257
1402240003820957698
1404466911593873413
1406515918344179713
1403420691232444416
1406630319315423233
1402239261961764866
1402237548366286850
1405542523854987266
1405221991674748929
1402321422161174532
1399754797352472583
1406516947207045122
1405214857251655696
1401485101637177344
1408088933829943297
1406512044216619008
1406479583973683200
1401028965809147904
1408090978158788610
1402692781370482695
1405500066253742081
1406861421112172546
1402283080958742531
1403034314825162755
1402880947608031232
1402232984397402112
1399606855899369475
1402605997085052929
1402658214496411653
1401797636752031744
1404912459480190976
1406547211996045313
1403082166926512130
1402541585846484992
1401465503130996739
1406727266751729675
1406479885124657153
1402276606580756484
1408085524703858692
1406761210893189124
1402253495273758723
1402582891478061059
1402380851091054599
1405604759722135556
1405254366504882177
1403424914837803009
1406521396860276736
1403457765528461314
1403305852203896832
1402271237087371271
1408064049774923780
1406527439971422209
1405736573648314374
1402317546704023554
1403999590576238593
1403418468779712514
1410232293017407491
1403016910007119876
1402324953400291332
1406607458009812992
1402309205776867329
1405214345827700737
1406731085044752388
1406703392450297860
1403012301431713793
1406739315653230600
1402294060262608898
1405254926108930051
1402345836995043331
1401153027566968836
1402630716681228289
1405276962029932549
1402232467138957312
1406555664948805634
1402324612940189697
1405252697176133635
1402357938216390660
1402529083829927936
1406611580331216896
1402238904254844937
1406559652213669890
1406862557823049728
1405425652006858755
1405260078069043206
1400831258779869196
1402676609774198789
1403728427753082886
1406558790812639233
1402234812962848777
1402248629742706689
1402330577349586950
1402249743284199431
1401225114654543873
1402260570473127948
1406509215510839301
1402312076652077063
1405809218121351170
1402395802358763521
1402693124309278722
1402307144595251203
1402294093812744204
1406506089756119041
1406915588870578176
1409936814035644420
1408069546368405509
1406720585690976258
1408095070406991874
1405249912233775111
1406600730014781441
1405214741530882053
1403428897732108290
1408193869481758727
1404873656585621507
1402683976117100559
1403726241803522051
1402289861210644480
1406626816144642061
1405546304365907969
1410375232620306436
1403417214926065669
1405764466050945030
1405402256049164296
1408057942100828170
1407341278250078216
1408077441709621249
1403047093732847621
1410261057399136264
1405238372453556224
1406927496185057286
1402509542630567936
1406523880718602241
1405224372000985094
1406509477424254978
1408072107704025103
1402296531827494920
1403452944289349635
1402256040679325707
1405231615362715655
1408076160332926981
1409486226823036932
1405214354916745217
1402262352398106640
1405233754226954245
1402857152851681280
1402271162164449284
1402722749999689734
1402655038024073222
1402270565390557187
1403353720566472712
1408334626498789380
1403420641513164804
1402996554546380805
1405063042774319112
1402504023534714884
1407405556122501123
1402237019904954368
1405243903666790408
1406618506838392833
1408067660634460167
1405214245990580226
1408083650726531076
1410255059531730945
1409888044690329601
1406527804880175106
1404967254874263553
1402254202383044613
1402277716825608193
1408115727509434373
1410229952809689091
1402372785868001280
1406577964297371652
1402290401344634880
1405269668500180992
1402357482702479367
1406511941573615620
1405677932677316608
1406760568007036930
1402244684806868994
1402308964402991116
1405221690272067585
1402279337764823047
1406797322315513860
1405537738590330894
1408105709020106754
1402314249184157698
1406721505958969356
1402253639167709189
1405400091020693510
1403705180982501382
1405389330965803012
1404423657435377666
1408118020673769476
1402294282149634054
1406887685126504449
1403725142996492289
1402233722926157824
1406558506581377029
1402294367583363079
1402309969467355136
1401278327608991745
1405103699765121032
1402314590302711814
1402248981581807620
1406666719029084162
1402277467797213192
1406558167631286272
1405217487084474375
1402269855294935044
1402489349132914688
1406618682663608322
1405153029347741705
1402646326412824578
1406629129743704065
1401467843519070208
1406926945049362434
1403648444917596164
1402241381511450624
1402238647978627076
1402901723845382145
1406523931805245445
1406870470297800705
1405778426624200705
1402309711840649219
1405227846277255178
1405217056853839876
1408066319853916173
1406915621707735042
1404873383708352514
1406705022751186946
1402258791131926532
1400105775750651910
1405245977683021831
1405574147388944388
1402352589845434370
1408132585730056194
1406713607480557570
1406518343465680896
1402237240844095490
1405843423203049472
1403392752386248704
1402940887387226112
1406484941286817796
1403064564200116225
1406596795791204354
1400753520165466112
1402825774336458755
1402348904855871490
1403804367073984512
1405214090163900416
1403042732260704257
1406835636074598402
1406519555304919045
1406567660834463749
1403621607558549506
1405224958935056389
1402634278190604298
1405230669505220611
1405832406163152896
1406882731963867137
1405508114783342595
1404877580579311620
1407079907914616837
1400401609960591360
1402239464806748163
1402270399870685197
1405420753626054668
1406720255729278977
1399768955225583627
1399752996985188372
1405504976433123328
1405513213463220226
1405223457193869316
1402307927889829896
1408110338227195911
1403884175753687041
1402277576123502592
1406630894107041793
1405219674279886857
1406621989553545217
1402377166600482820
1402249243000283146
1405219893042110469
1406613573435019267
1403050677820182536
1406497289909248003
1406899184217776132
1405219773663821829
1402362062609731586
1405390840068022272
1403013281904799747
1402968030980739079
1405272441484505088
1402300645202436099
1405269527261159425
1402603755003068424
1405948313728335872
1402293776568274948
1402840198501879814
1405221532587200512
1402238043952758788
1406688781839777797
1406532842788642817
1405247205372575747
1403014797927583747
1400067569734852608
1406876051641233415
1405252588556201992
1402527319189868550
1406518052963991552
1402273058556203021
1408191169310380035
1402671327547383809
1404832985283809285
1406475868621488131
1406567806469029888
1402236185766924293
1406484762676637697
1400887786903945216
