1509577772615745539
1509174190167015426
1505088828108947459
1504929435614683139
1505077504612216836
1509428984500604932
1505180095396593664
1505120761106903041
1504988454534459397
1504943891354636290
1504936977581412363
1504935147744940035
1504945421780717573
1504951899304472578
1504958119469793283
1509384767447441412
1505122529383432192
1505127317340934146
1504983679797497858
1509173408981991424
1509130811173396482
1505191470529138688
1509168416934051841
1509531386494992384
1509180426098782214
1505191011294797832
1509188741839138816
1505233149441228803
1505418856751370243
1505095184337494017
1504927290383290368
1509386933906124801
1505240027269419012
1504944028147724293
1505301387781066757
1509198314088108044
1505205371740332036
1505078456413040642
1509207873359958018
1504944582815006722
1509465629803393027
1509278458161020939
1502762598630105094
1509500059100004354
1504987304032620549
1506044052063485952
1505157840876584961
1504960375564943371
1504931490580283396
1505297852427345923
1505672937113858048
1509268788054794243
1509489235253989377
1505297378936557572
1505262942073278465
1509544014445436934
1505544525858717696
1505252188020527110
1505072069721169925
1504928436724318217
1505996370574028801
1509398476064448515
1509192566629187594
1505227006555926528
1505077384747311104
1504981819669852165
1505243834019725314
1502703077677277188
1509471477963411460
1505672220844212227
1505810306131533824
1504951457770000389
1504954431665758220
1505244210911490059
1505120098700476417
1504926926791663624
1509485294042681348
1505147858399506433
1505310184234749954
1505444831895642112
1505274581715668993
1505261530358730763
1504967791753015297
1504927280652505093
1502955853804195841
1505086676577619971
1505147676807073796
1505121408350932995
1504926199876833285
1505193881926832134
1505091767372296195
1505099499034849286
1505166852393160705
1509510639810748424
1509250113046253570
1509235417459138572
1509186360246210564
1506179004734353415
1509448311882895361
1505077124796932097
1509243572410855429
1505900647002120196
1505298773920161792
1504959674403241990
1504946607225253888
1504994167763742728
1504954439181950978
1509176548686974982
1505306828028137473
1509394377948467203
1502809871477096450
1505501433042456577
1504955350264516609
1504954638415671300
1509496546001362950
1504976121435148297
1509129885532540928
1504925154996109318
1509129884853018626
1505006015355535362
1504975771110195205
1509451987800231942
1509291993033285635
1506188319884906497
1505443208452579328
1509198064183087110
1509413658882981889
1509263412232138756
1505117449712279556
1504924456405323791
1505421794353766406
1505125473134784517
1505458992792936450
1509419129652056066
1505477129529606148
1505027452762046468
1509454629192482825
1509279624190218244
1505265196910231554
1505597702171725825
1509189540107464709
1505233365259198473
1505052886086135813
1504945904956194827
1509462803081539585
1505010012107808768
1505173518455119874
1501563432465797125
1505099406508498944
1505821453186486275
1504961573835743237
1505243304136515587
1505667957342494730
1509277508847517703
1504929283093016580
1505113349922697218
1504962104717193218
1505289404792909825
1509431935789117442
1509367491709050881
1505134266572804097
1504935799447502850
1504924506997022720
1506728916328845315
1501605237718716421
1504955104591589378
1502979981462360070
1504936182874050560
1504955687486595077
1504944331500802048
1503844271727726599
1504950219221483524
1504957379137490946
1505099275629387781
1505125635081084928
1505106189209722882
1509416008641130502
1509247070309437455
1509171111367520262
1505118608984363012
1505169818428841984
1505092604408565763
1504930594618236929
1504949696166563840
1505112148367884295
1505114693119225860
1505453530009714690
1504958370314432517
1509524662950281216
1505233089076858884
1505081375464071168
1509404579552808965
1504942460992212997
1505224345794318340
1504929017291546635
1508730275089502211
1505058513168613376
1509417957490937863
1505201132666241025
1504986403226193922
1509173073542623241
1504924505994670080
1504956118048641025
1509177134752964617
1509167655097442313
1504948291133493252
1505132969849241607
1504942496022990853
1509505919725539330
1509532923677995021
1502981605857636353
1504927323904221193
1505127498031538177
1509184946123989000
1499765714944671746
1505158319681515520
1505134140051664898
1505004104111771652
1504944666726342671
1504932251963998223
1509168353193119751
1509179395122122753
1504950684382343171
1504960338462228485
1509501643489959938
1505070132514721793
1505223046008918019
1505095343121305602
1504972396142514178
1504962901341319176
1504932798137835528
1504936765341286402
1509391507182211072
1504930551316234249
1505206535244464132
1506539175260176387
1504968840572289025
1504939184095641604
1501204386231509000
1505080392910610432
1504959811217235969
1502775596337741832
1505887327423447040
1505334274358231042
1505306670020313107
1505063590214131712
1505088857754189826
1509176254049697796
1508907561629757446
1504945691348676609
1505240514995576839
1505219761772376077
1509406294712725508
1505222966740758531
1505275821774229509
1505009585886797824
1505148306636390403
1509518193873805312
1509500166285447170
1505244299092541445
1509252888224219141
1509605134623457284
1504923535592103937
1504954166111838211
1509530681952460807
1504946294363766793
1505254969846423557
1504935596279574534
1505266440017952769
1509568131227865092
1505461893162536961
1505110303192846340
1505609105674752004
1504966837250916352
1509491378727829507
1505333440983543811
1499325663337144322
1509272431189442561
1505174335673323521
1509166200978300930
1503436115809914884
1509188783555678209
1505302960015880194
1505199171011321860
1504964671740293128
1505335906735214594
1504924018087976962
1505212310792593411
1505101965096796160
1505479142065815552
1505095241954693124
1505057746177167362
1509454902644387840
1504989931499782145
1504944449679470598
1502980483650658305
1509427440350908418
1504955069820772356
1504942160721977348
1499141994265948160
1505800687971717120
1509412032541564931
1504947327173333000
1505284516881084418
1509114752852713475
1509424706579058694
1504924016330563584
1502755023838658565
1505238526425714700
1504933598281052166
1505100830965444608
1506180540340260866
1504954538406694920
1505190256760471560
1502700956278038535
1503014700195491848
1505091206363103237
1505224116844089346
1509173333845233666
1505208496068993032
1504927108224720898
1505096513655029761
1505123971259318274
1504929481441566725
1505640152818987010
1504927025810845699
1504929712568958976
1504929093254619138
1504954470450479104
1504937952933289985
1509283949847228427
1504954921501831168
1504925380297252865
1501180532201250823
1505990689301176322
1509415520575102979
1504937754207137799
1504980439378935812
1499273120372375561
1505094313084174336
1505651604233596931
1509535950325571592
1505094021751971842
1505099215147573248
1504988475896086528
1509243764287672327
1504962403108368385
1504923251214106626
1509197080308461579
1505165931315609601
1504937783009370112
1506235291648114692
1505488456893538309
1505259935621427200
1505094958646243330
1505156086554320898
1505265631616249865
1505176543294853125
1509445161318850562
1509235036360429573
1504947484392632321
1509494356998246406
1505117412462637060
1509647494187487233
1507698701489291271
1504970943919280129
1509404611580420097
1504928611618500609
1504940568400572425
1504948030914666497
1505119149097422851
1505134262256906243
1504944994943180805
1504954435851669518
1508101735600074752
1505349125335924736
1505324634987708421
1504943341473091585
1503102309458395139
1504954512859144200
1505291786314465284
1504924083049349125
1504944636812574721
1504924646705176581
1504954830183444482
1509507299961880584
1509418748134010881
1505355154396266496
1505093251153514496
1509432183185973254
1509234814871814152
1499272092419829762
1505148439805448197
1505068929567408129
1505100301505900544
1505144235451994113
1505102361295044609
1505304220962115596
1505126196958408711
1504939550749212674
1504952929777852416
1509167938745557002
1504961684280119313
1505036422914482181
1505291722045198337
1505801091119788036
1505194933484990472
1505096645591109635
1509497399529644040
1504941697498861576
1504928187133960199
1505100264046579720
1509262381687451657
1502952872421515264
1504943207330820096
1505190610130640897
1505491139343917056
1506531131210051585
1509187914978234378
1504935814958039042
1505641873720942592
1504954168859054081
1504923589459521549
1504948543169171462
1505088757694967813
1504960768277725189
1509251019045322758
1509184556892659719
1505074281646067714
1505530737730199561
1509264814996172800
1505798275659612160
1505106312815955972
1504928817525178377
1509499648133713928
1505666056966316035
1509455637947854858
1505201044149739521
1505097289316057089
1505033586059223045
1505797334260715520
1504943173231128576
1504925975594819589
1509391177132482565
1505019870420901888
1509412752946831360
1504926949965283334
1505100492204130304
1505115821462413314
1506219078331113472
1505117521673871363
1504927788008148993
1504924308564590597
1505171737759162375
1502970586515001354
1505854856908705795
1509411001044807687
1509470396168478724
1504928120121475076
1509204012775710724
1509279753236320264
1509181036256768006
1505335072593006595
1504949394340261888
1505393983840731144
1509490049590648836
1509451656156622868
1505458461731135491
1505085151700791298
1509582177184403464
1505131010941493249
1505065488212185089
1504947895702900741
1503839126163972098
1509246076133552137
1509238456005840897
1509464871464751108
1505900747862548481
1509188446585241601
1499356282725314560
1502988243217928201
1505052075021029376
1504950799327182848
1509233961737895937
1505122547276423174
1504933399768797185
1505104464906276867
1509561951394877440
1505120278250143744
1505144207815680001
1504946870703079431
1504946439515947011
1504938569747636225
1504930546647973891
1505111724667645954
1499437744111636481
1504926154167242752
1505053799504883712
1505027994745769987
1509170089916047373
1505140416328441856
1509517715970695174
1505564407228682245
1509180573046255622
1505121488734674948
1505077498039709701
1505212993503649799
1505190884970749961
1509302459361017857
1505226496109170697
1505122846758125570
1509427935790485505
1505287433243566080
1505469444725919748
1504968133723009024
1509210456136814604
1505318047178969090
1505080954183901184
1502973470594023425
1504926820264775691
1505497591143878657
1505095212410060803
1509236559572348928
1509640375429910528
1505298056450920452
1505258567150014464
1509305746445545473
1506254944093057024
1509621484838428672
1509531299274403847
1509291297126891530
1509250103470706692
1509406359443410949
1504930196536840194
1505673092072456196
1504933029151653898
1509525661278425089
1504982766215122953
1509456133911678976
1505807549999759363
1504927740851593226
1505106281132138496
1505134191670972426
1504925357413175302
1509548370670637062
1505260426413621248
1505097280352833536
1504962447014350858
1504925455983550469
1499730763692056576
1502933492614762504
1504826062202675209
1509250434594189318
1509644329979191298
1504941214923210762
1505058128911642624
1504940605444661254
1509171817893842947
1505298098444279813
1505099851817754626
1502948063710781441
1505229748485734407
1509464448175648769
1509280282880393223
1506342186769698828
1505341552918421508
1505046823853076481
1504987173329809413
1504954012914880518
1503122584640106503
1506218798952685575
1499322727878037504
1509128848872550404
1504935558157672449
1505327393791262724
1505649516111872006
1504953853506109443
1505146728034492419
1505099372631138306
1506229040650362883
1509414880541130753
1505245818315583489
1509434557984030725
1509498056642899970
1509154930455719943
1504929633531215873
1504927724355436545
1509448658378539012
1509489397795901443
1504938940779929600
1507116404138557443
1505084525805776896
1505087925045936129
1504948250213769220
1509615571364626438
1505184826181230595
1508911520159346702
1505046904744423425
1504972542980853761
1505468042687528960
1509478307108200449
1505168825993605120
1509394599881715712
1505074618792660992
1505092142464647170
1509169445364768770
1509193063209570314
1505802953923379200
1504996529920167937
1505087999826083841
1505137645143437316
1505030771693731842
1509513533012299777
1509433404789600260
1508790410558251011
1505126241321504772
1509192306242592776
1505084661080461312
1505101246377697284
1509459848886423555
1505080759933186049
1504963318360031233
1509541075769303042
1504975620291366914
1504973594622939136
1500023817363771393
1505381428875431938
1509413601907515392
1505137733261537282
1505295450491994114
1504965768244518913
1505094062084444160
1502731243519201282
1509494838437236740
1505670345126289408
1505227459150729222
1509396824276312069
1504985301046988809
1509663941693161475
1502742805420072967
1504962625704284165
1509430914031534083
1505307234783436803
1505850732058234882
1505335453125382145
1505233430182875151
1509242322524979204
1505137899196624900
1504944846267682819
1504957614324477952
1504923732699074561
1509241227291598854
1505324518558027778
1505075270700740608
1509505210229694478
1509272605009850378
1504942305140166656
1509476158005469184
1502933676371419137
1504962243473117186
1509413488623603716
1509334310884626433
1509371250774319110
1509243231799857160
1505430812400959488
1507849240705437700
1509495503507099650
1509483511002116099
1508064424615161860
1509463927234732035
1509113767539392514
1505144453811654656
1505094984155992066
1509449213159120898
1505112250264297472
1504963436387655685
1504945061242494979
1504927822091071493
1509417080000593922
1505289840073617408
1505112245042356225
1509432535872417794
1505271108349607937
1505471469601669120
1504933247708540935
1504960726410141696
1509226755005063174
1505101092681621504
1505089792400371713
1505797372718292994
1509399113753845762
1509166872452816901
1505346115306201094
1504959976942489606
1504943669878702083
1504940617914273800
1506862422396706824
1505886506229153793
1505109128787771395
1504996669724712960
1505096817154924546
1504946099647352835
1504948475724713986
1509172165823893506
1509457777827135492
1509448772924891138
1504949618945183758
1505088248095387650
1505082717410582530
1509398694717706243
1504950466744131590
1505290279242416132
1505109364788637697
1504946446524637188
1505105666352074756
1505834979800010753
1504949123371474948
1509183428402589702
1509178560887635970
1505252881959636993
1504948236380999691
1503302759772299266
1504946690297630722
1504939893289541634
1505221584054796299
1509470296805359618
1507971372936540163
1505300688313761800
1509337258754773018
1509183588272590858
1507832823469776898
1505076357805584387
1509271234441326599
1509285036956295177
1509477719695843342
1505114354315894786
1504972566573768709
1509432714595913731
1504949621684064260
1509248973181227014
1504979717715382276
1504933018066169866
1505039651358359552
1504966139566243842
1505094977046691840
1509130483552169987
1505302892655386636
1504968039078506499
1509269009476292612
1505446404243824643
1509177570436202499
1504948891292258308
1504983591171858441
1509477664754708483
1509522354757591043
1505167607468630024
1505118712772321280
1509257636113485833
1504939290442219532
1504918065691123714
1504950232215400454
1505120889423204354
1509174960601939976
1505131442652733441
1505773312928063490
1504977751626989576
1504925618244304904
1509229087709093896
1505113157378977792
1505223332295331845
1504949152752488453
1505056878933557252
1504929809981452288
1502757743966494727
1509167504828121106
1505087941177135106
1505502634807107587
1505042567431348225
1509616282274091016
1509269553204940806
1509250764602068997
1509264021429628930
1509175909567410179
1500754807686057986
1505155041405120516
1504963753066086400
1505125179332116482
1509397382529748999
1505547368535572481
1505086297077166080
1505110017174814724
1509470709940109321
1501836449812992012
1505136845566496769
1509299713237037057
1505213851482181639
1506324551310970881
1505091868958334978
1504933744905527306
1509401389826555907
1509210871104303105
1509116398743793673
1506107983326973952
1509391168446111747
1509214563543224328
1509485666983456776
1505278309944504320
1509560083042254855
1509466181329170433
1509557429972963328
1509308812532097027
1504938387635118090
1503557373503356931
1504933317216407552
1504931151521140746
1505107196555804676
1509247261900947456
1505062610735190019
1504950854742380544
1509216106052997124
1509235469606924288
1504966882562134026
1504960643635556352
1509428067361452037
1505451746537127937
1509170335031209985
1505110831473872897
1504986756441165826
1509128531644764168
1505255893797068804
1505536300874620928
1505241646908284938
1509257940833910790
1505125426850586625
1504948643886948352
1506325454327848961
1504945743781580815
1505241677740576773
1504931688475942912
1504928906851278849
1502756361570066434
1504953945499869184
1509492176232800264
1505242373311406082
1509499653296988164
1505268497718329358
1504932870414024705
1505192272211632132
1504960623104471042
1504923631876509697
1504929385480081416
1509403768395345924
1505031494531788803
1509410906215751685
1509501685936312321
1504940106519511040
1503489794025967616
1509534239389147145
1502754665364140033
1505087888320516102
1505969434413998082
1505090625292615682
1504930896444641285
1509451437503307782
1504946098024103937
1505080446505394178
1504950057103237120
1509425445430771715
1504968064839864325
1509180410965680132
1506180884692619266
1505082243353559045
1509486301678129154
1505478127560101893
1509429783859449856
1505467474057256960
1504959456983105537
1504955112699179013
1509433913369845770
1505121525023784963
1504952486091759623
1509230290367127555
1506263401017786370
1507654312809443328
1502956681680105478
1509182146367442944
1505055202122121219
1504957932278005763
1505096502510817281
1505142907346591746
1505215958532726785
1505093122979680257
1505232857610047493
1505094496161259520
1505284853155217409
1505119316823400449
1504966774869139459
1504419832921526272
1505136203175284750
1504925546580520961
1505099402209333249
1504928736579395591
1505294032381128710
1504933856515956738
1505111376230031361
1503097036400476167
1509289621968068612
1503015726243848196
1509490166347538436
1509491087076995079
1504951735290322951
1504382062626852871
1504960200587030528
1505201874802253830
1502773408916029443
1509254728890429444
1505564764134682641
1509410695481368579
1504929685549035522
1504928454290116608
1504966957648465921
1504944022418341892
1505338882656714752
1506303305701601287
1504950800128393231
1504923741368762368
1505115470944423937
1509166236478939144
1509468606308003844
1504984596794036227
1505190331058475011
1504965249090347017
1504929931335249926
1506268511458443264
1505106890824589314
1505090350066585602
1505079172703608835
1504963113623433217
1504925158091460610
1504923800462413826
1505521940915802114
1505461626216095747
1502775365864939522
1504992049535270914
1505192166137729029
1509160856751329287
1505116536935272450
1505089274974195723
1505310049765310465
1505394907221053441
1504934990416683013
1509403874523762688
1506324214286061571
1506702690742591493
1505130930742116352
1505087130602721284
1509530689154293760
1504935564813942785
1509353718684266505
1504974014799912961
1509408753183076352
1504938667118415872
1509580693029933064
1504923979240325123
1505070506843725825
1509307100761051137
1509209022712455184
1504972676271595523
1509517957109538821
1509446089170210817
1504930324693848071
1505829043886825476
1509466353559814145
1505088097297575936
1507825736366936075
1504925872876404741
1504923519242719236
1505100878243581957
1509118061336535042
1509410445375021062
1509211764478693385
1504945736319967235
1509402190804402188
1505937551315685380
1505678463579181066
1505228416957698053
1500169981241221125
1504943643714629633
1509217848664764417
1509500286045466627
1502990546058420230
1509520760607547398
1505133428320186372
1505076321084489731
1509183072113250308
1505100810115559426
1504994367894925315
1504988065986760711
1509247371502403586
1504926983406645248
1505086816508067840
1505221484960272391
1504945497324363776
1503098447271976963
1504952827113840644
1509213563696685061
1505092810948685826
1509530132444160012
1504980741024886787
1509416320751882248
1502974286415466501
1505226033821360129
1505131255104430080
1509488182517243908
1509528511697981446
1505165215557730306
1505037481657311232
1509428440637792262
1509465959706378247
1509544266737106947
1505452074036875264
1505257968866140161
1509234216831225865
1505012210631909380
1504954970940088320
1505194101972602885
1504928473034465284
1504953476564099080
1502756589853413379
1500452558967558150
1504948626094706688
1505136021624795141
1509564939312185348
1505056502679277570
1505315277835227141
1509488760756621318
1504992688269144064
1504949672078675975
1509393473878827011
1502939837179080707
1509114028035125250
1505212087013883905
1505119357155880960
1509517793758257153
1505285721606742022
1505614745264603139
1504992414787948544
1504954220398747649
1509243565028823051
1504923377441648643
1509167928251490308
1504929051714203652
1505243576288043010
1507118632152805377
1505234662041468932
1505085946533928965
1504976496405925898
1504955985433137155
1505102585916805125
1505245093200019463
1505086117036580865
1504939941029203970
1505077902580322304
1504941678804750337
1509215030390181894
1509191944274067463
1505264125902995465
1509250431372906504
1504943013264515074
1504930106082578434
1504923417253982209
1509441395190341632
1505206769538191365
1505137542999552001
1505220913855356928
1504961293882695684
1504957131899949058
1504950654372126721
1504923954720423942
1505235037834334213
1505122353663160323
1505040334954373122
1504945652576526345
1504956434668298243
1504954625123831813
1505100191069884417
1505725169679147012
1505210959790592005
1505108472005898242
1505107808198475779
1505127399364698115
1509337986089066496
1509176941881925633
1505226428383703041
1509484072338444293
1509188123091165193
1504956538519273473
1505232773342236675
1509249063765561355
1505129939372232706
1509530130053357580
1509544670124199945
1504925126265028612
1503955805481148416
1504936493109940224
1504940194763522049
1506221718137978890
1509460243754930176
1505273984715264010
1504940763788025859
1505123595781083137
1504932714381778950
1504944321468026883
1505098153049174018
1505052317929848832
1505108871311990789
1504957062668857344
1504955602337943556
1505133829484335109
1505997570602115081
1509416743097229315
1509185309304664069
1505210103271677963
1509252693637926915
1505100817904418820
1505072425318461440
1509194996313907203
1505110599415521281
1505037637501042689
1509213230132080642
1505584529943277579
1505524770649030663
1504944842958323725
1505189567380525057
1502942790170333186
1504972468766883843
1504925253746950144
1505085242008383489
1509185925108088832
1505108611848146944
1509451600120750082
1509316551492710409
1507849685087801363
1504972841900548096
1504971511182106627
1504936804889280519
1504930764277923844
1505127571830317058
1506615591536312323
1505293385392922625
1504926471487373313
1502746727530516483
1505087034100273155
1509282671675031558
1509213519824265223
1509433084768366596
1504926933108285441
1504925289889083403
1505041891624112128
1504969973600509957
1509443999207198722
1509299582047600642
1505450977586995206
1505066325038743557
1509206748510498828
1505090991098839040
1505508791797829641
1505166603759112195
1505086432930578432
1509426768863711235
1509392909619056642
1509645542216843267
1509625438183702540
1509464406467485697
1509502869988429835
1505223979803549702
1504956130975531016
1509166945957994501
1505782825454379011
1509482175925792771
1505496421738426371
1505090433403215872
1505122701043802119
1504925212193734659
1509514966134669323
1504926366667575298
1505098625222856704
1509173541400465411
1505113336458928134
1505330404798181386
1509167900434776071
1509544363864604674
1508907177334947847
1502749713229094916
1505237141579878412
1509198026107150336
1509455081661476872
1504942577338003459
1505103999133011968
1504941691677155329
1502930918637543427
1504942367488593924
1505184167075717125
1509509673204035587
1504925505962844160
1505111770465292288
1505206962514014210
1509460331785035777
1509171866405068811
1504959955346075648
1509283461630242826
1505192097271488515
1504952597421113348
1504942907744206849
1504939402849574915
1504925710049329163
1505251465178324996
1500515280862199821
1505675278126878720
1506705900802912262
1505071166553264129
1505325306374246404
1509527089178820608
1505205504351797248
1505138599762747392
1504934432297390082
1504968740475228164
1505090952117071876
1504942335322382338
1505311672243736576
1504923968851042308
1509412852125380616
1506175831168667648
1498645017375690755
1504961802861531138
1509168455513264135
1504947898815070210
1509423035203436544
1504989695490592770
1509253819162628098
1506345994887303176
1505391478301986818
1509403833696505858
1505017968626962437
1505293705829302274
1509233535533686790
1505125226069336066
1505114493591896064
1505067925002231809
1505013825208213514
1505132287125508096
1505003866881986566
1504953295399534594
1505307874184118272
1505443213888344064
1506220898092781571
1504935857907769347
1504938968848248832
1505995993623506944
1505017024069705729
1509549449965678600
1509308188394496005
1505111028572508164
1505130115512025093
1505806279322841089
1505551912141303812
1504958217666932738
1505122044622606337
1509186474041745409
1504947965064105984
1509165932475785226
1504953955218071556
1505907226007027716
1505237046524325893
1505003460386869252
1504932436014243845
1505003391453470720
1504960696945102850
1505082935241805824
1505109135104385024
1504958963527430149
1505080600755163138
1504954707688800260
1504946827388506116
1504982332478001153
1504977438081753088
1505108592696905733
1504954232117633025
1509166859224027137
1506220301427818500
1505081036673363969
1509439659054710787
1505037928728309762
1504923630068809728
1504941902700986370
1504957995507200005
1505193405319634946
1505114586034413568
1505082315004858370
1509402545143353346
1505279312970330115
1505062658868977666
1505084662493982732
1505480306660454401
1504930977721765895
1509234472021016576
1504929604875829248
1505443646539284481
1505073067067854849
1504960125580324878
1504931966541516804
1505166294257176582
1505148502359392263
1504954483125723137
1505443685755981828
1504966237960474629
1504956040391147524
1509411324752797698
1509436197722116100
1509427119465631749
1505153724477550607
1505227506764423174
1509182857813577741
1509201734182346758
1505102270123417602
1505249366419939336
1509429249337405443
1504947768649031690
1509320293784899587
1504933400465059841
1509275505119399938
1499133154292121606
1504945802086694915
1509648510228045829
1505152670495121413
1509187597310087172
1504962484398084099
1509527369740025857
1505077779360010240
1504946673730138115
1504979793284116482
1505084240450494467
1504937327017316354
1503007610857009153
1504978808184713216
1504925846351622157
1504972100884471809
1509507269758758922
1506656890901700613
1509175762435325959
1504974851966226434
1505097097095352323
1505059908605075459
1504945789751238669
1502910552846307328
1505449141538902016
1505332289860997123
1509496302085804036
1509462881263403010
1507394772822114309
1504952406563450880
1504924121225912322
1509305329154240522
1505283166524911618
1505345903397330948
1505118436485181440
1504934209386917889
1509198506178879501
1505460212236435463
1509417892080668673
1505005183394271232
1504924589717176326
1505353438611349507
1502758997090353153
1502726289043697664
1505220408693379079
1504930214664679430
1509172623661416451
1509294433480622091
1506230472573169673
1504945205996306434
1509423512485781504
1509504383289114636
1505151691439673352
1504942973410283525
1505206350455975939
1504927520713580547
1504950580036489229
1509305769979781127
1504954651317260288
1505090809280057344
1504901660631568389
1499106531643699204
1505218972924448768
1509479735105048580
1504934962394456069
1504934166038728708
1509506329488105479
1509630369242439684
1509301522928177160
1509427817708150787
1509402973255909377
1504934099772919810
1505664912655368194
1504925821219315716
1509545231045304322
1504927013144039438
1504936958044299265
1505632862560829444
1505110243931525122
1504942660003446791
1505049660817346560
1509182639147737096
1505103719699996675
1505020940031344641
1505081679404310531
1504951543291912195
1509332153057828868
1505096524199600132
1509271292809203721
1509240707491536917
1505145011733676032
1504938251441909760
1505301696028856320
1505195131493826566
1505556114137657347
1505131374805762054
1504928789775761410
1509237286914908165
1505121099692003329
1505111740190793729
1505050268861349888
1509534865565360133
1505256262065434628
1502726889005371394
1503151556530741249
1509256430389497863
1505341009500192770
1505854527987195907
1505463139772604417
1504956056941781002
1504559386471149570
1509423311138267140
1509435905941118976
1504975562934304771
1509563900848742403
1509165903598002188
1509626800871288837
1509579201510313985
1509449798310576128
1509423920595750917
1509403464857702400
1504923664462057475
1505217407140380674
1505280825230774277
1504979856282509315
1509378545163849730
1509414138220589059
1509446929515786241
1504949012755066886
1504982164114493440
1509211300181721090
1509296296334606340
1509488947730292745
1505010010308366338
1505114347420401666
1504955953015316482
1505860931179458564
1502961461697683461
1509187911832453124
1504989559192498179
1505122830035435525
1509444774935379968
1509405237446066177
1509308570420064262
1504929704834383887
1505096998537465860
1502969594348199938
1509534312638648322
1505497928164683778
1509261306100166662
1505795701531463680
1505449652476432386
1505100699893436418
1505106098327629828
1505153217222565892
1499162310509740037
1505220895949967362
1505190881229426696
1505159174740717572
1504924118868807686
1509197564737990666
1504959302594965507
1504933715100717064
1509622484089384973
1509294960746680323
1505217798276059148
1505118374241656834
1509629550921236483
1505441520652070913
1505079237740572672
1504588412636090377
1505094923418501123
1505226727597002754
1505090795170406401
1504956062163734531
1509277856974749697
1505101725115506689
1504971081504935941
1504955079891238912
1504931608926773264
1504984160586412037
1505237942742126593
1505032057721966593
1505113284768378886
1505093745615716352
1509466310182383619
1509129811901489159
1505331630260596743
1505813573444022272
1505077271673155585
1502805349274951682
1504928025053388802
1504941716985597952
1509436554921623554
1509579613953011720
1504931563414380544
1509172607706349572
1502936569124167681
1509169827860127750
1505127602712944640
1505291800398999554
1504924949286432772
1505812447495704581
1504946387410169864
1509241002397212683
1509449215260471298
1504983145501892608
1505075070615666690
1505122326035189763
1509435395360055300
1509277964697063430
1504925836490727428
1505122473095933954
1504965975984254978
1504940686340202497
1504955373115088899
1505259942709710848
1505248447926083587
1505153486278823936
1509268660535406595
1505237070608011278
1509194606717640707
1505817697216610306
1505124071511674883
1505218079277686790
1507818045040955396
1504937432923398145
1504934529567543296
1504925461176102919
1509411406348697602
1509406987506921478
1505059180838797312
1509546824184565769
1504925911011008512
1509219002551263232
1505280195774849029
1505225886416740353
1505116584234340353
1504963790961582080
1509181993556508682
1509117871326216194
1506366302855868427
1509194663667900427
1505085360417738757
1509484804458401792
1505077364279156736
1505209551984934919
1505209442232639489
1504954196646248448
1504948519039295488
1499009386940964868
1509312281913536517
1505161475890900993
1509183314803970055
1505525792499015685
1504925008224731139
1509458857319358466
1505304987244630022
1505123016178548736
1509296487620296704
1509128079653888008
1499612230073171969
1502938383248760834
1502230803044048897
1509223429140008960
1505878181936566279
1504956690453647361
1509262978838843393
1505359373211607042
1505091818047823874
1505124774414102533
1509193036051492872
1505236013471387652
1505095573686398976
1505022795440345093
1509539345765748741
1509527821110202369
1505786437911859208
1505235839416250383
1509382872712552450
1507825726271197193
1505077322759737347
1505994987674247169
1509489099530510338
1502928298451607556
1509421587531014149
1505459743288139778
1504948783918071808
1509273354552885250
1505090193409388546
1504927822107885576
1505098994690760705
1504924494913323011
1504936703450038282
1508944603000434689
1509276488251723776
1505104222559383552
1505070856174804992
1504933115382403077
1509266290527150083
1504953137903579137
1505224961769758724
1509208272137605123
1505086982405373957
1509167133393133581
1509426709577314304
1509529425309679620
1509190290170695694
1505143080802000901
1504188204215418881
1505119942286483459
1499156724443451394
1505079240303198210
1505108704768761859
1509513829738291215
1505106063384887297
1504929176716906499
1505674384471736325
1505604136481472515
1505267703245950979
1505105906610155524
1505237097946525701
1504948274603692038
1502758150621048835
1501630855743168512
1504956136524500998
1504943707417686019
1504956946474057738
1509586146040365071
1505200350898315267
1505188533589487624
1505190210866458624
1505128238795866112
1509386849634115585
1505044612389515267
1509498413536141313
1505501167333298176
1509206731053805572
1505027674674065408
1505168319023886344
1504931802691026958
1504943862120341504
1509192027933749260
1504949364883611648
1509423041939394561
1509471269435191303
1509279081434652677
1506667535109865478
1506329537335939074
1505068969081851905
1505325876333977601
1505449527549079553
1500917050511872002
1505631945442701323
1509468694518317064
1504941879128899592
1502930630233018369
1505116022990385155
1505094518667894786
1505119226994044933
1509434486404128768
1505117316257927169
1505045167908261888
1509524470351872007
1509416993006444545
1505250595015479296
1505201473638043648
1505127390292463617
1509432012125491200
1509255333356658692
1509166532156432393
1506219170098253829
1504987242703511555
1504966589967446018
1504961884990197761
1509424856416370697
1509414928775589888
1509344795457642501
1509627131835428874
1509223758602674185
1505115910700511232
1504948644637818883
1505379950920093696
1504939352090202120
1505135286635929600
1505079690041638916
1504927328488599557
1505062342308122631
1509168739081719814
1504951368674689028
1505283185109782530
1504931994786009092
1509235366263508997
1507018906262818817
1505429858104524800
1504962854541303816
1509420445333872641
1505122596525907970
1505271493747425284
1504974628271308804
1505592836502261762
1505136219671388160
1509499283254435844
1505128346648297475
1506322994024566792
1509542192527912961
1505181398239436802
1505123675502264324
1504923870066847750
1509303845981143046
1505604512001712135
1505674335314497542
1503015141625012230
1509191370086531083
1505107480140992513
1504932369068867584
1504964859728904196
1505003778008825857
1509567374483206159
1509182946917462016
1504946294317588480
1507148251341983745
1509402861196697606
1505251669940092929
1505133867040137221
1505095903304163328
1505209702895992837
1505089795801985024
1504955296707395591
1504928070154825735
1505085461978562563
1504941003865743360
1506546567519612945
1509438284463755266
1505302897256505348
1509475074490908672
1506230645625962500
1505124787387092996
1505097566341500929
1505084852948844545
1509615654701514753
1504971139453530119
1504961292511199240
1505097351874158595
1504946427474202629
1504938123368751112
1505145922514214912
1505144472316874756
1504947353589010436
1505162696592969731
1504967159205691395
1509202257065226254
1505272526167068676
1509443064863019018
1509183195702513664
1505315666181636113
1505108752017596416
1505234012838797319
1504931524298383371
1505126628590071810
1509128472580526080
1505123672167755778
1504968014634135554
1509175526606450696
1502987952019980289
1509445346941935616
1509445613636751362
1509480129759784968
1509289270158278660
1506334512371933188
1505303726885675027
1504968670900015104
1509166867474259972
1508481989153800197
1505006162718175233
1506009188094586880
1506231610735316998
1505123276271632387
1509648392632287233
1504943413292158977
1504730419262021670
1505834461744799745
1504951261715742728
1505507260897894405
1509628094369439756
1505465320785551362
1505112771091963906
1505094708678336515
1504946945428705281
1499270966194622466
1505113532450418688
1505848179459244034
1505074254353735680
1505831004883333120
1504954492952981504
1504923858620796928
1504974696843984899
1505093369483214851
1499271269526605828
1509506796544839683
1504945530895482882
1505127402615316486
1504924569999745026
1505079139270811651
1504927464388190210
1504932630617378823
1502948895458054145
1509258738355646467
1509256352803217411
1509402406580281345
1509146088254681097
1504543400577667072
1505287907266936834
1505115734304776195
1504937112105373696
1504949588536483846
1505363259301535752
1505189583893508104
1509230752696782857
1505528464924938240
1509170347551215629
1509421953110757384
1505519007566344197
1509464126384492549
1505573367188971528
1504976407721558032
1504944023915667462
1506223577707778054
1504942331967033344
1509508373351473156
1509208674786549765
1505197174312865795
1509191960187346944
1505254792507105289
1509341278953263108
1505007546624532480
1504947440058839044
1504933029973790722
1505100471345819650
1509577022829436931
1505103653753008131
1509405048803106817
1504955397685358597
1509277315271954440
1505799677999988737
1509244578234314758
1509206152994824197
1509430118040674304
1505055356841517059
1509134483718647812
1505136514707169291
1505675749713448970
1505096543266918400
1502972283270406148
1505217040071671816
1505302995566829571
1505134390237618179
1504949133009985541
1506221306089455616
1504923512338882565
1504930906825539587
1505070781340037123
1509380224185683970
1505530619132260361
1509243701129846784
1505271996850003968
1509602551129415689
1506338889686044672
1505125882716954627
1505090568518574080
1504944367877996548
1504936263845134337
1504949433041051652
1505121295482204160
1505001041380757509
1506651178108702741
1505191566926823433
1504925540096126977
1505642390232653832
1505035566034952194
1505194795685355523
1504924762828644358
1509513871853338624
1505211957095317507
1505536812550430726
1504924512982294531
1509476516803100680
1505077923241410562
1505612245740498951
1505266635044708353
1505176512277979138
1506280797459951630
1503091740105920520
1504960874028613632
1509206091678294020
1504955612777615371
1499269561203441666
1504924654754009093
1505042059916423170
1505200066901987330
1509332764214108166
1502937612025311233
1505221340269268992
1509470620094013450
1509440882340151298
1505100393746997252
1509227332908859401
1505199371574464522
1509403201623240706
1505190678690775043
1504923423365029892
1504952206826553353
1505492747679109128
1505062441025163268
1505178403263193095
1504924614744489985
1504935931190685701
1504944767712612352
1499612619623198722
1504927199371186183
1505514779884015622
1509206290584813570
1509566868385931282
1509245632590102530
1507697627663581190
1509457645694029826
1509290683777101827
1505225839008432131
1505087988597993478
1504934758996131843
1504925109785702403
1509497630409334785
1509423120565817348
1505506494191648770
1504973218825785348
1504946889086619648
1505470727901822982
1504952371817951235
1509266414707818500
1509189084845121539
1505305432927186950
1509597981112164360
1509453849504985095
1504924928046473221
1502828363811020806
1505180600445112322
1505234685085073409
1505091942178344965
1504943228004540420
1509138503602515976
1504983236103000066
1505098049089155072
1504961473990340611
1509516072499789831
1504939931759779840
1509244065375739914
1509435288308879362
1509169653511241735
1509356615958507521
1505032664088293381
1504928706464264194
1506219037281472513
1509206324042739722
1505095065634541579
1505014322505867267
1505224419794460677
1505100548147716096
1502925906201006083
1504928574423420933
1509472266039578626
1505668946149711877
1499157063989088257
1504943734919766023
1505156368403206144
1505094256171565058
1505113633352790021
1505106157224013827
1505074644654641153
1504937563970322434
1504926548771622914
1504965021612363776
1505243569287839748
1509487422362554371
1505064781237084160
1509396932187373571
1505063558383603713
1509181724902801410
1505103807683903488
1505113127028932611
1509469171087822850
1505294194746736650
1504953453801619462
1504925010032566280
1505473086665154563
1505126386629025794
1500917032585515010
1505106154128650242
1504929631849394179
1504944036964188161
1505080947246514177
1505150872438853636
1505465409553715210
1502841772740915206
1505160628826439681
1500742427677708292
1505072469031649281
1509516961818062849
1509191036618395656
1509483674592497666
1505103263762423813
1505882642184654850
1505118603842146312
1505200226868543495
1505134432218492931
1504943776372035586
1509512504946442243
1505111380923502593
1509208117409632256
1509463671117955073
1509426792091865088
1505089421372239874
1504934351179497482
1504927953695748106
1509585309524058114
1505092369196228609
1509436564732059648
1504986912196603904
1509499422610186248
1509423136206434308
1504984826742558721
1505519028726648838
1505200570159796227
1506225362723815429
1509254863175270405
1505092291530264577
1505080048579186690
1506178333347885056
1504982434206691336
1504923398341861380
1505504629542506496
1509409341782249481
1505181736732352514
1504948102041686021
1504955483781804036
1509486760102875143
1502923955765755906
1502897630317268992
1505182411776213001
1509290277613223939
1504925642931986436
1509192151120424960
1505090167014633473
1505081286368677889
1505130941425111045
1509401555723821059
1505386120787410944
1505103130438123520
1504928375122575364
1502952717311950852
1509244239586205700
1505292770424066055
1504936745284128777
1509239942207225860
1505946481815080968
1509214976757706753
1505112675109457926
1504924295545466893
1509428352007946242
1505285935122034699
1504951536992292866
1505094371590524929
1509649120964849666
1504939571154407431
1505059909137752070
1509406858645233664
1509442782703898625
1505262334591307777
1505065107545595905
1505502318615310341
1509578783011053574
1509435463202922496
1505068431988740097
1504944859219644421
1509585012974403587
1504924724522070016
1502696137958080518
1504932997644042242
1509539834540572682
1509438082226995205
1505192293288062978
1505006317441798147
1509390913847668743
1504925812491014147
1504923456948817922
1505228527070814212
1505309253111885824
1505295471727849478
1505165715208298506
1504972052272455689
1505089655104061450
1509407593642532865
1504980237079269377
1509661243547783171
1509311228488867844
1504943686739714059
1505167035659083778
1509449402603249666
1505463048034738176
1505290845255344137
1505011010553499661
1509437461893627906
1506376828478496770
1505812708960178179
1505304532322066432
1504975501244387330
1504937374220001287
1509501802433159169
1504972876247707655
1504974504887472130
1509446238034440192
1505277481024172033
1505007199092891653
1504928372798939137
1509630250858254339
1505766083919286272
1509381031958355976
1509297490130083846
1505310775786852366
1509593576581308419
1505272003720368132
1509497149385584649
1505159691806117891
1509486658600767490
1509522653798883336
1504930584677728256
1509257851637751811
1505022194006507522
1509187439419695108
1505079525171941377
1504924527775686657
1505506364403200001
1505249236887220227
1509493910195867654
1509450230261071876
1505104341031698435
1505221304751906820
1508427099446644739
1504943827185979395
1505114505487032322
1505993374410715139
1509426479590948871
1504980056371830784
1505189525773037569
1504960977325940741
1505483628616241154
1505278631664361478
1509570421057900544
1509217776677838856
1505676778957856774
1505109353464045575
1509199415768236037
1509424248447807489
1503124899015147528
1505845380554108933
1507045864463908872
1509575008183623685
1504997500398227456
1509573922882269201
1504925943680413703
1509423508031516672
1505238723897839619
1505011117214642181
1504924171712741376
1509446326290948102
1509259020804182017
1505057572012929026
1505027310591922177
1504733709433462818
1505442929250238464
1505214034089545731
1505149301651030019
1509189475628462087
1505475355741769731
1509491438815531014
1505128466588569600
1509512737596100609
1505826988019392514
1505053620651573251
1504943393448857601
1502770439260672004
1502935138229002243
1509245110118146049
1509585141974417409
1505289320328011777
1505798406995910657
1504975098826084359
1509204623306936323
1509484436924084225
1505200405067837443
1504937800990404611
1509445397839847426
1505067698983735297
1509410435321446400
1504952697816068102
1509211037609963527
1509451871290810368
1504968854933540864
1505156207186792450
1504946316719366146
1505309260997173257
1509228000495259658
1509426561011056642
1509171300006301697
1504923377512988680
1509446428078350339
1505268373244063746
1509284234686607361
1509278251533086720
1509438678245982209
1509475519502422018
1509246765731561475
1505142410296311812
1505060686858174464
1504945958697807885
1504937508731338757
1504995850547773443
1509307195795689476
1505843902766583812
1504986527646035968
1504937145382936580
1505111398032027648
1505192680355430400
1505461785821913092
1505278351749140484
1502942621211271170
1509166302971281422
1505674445310070788
1509202324966854663
1505462535184691202
1505008617245847554
1504937390758105089
1509304029003886597
1507544356181446665
1504994146871824389
1504966556589207553
1504932147806838787
1502995255624351747
1505127974500192257
1505156389131505669
1505001280162390017
1504969302876823552
1504929564946051074
1504933193576763395
1509450893154037767
1506223114782453767
1505248561050619906
1509411576566194178
1505119607480328195
1504937227704483842
1505108177381208065
1509594252879216644
1504985826626789378
1505004601917026308
1504936356459520000
1509129085238267904
1509173047907037189
1509296557757190144
1504935229441683463
1505095248636166146
1509229216545574915
1509649404793339910
1505506717953662976
1505127351428034565
1509660340602167298
1504970783738810370
1505992842270937095
1509463996809814020
1505675725474607108
1509166797811064832
1505116208898707458
1504985432936927234
1509428250463907841
1505236658958082051
1509512535602614280
1504932507678130180
1509497552109977605
1505067174263767041
1509168474526035973
1504931636567289863
1505117332665995270
1509621488063819776
1505097175625347075
1509650277389209600
1505226795989221380
1509271997355859978
1505099661249548288
1509508396004827137
1505237940502470658
1505142469385666564
1505126875760320512
1504971570372128772
1509298859209633794
1505091023101480960
1509226254666539020
1504947402146463746
1509410346800398337
1505124997173493763
1509286031505436672
1504975696858337280
1504923810881024012
1505101244867698688
1509412003906994178
1504931134647455751
1505076175223328768
1509502214041227270
1505115369920507909
1505133533328719874
1509192432554061827
1505172318351417344
1504945249067675654
1505872407101386752
1509426154175934465
1504956410408448000
1505104412871692288
1504990677612040206
1505102684944322562
1505129376182059013
1505297293788000256
1504931421940600834
1504923660473315332
1505075877624918016
1505278526215311365
1504955987664515080
1509420869738770432
1505123377127768065
1509439078441361408
1505252302764052494
1505100262297542657
1505070978543534088
1504938210564186113
1505101325952036864
1505025869835821058
1509218080924311563
1509308281050828801
1505300799102066695
1505267353931681798
1505140257511120903
1505118156238557185
1504942553312997382
1504938429800452096
1504930029653958659
1505128538718060551
1509305241455501316
1505229791892590597
1505112881242771459
1504924600681078786
1501878668892725248
1505157955204833283
1504950337362354178
1509528604442517506
1509486859516321792
1505357749567332353
1509280276987400192
1505197060613722133
1505456202653872133
1504958452011094019
1509438082944229377
1509249015610757136
1509131456412585987
1504937817163673606
1505089682958434305
1505095560080072707
1504942836504047625
1506698525345820673
1502711764160499719
1509488844051255302
1509432356058320898
1505108794925326341
1504949460518019076
1505155092588150786
1509180449452666884
1505620385974345729
1505285525439193100
1509173096640659466
1505667595323817988
1505117244623360001
1505232088471150593
1504967285127192581
1504951391009263622
1504946525897641990
1504925513781071874
1509414242293895170
1505106923292610561
1505937506398875649
1504967957440569357
1504938210719375367
1505526306108329985
1509318801170522115
1509430279961812993
1504938372699152385
1504966186391506950
1505168745903366153
1504928784360820736
1509274518484828164
1506221569416306688
1505134385129009155
1504923305245089794
1505022947592912899
1504940964728737798
1503073741772922884
1504955538689622017
1505091538019393538
1505405653837389824
1505100311496695809
1505029480020070401
1509209336723218444
1505086541852561411
1504941577290063876
1504562793059692555
1505203066982776838
1504926768939024384
1509446032530325506
1505125730128121860
1505077618319765504
1509186208336863239
1505627495802019842
1504926489820774401
1509217375836688389
1506700943353655296
1502954097376481284
1509174795916779525
1505066458107240448
1505210987955343362
1509246052809035778
1505328066075275267
1505484407418896388
1502986247953956865
1505113620195205123
1504923351978065928
1499516821191503877
1505177459427266569
1504927391927447555
1504966234315624456
1505836942763732993
1504924409831829516
1509400901324259332
1504930101472935939
1509177643027116040
1505494369717137415
1504935465589395456
1504952851142885377
1504976675242717193
1504958831914328069
1504932328635879424
1505109478374612992
1505284987075149826
1504965446835052548
1504924590816083973
1504928167433224195
1505363020414738434
1504953495786594304
1505092008964153347
1505288983663849474
1505171965858000899
1505085050886443009
1505080250807508993
1509506224487862276
1505057416139976705
1503003082875154436
1499111981361647618
1505134426417729543
1504948958816313348
1505130543142342657
1505101662704357381
1505247125118255104
1505347607111122947
1505194888828178432
1504970672547966977
1505004043726475264
1509245738924101637
1505093825928306692
1505016571118424068
1505076033485160448
1505713513829998592
1505321559459774472
1505297674483994628
1509153610734710784
1505112229737377796
1509535108650438662
1505550055071223814
1509235839980785674
1509314556941815808
1504923461118005253
1505895842527461379
1505111837016305664
1502896024020475907
1504943704527757320
1505799609364496384
1505512079549243398
1505258910630002688
1505210136691986440
1505165427391016964
1509669518490095620
1505131401385066499
1505651888724840456
1504965666771775494
1503014146295713793
1499235220914163719
1509240469842190348
1504925596832485377
1505284185942118403
1505040348078297088
1505129754743259136
1504928171161960452
1509614137885831168
1509294724116533251
1509613065284820998
1505209963307802629
1509441848800124929
1504886278906597379
1505091405735153670
1509438249202331648
1504966390196883463
1504964209657974784
1504925900516773888
1505792010258718724
1502716185200242695
1505243205629005828
1505134436995809281
1505241950869413893
1508187744522153986
1505063874994782208
1509166844002947083
1505096837572796417
1505086012929806343
1505088899172999171
1504956954493571072
1505109210807296001
1505065273677778944
1504939491366219778
1509482578822238208
1505096056895418368
1505079003832631300
1504957393867792397
1505642024409735173
1505074554108092418
1509194640783814663
1504923864505196547
1509461709685243915
1504936062304636931
1504991855632650243
1504927408104869890
1509427053560532996
1504100876482486279
1505100982811869184
1504981034181533703
1504937552628883459
1505009736802095108
1509424797855408131
1505054689863380992
1504954799862779919
1505552521732968454
1509390736554344450
1504974930777157634
1509203766448435202
1505799694282366979
1505022174117179396
1505484799796035585
1506578740997935109
1504947530617999368
1505101554109620226
1509168797176975364
1505103230824550400
1509441475385434117
1504977124733685765
1504995704460259328
1505304428072611842
1504926689524170755
1504941468619886599
1504924889874055173
1509635233683054595
1504948066104881157
1505176073545428994
1505146307341697030
1509227116390408198
1509541137652060172
1509406540826128390
1504786779735535622
1504978611002093574
1504923522640011264
1509500797205323786
1509148354021896200
1505090953752854535
1505146815041126408
1505115594198294538
1504945630380183552
1505555311607914497
1502948076138508297
1505261880541130763
1505096917952380929
1505465313361637378
1505313596657610754
1505095294849060865
1504925681200910340
1499134164557303812
1507394806196191232
1509509766456000521
1505154395243225088
1505003775068618753
1505319984481943552
1505107931695616000
1504942317232349191
1504939507283595266
1509414453384814597
1505221787679924230
1504959089809448960
1505287854414512131
1504954281329410050
1505100254139588609
1502918686688096258
1505300442955362304
1505312433988161547
1505167635394314241
1509166294473527296
1504974509958381572
1509485264477032457
1504929692062830592
1504936418451369984
1504945360065732611
1505242853722791941
1499173646526517250
1509441006747455489
1504947967517724673
1509437966468452352
1500514294261297154
1504939258825560069
1509180106761252870
1505094130313084930
1504944785597030407
1505258966456147969
1504967264247980042
1504948864725528584
1505160770065244161
1505090794834825219
1502994767499739138
1506376787806371855
1505149644870979585
1509512035775782920
1509418292376743936
1507449750093762577
1504959358110945280
1505131662828519427
1505117911656157184
1504935836583960584
1504934402362687492
1504927462714712067
1504930330054119428
1509468587160969223
1509606205660053508
1509397748948381697
1505521111412400129
1505498427731456001
1505084427940020226
1504950520213127172
1504949225691529216
1504869462335492096
1509508329722331136
1509166381505331201
1507394353869856769
1509402953249136642
1505302780017356800
1505557799715102729
1505071610214199297
1509180076151214082
1505500091003682816
1505190935403114499
1504937855151484935
1505090436490215430
1509173813728235520
1505619036767502338
1505158652692422663
1509443637226131459
1505699182539116545
1505053222301483009
1505082509654175748
1509563215646232583
1509445716451766278
1505115255436886023
1505155506532401152
1509485456890765313
1509650087114379269
1509232425595031561
1505149422124032003
1504946239607087109
1509185358352859144
1505132016249065473
1504958145805885446
1509222437300412418
1509236352805744641
1505154597668757511
1509274679462313984
1509460816264900610
1509244784082309128
1505146831067652098
1505152020264763396
1505133330735448067
1505095211541663745
1504948316047613952
1504944304413937672
1509168546449960962
1504981415506714626
1504960223471194115
1505120595935125505
1509420261547945986
1505106676248203268
1504980651539415053
1504969863982370821
1504939191964164096
1509433380567490561
1505972944136282121
1509180323413770241
1509466562234830885
1509509386208788483
1504961692966526979
1509642841106092033
1504931652144881664
1506548983539372033
1509423701326024705
1505489973386133505
1505307010308390924
1509176738592481294
1504960392543485956
1509490106385805316
1505286407782383618
1509574353150742533
1505121343976656899
1505174257051054084
1505000290260594689
1504929268853358597
1504926057639686150
1505085215773011969
1504926576428953600
1509406633096626176
1505000837378191360
1504956116928712706
1505131982229024775
1505118179626004484
1505113917537849354
1504944217784733701
1509667753220886531
1509181640572035073
1505278098761293838
1504940802442678277
1505100994035818498
1504966538004156416
1504961808582459404
1507851371202203648
1505675853082116097
1505209042121244679
1509504093282357255
1509403096522412032
1506226751868968966
1505089580403503106
1509471556573016067
1505468012928897027
1504932251716435973
1509434395492556801
1504731121749221387
1505140509379121155
1506689276938964992
1505046207412027402
1504931280953102344
1502977985854550019
1509632960072405008
1504977307076808709
1504935098512285702
1509116717322190848
1505219755787141120
1505095860732014597
1509421120667148288
1505301929349599245
1505290078050037765
1504928669755715590
1504926952922271745
1503268910245859331
1505091766567022592
1506367778999214087
1505499152742064133
1505096345618632705
1509296000309071883
1505092915789545477
1509177105984241677
1505137293912584199
1505094474900324352
1505446522682494978
1505094257476091907
1504971812689612801
1505096495292461056
1509515246519660550
1509499004991770626
1509310451984838656
1505452037340811267
1505078879702114304
1509183867051253772
1504987402015850501
1505075103608053763
1504932485548978176
1505239303072493569
1505170498228994055
1502981596953165828
1509251991847026698
1505087181395828739
1504924473123917830
1504938278964842500
1509535198228189188
1506341456059027467
1509427655673843712
1509418016072769537
1505160445824483333
1505081039164694529
1504924142352715776
1507416471231610882
1502990391011950597
1509271574456807425
1509172865198927876
1504932012355985416
1505085688387190794
1504958683414941701
1504972778042187782
1509450521874161671
1509440409243734023
1504924911965548548
1503070568379203587
1505096206917242885
1504578929113411589
1504936513926320131
1504187933519228932
1504927443089604612
1504953623167569922
1505101292485623808
1505240229279584262
1509386634873163780
1504941482234589191
1505116054871232513
1505503612025331715
1509200746398507008
1506229604155072512
1504974156684800000
1504960577864613889
1504949158108663808
1504926397814480898
1504926357876314127
1499144180450439179
1505003492188078086
1509523202749480968
1505034091724431363
1504965793091567622
1504972176063189002
1509297078106832904
1505089292909039616
1505297766699999235
1505453096889106436
1505218599509807114
1505137132205182976
1509357924581265413
1509435112206778368
1505044029863604233
1505074055623417859
1504959334035472390
1504924893099536390
1505067638048837635
1505675211173249032
1504929109138456586
1505127809697693700
1505073455921778689
1509595476361945091
1505227768258347015
1505239615682273280
1509420418008076295
1506219304584458245
1506219246245892098
1509485335855738890
1509418223460134913
1509166704626225158
1504736751558053888
1509443324322754561
1509444146255339521
1509171812344733702
1509477120627687425
1505109559807033345
1509189716884742148
1509632987021078528
1505812016036028416
1504953762338779138
1504989684170117121
1504983083250073600
1504957525787086848
1504933315039662095
1505094538502754313
1505224383996084224
1505557894774894596
1505104583038840833
1509176129336360969
1509441176897835009
1509519733707714581
1504924837759836161
1509395169833099264
1505092702127411203
1505481844598448134
1505198810489921537
1502754850895020037
1505124538513862657
1505216342537949191
1504952779051253772
1509517856379129856
1509401163132715009
1505099969119801345
1509509491615752197
1509254671516508164
1509430633545748481
1509530306520432640
1505080758385451010
1505100964092542977
1505109311600615424
1505047541137780738
1505083513032392705
1509450431914778624
1504931894890311683
1509439590909755392
1509352514470227971
1505113937171435522
1504927221466775552
1502956587023060997
1506340594825764870
1505338423707582467
1505508456601726976
1505222448643461121
1505275991232499720
1505002225877331975
1504967610743590918
1504931731975061507
1502764280055279629
1504934100305694723
1506132627388051457
1505077654168424448
1506178189281959936
1504951437964582921
1509403095528316929
1509349583679377418
1505078349798023170
1505673597762822144
1509236969942962176
1509181579452727296
1504970476162011147
1505136193469661191
1506734748575715342
1504966822558375942
1509283917643194371
1505211760567066624
1509314875713110019
1509490594271444999
1504938322564722697
1509480344419975171
1505250062078730247
1509481059414835204
1509174331707908102
1505067799261163520
1509236856281612291
1504978477791039495
1502696069527920645
1504927366132473858
1505106111623532545
1509279389334355969
1505049192150052867
1504925124688068609
1509433507386376192
1509394115749982209
1504946274528899074
1504927158342492170
1499112311319154707
1504975677522653192
1504934465260429314
1509257951495741445
1505104445654413312
1505267522559430656
1509549318679715841
1505061535273697282
1505123144859893760
1504953617790517256
1509470122192293891
1509421469037703171
1504987588276412419
1506229842974543875
1502947042401923076
1505068141616971779
1509198569768722439
1505110104034717698
1509166643812970503
1509500511820652545
1505242308391968770
1504948879409692677
1504929756495720453
1502753934271782914
1506219777999753216
1505207746014101515
1504952221066276867
1506230007684870145
1509478742107856900
1504923904950915081
1505099714198450177
1505115973350838274
1503744178949341184
1504931262120800256
1505103573406949378
1505093894542962694
1505479232562077698
1509443566191493125
1509266046506651652
1504926839164313603
1504950811872436226
1504943119430664193
1505254411068743690
1504977726821715968
1505604986738253833
1505179336705560581
1505096288811073538
1505032592663486468
1505142680648568833
1505110063589040129
1505010769414471681
1504927675953078286
1504944567489028097
1504946836628463622
1505065572047933440
1504923962639273984
1504927850331262979
1504926963143782404
1502272527103631364
1505282050210811920
1503124762180177928
1504954091998523397
1509180916706467847
1505158302279348224
1505678770996453384
1504948594088062984
1505559577806479362
1504953292014694412
1504943172392300545
1503482204923600900
1509476183523659783
1509441792281874436
1509403633493987329
1505146121286467588
1509447173552943104
1505077156216553477
1509495374481965061
1504928795777712128
1505162219704696835
1505226918580432897
1505474029314056192
1509426434808418306
1509206292665147395
1506640865971822597
1504992569729724419
1505089444445106177
1505091523884593152
1509579848804622346
1505470776597749762
1505131825097809924
1504944143180697611
1504924679148126214
1509418901045747715
1504962790754291713
1504969662781702145
1504926551741194252
1504924003529637895
1505122562535215107
1509247168552525839
1505287072524947456
1505112252810252292
1505015733046194177
1505006820691165186
1509508655321915400
1505482295196721159
1505117182132375554
1504926349890396165
1509402690362789889
1509321179567431686
1505239394319540242
1505252531227836419
1506581217310826498
1505350557422309377
1506582205400768514
1509178646409498628
1509605967444553735
1509392131613417475
1509143693235740680
1505269309672763398
1505237778090635275
1509247395544158208
1504939850298015750
1501676777370001411
1505484087502516230
1504934403151122438
1509467244602007552
1509514118398713861
1505825817586249731
1509519379783987210
1504926244130983942
1505093653437497351
1505011252501827586
1505489463979433984
1509496961992466438
1505055643002195968
1509402913973714949
1509129410271752192
1505091357135802374
1509318474300104709
1505445252114571265
1506228463681867779
1505197857489440773
1505138827580649475
1509397463240785928
1505254617814388741
1505179070006538241
1505105838876282883
1505116785309360130
1505267010401406976
1504965346230423559
1505277793994788875
1509428937193107457
1504955712832778250
1505078490848280576
1509240680404721667
1505469686879825924
1505826184940199936
1505220048067125255
1499150104439230478
1505288171977912320
1505014595429310468
1509405163538288640
1505099029302190084
1509265285248868360
1504974142180937728
1504946858527014917
1505085220508291075
1505139882544570370
1509412618393501704
1509211205390450700
1502969066226659329
1504944713148862465
1499860356923015170
1505940627166478340
1502946842920853506
1504948152910200838
1505461358585856002
1509508388379574272
1504948713587978241
1509467318157561856
1504952320303505415
1505099718292090883
1509221579582066688
1509210295461466117
1509404650763657216
1505098721079529475
1505155019594776577
1505148161471528961
1504982904530780163
1505074028528156673
1509556713195778048
1505085916972568583
1505481224759955456
1504958747491319811
1509659525627977728
1509226678119284746
1509174111104385037
1504940787368349702
1504929238322921493
1502943407068569601
1509464689688088577
1504942961796296710
1505145844462411776
1502732728487321601
1505108090181591043
1505057665172529158
1509649422921179140
1509404568827973632
1505063122364678149
1509509918243577870
1509170079535140865
1504953657053302784
1509610779326271488
1505259588752449547
1506307800204558336
1505119550601314304
1506234921450450945
1505796530535645184
1509414086425124871
1499524990248566787
1509270600262553603
1509180495916986370
1504975771571560454
1502735356629856258
1504956674628542464
1504930983845535746
1505221220140257292
1505105627051401216
1505258674540974082
1505106480965603330
1509407709598294018
1504951688188383237
1509615912936161281
1504948007497834496
1509129350238584835
1505029842416373761
1504939558366060546
1509403116374048770
1509166107764178956
1505120283350478852
1504948935361708040
1509494267466686465
1504931873746731014
1503975414439550979
1505100262200991744
1505183037964881920
1509172308061175813
1505104172055736324
1499163433564086280
1505227872214077445
1505148010258485248
1504931451388764171
1504966703528263685
1505516770819403781
1502970084247191552
1509455387287822337
1505202727995023362
1508944352206229505
1509495647879245828
1505121347030110213
1505220774008922116
1505070672824918016
1505115233173524483
1505353167076270080
1505130866502160384
1504930067264286723
1504946540049321990
1505197157577601039
1505159311588306949
1505082978560528385
1504925450669371399
1505284212491968512
1505538547322953731
1509438804536578048
1504938649720438785
1504984727341735939
1504925700909944834
1507823969260482566
1509448509862330370
1509197198109687809
1505496951521005573
1509297247653085189
1505170402884177920
1509433153273970694
1505956228349972481
1509235274072604683
1504956754739740673
1504934796828499980
1509403879552782342
1509175363926114304
1506379996021112835
1504936982828527619
1505552414207840257
1509435896139071488
1504949082934153221
1505313852010999820
1505113940099014661
1504924834387697673
1505059799205044228
1505442036312428545
1509442003309846532
1505624387558465541
1505489342546026498
1505354687792492547
1505110731821404160
1504946770777944071
1504977230908243970
1509296290047397893
1509381196609896449
1508906618548858890
1509447764375179265
1507420168951107586
1504978423957143557
1505585616385462272
1505078237508128769
1504933290817560584
1505884323785940996
1509589265474273292
1505595889376768003
1509410440245297152
1505354208345792513
1504987367060299778
1509455396636966920
1504960742797238275
1503098289297711115
1509287909882540032
1505087983397003267
1502715582340378631
1509449248911372288
1509185054542643207
1505610757223895050
1509659109510901769
1504926411089395715
1504186525331988481
1509430821744263170
1509406246922825728
1504949992519352330
1505146030865715200
1504958347702853632
1505220533574672388
1505092898341150725
1502978518682112005
1505217612258676740
1505080404432375811
1504944261699186695
1502954418169335808
1505099915868917760
1505036361371320320
1509483685199978497
1509510393944997895
1504949194083164163
1504935086201913349
1499112488469770247
1505263942259691521
1505474783542136832
1509507703240114180
1509256591371087879
1504954891491500036
1505111207321255937
1504954267286781955
1509281845371826183
1509203909704925191
1505234081432416263
1509181994319679490
1505100499414044678
1505235970517606412
1509262571601371144
1504961085010591746
1505336792949665805
1505219886997549062
1506344976187379714
1509257886941290506
1505126674165379073
1505108071995310085
1504924632062828547
1509507253782851587
1504975171924504581
1505125974643511296
1504935408823644162
1504092672117641216
1505072688800448513
1505261548704575491
1509483617155694602
1509443906647298049
1505074729991999490
1502913590822686720
1504959208533499906
1502932833379233796
1509632798071611405
1509182305495293953
1509475122616442888
1506023099023904769
1509173702268755969
1505150537293090819
1509451286978125834
1505078334979461122
1509431054968500224
1504951869310910465
1509194820048281611
1505131299429883910
1504926260950368256
1509213495384023045
1505224305625473024
1504937831503958017
1509568946525159432
1505212279486308356
1509434368044974080
1502975344390901768
1504971117521518597
1505651270077583363
1509544166094688256
1505241764092956673
1509435946374160384
1509180828273758208
1505118221384531968
1505082623991107585
1505082745625665536
1509482223950573575
1509403746262044678
1505077414564712448
1504924077659729930
1509445848723345409
1509414797762342912
1505211272601739271
1505108169390964736
1509390436103766023
1504946868714971139
1505079915649060864
1505169669682089993
1505012101563174915
1509619448885694465
1504962473543282688
1509168331500175361
1505126227769794562
1504959780326100994
1505071486352121857
1509431848862208004
1505024915703058432
1509528409658912768
1505171253191131141
1504964953081585669
1504243896951394305
1504963780891090947
1506392592388399115
1509236214649532416
1505502639685091333
1504945521777156099
1509567176759562241
1503003771315625993
1504943667546574849
1502789484840165376
1505153444868415492
1504948452815474693
1505139076403720197
1501897004246577152
1509303369399259136
1504929703223832582
1509508090370084866
1505110961866346496
1505111539933663235
1505189415194447876
1509174061221519367
1505003739186446336
1509420433514373123
1504924035213414402
1509462845733457926
1504949486929559554
1509494726269063169
1504946286491054085
1505101687660417024
1505666980661112844
1505183298888384512
1507829799351377922
1509584619355742212
1505217879775526914
1509346674262564864
1504981472888950789
1504944036276158465
1504941350399131648
1503096181462900743
1505087093151838211
1505456637162799112
1504940361038376960
1509562266965979139
1504924085247164422
1504984182329679872
1504962979477049349
1504097113457762307
1509433947259916294
1509178542747226115
1509405485979648000
1509222089928155139
1509627208666689539
1504955655848927259
1509206441189593099
1509467508692115457
1505015799072890884
1504934872116301828
1502963898269454336
1508814687386980356
1505250406640852993
1509176363219144719
1506219259978002438
1504955044877283331
1509524082609385477
1509530148554510339
1509461948047450115
1505491806653493250
1505069776065945602
1505078110412283904
1504925182716260352
1504946643090694148
1505300596710121481
1505215499176710153
1504964177059790850
1504928612834754562
1505305579035807752
1509465003195355136
1505113176857317376
1506248155985289217
1504977288131190789
1504935802635264000
1504949717519773701
1509267304407838723
1504945477455912967
1509547648457531394
1505457209982996482
1504924059737468937
1505899588833718273
1502949231547629571
1509460577785110537
1502696998625067011
1504924261357699077
1504981418522333191
1505118618119557120
1504938685372026880
1504933085170716678
1505154412100173827
1505043392937533442
1504925418633273349
1505462160851456000
1505000312293281794
1509461336899657741
1505072837895278595
1505086071641624582
1505184572853653506
1504953653014241280
1509669345672187905
1505160726930939905
1504964581977899009
1505818282942730243
1509356491681284099
1505100819422666755
