1221918733071015936
1212851128603496451
1221759178110382082
1221782741433319425
1222997128743727111
1222214734574997506
1221738298462343168
1221785813891108865
1221084144345800704
1221772651112341510
1221742432917905408
1221886219480633345
1221908417910071300
1221829224018956291
1221738070086770688
1215952073822482432
1221794622319529984
1222296056685350912
1213345130775752704
1221447543810416640
1219329635437236224
1221923523800813570
1221871979608920064
1215191551439200256
1221857166749028359
1221775517311021057
1222993472954806277
1215322789894336513
1212893105990623236
1221108979067170817
1221741556023119872
1221927634550083585
1221795464871399427
1221780748451098624
1222055116280336384
1221785107259953152
1221750997573390336
1221882571287601152
1212836219022925824
1221815604706979840
1221774427714658305
1215203931770454016
1222206686578036741
1221738640889565184
1221888185728409603
1222072893271674880
1221770769987973122
1221861257537564674
1221759805435629570
1214310859545227264
1221785010254098433
1222087911614701570
1222030967071821824
1220293312118214657
1213088093319897089
1221838915579076608
1221747375313752064
1221931552709533697
1212707708224315393
1221822579339677697
1221760683714498560
1221015168538349568
1221930605623025665
1221925284322119691
1221805684330770432
1214543765249175552
1215031341273751558
1222041870647336962
1215208331008249856
1218719224421634048
1221902407111782400
1221906995156017154
1221792400374468609
1221791702463197184
1221929916297551872
1221870965778415618
1221870925643239425
1221909823383658497
1215249754025791488
1221903214368493568
1221741414675099649
1221879802845593607
1221919663455641607
1214615028739059712
1221751411131781120
1220472923275890688
1220056049329287170
1221860188027834373
1221838338623266836
1221769459414851584
1221892073864994827
1221951082676527105
1221795387792601089
1221807362085916673
1221915651717156864
1221766372260229120
1221943851650297857
1221918105712168963
1222070556847157248
1221753362246520833
1222097494240264192
1222097489098133504
1222058888310247424
1222102606761353216
1221948751981531142
1221795381606060033
1221193261550919681
1221803591440240640
1219360785056530433
1221769768941780992
1212915468626993154
1222607359966613511
1222067406069227523
1221802259262201858
1221799199966146560
1221739561727987712
1222166290401386497
1221587799436034049
1212833313733394433
1221938807425130498
1221794629219123201
1221750173803728897
1221754990450106370
1221754012627849217
1221888720015630341
1221829703360749571
1214543832194400257
1212346514779070469
1220767536003850242
1215030867191566338
1221738499075977216
1221867003448905729
1222065246359228418
1221823121843539969
1221742447648219136
1221838054828265474
1221738145949065216
1221747007817232389
1222222325145374722
1221886381800218627
1221833345170051072
1221739804276264960
1221788749480239109
1222068020354351107
1219738695949000705
1221873038712545280
1221858495169028100
1212839928045944833
1221924029860327424
1222109308474793984
1221739986766245888
1214550749197348870
1217418911525654528
1214138598422958080
1221737695774433291
1212861520188727297
1222107035623395329
1222992863266582528
1221746311680221185
1222053709112315904
1221912541892349954
1215671308102533122
1221800671533510657
1221740843293454337
1218225374724751363
1214545747816964097
1213378045819727872
1221893404583514112
1221755809807392770
1221738012662431744
1221110305771675649
1219739232115286018
1222045915214766080
1222065835386310656
1217511138524585985
1215360651180347393
1221913179682410502
1212693736628600833
1221838755167973377
1223005798630072322
1221940836168077312
1218465497198493696
1222229779094568964
1221807926580518914
1221769954481135616
1221743353118720001
1221740035940212736
1221772802174353408
1215270146387955712
1215042863152685058
1221874474221494280
1221743182653874176
1221792589789257729
1221944458620624897
1221908433554886656
1222101436407910400
1222148612110585856
1221862195463622656
1221889136849817602
1212479194782928896
1221842464933384192
1221909937942605825
1221796396589899776
1221786079881302020
1215225772929142785
1212345044046426112
1220860297151381504
1218267492105277440
1221740077631594496
1212835314202484742
1219302355348443142
1222037835676618752
1221816336063586304
1223176291475652608
1222074887050797057
1221789250540265475
1217535742815195142
1215247589894971392
1222098559106838528
1218904259779080203
1221802096669929476
1221888087250391042
1221872307678928896
1217488746846789632
1221738311460499456
1218464789934039040
1221821357262102528
1221754105976229888
1221739978817974273
1221786689535913984
1220042738344906752
1221871335154114560
1221824409536749571
1221783894757969920
1212339444700848129
1221813576438026242
1222134950490705921
1212294123564273664
1221851448260091905
1222667038721744896
1222225111958392832
1218267290044596225
1221744126510739457
1222108665420886016
1221771687898775554
1213110935495364608
1219716141871960066
1221892370452578305
1213860548120629254
1221786996521291779
1221767500767121408
1221089415285694464
1221884052673789953
1221744061805142018
1221749882136023041
1221876430654656514
1221765095325302785
1218508466123309057
1221898986967261185
1212360108379910144
1222094340975210500
1221763986607177730
1221845130413531138
1221938828677652486
1221810351022448640
1213098018779648001
1221913362260537345
1222993341010391047
1222124468140761088
1221881801012129793
1221759823374667777
1215929938370580480
1221798518421172224
1221745982351777793
1221795410093727745
1221832043492990977
1221896496888655872
1219485145373331456
1219482356626677761
1221818805179113473
1221747365222191104
1213952517446483968
1212834147808489472
1221825359131422722
1221740580620898304
1221792167779323905
1221778709545390080
1214493477507076097
1215201506468802560
1221808163197943808
1221891232865058817
1222112453678575616
1221889980081025026
1218653685712027655
1221769224219176962
1214663781525151744
1221915288620453888
1212858490810707969
1213577600322490369
1212667809068507136
1221908212535959554
1221818508272709632
1213070024119861250
1221915200363823105
1214278849053233152
1221798280260210688
1222226093660364800
1221825975769600000
1221819193512865793
1222176703574880257
1221914614298030080
1221815404978458625
1218162329117954048
1213297644233207808
1218548111955648513
1213147456625664000
1221936658137931781
1212308144493416450
1212859155930898433
1221934387719278592
1221830329582936067
1218290447744892929
1221802974898421761
1212881419351023619
1214238819748372480
1221390178729762818
1214663600981364736
1221800593133576193
1222090412288069632
1221857026646663168
1221811454971645958
1218518500123254785
1221842904056049668
1221811648828268550
1217535762352295936
1221906501977231368
1212987668063301632
1212850007151394817
1222073804463185920
1221871302534934530
1221866053011156994
1222042200277684224
1212340760948985856
1217567204897697794
1221759667484921858
1221763728024264704
1221856596113883137
1221831323029049344
1221784863524708352
1221812236672520192
1221738290795229185
1221756987404423169
1216947811188707328
1222419071469223937
1221859606915436545
1214948297850413056
1221830508461674497
1221783941981581312
1221804022740455426
1212837820957691905
1222069452499537920
1222996501481369630
1221990507028586498
1221738996067422208
1221873114478530560
1221742287337742337
1221773726615851008
1215033760141459458
1221814769721782272
1215205907753328640
1222218215750803460
1221915125403279364
1212922628769497093
1221766307357560837
1221764969500418048
1221922886824448002
1221926325256163331
1215419720154931202
1221767593800949761
1221816333828009986
1215237195394691073
1221852032639930370
1221782800086523910
1221909706077343744
1214977056280367111
1213912772481888256
1221922431901884423
1221913808500928513
1221787100560924675
1215282102096318467
1221775618410471429
1221752010971779073
1221797688699650048
1221986896768831490
1212183388901261313
1215393125805576197
1221927281402269696
1221749024333668353
1221816145835122690
1221758607932510209
1216709530370957312
1221938190799556609
1221938720288530433
1221742543580356609
1221923114617057282
1221760896030081024
1221782858039222272
1214957439868702720
1221756535568838659
1221740427646328832
1221915868654903299
1221791392034381826
1220262694303027200
1215348720373567489
1221964362317025280
1221771735013449728
1213880600085573632
1221741809665282048
1222040994260160514
1217478811920535560
1221781054039654400
1222893965420007425
1222118420117970944
1222039679643672577
1221818207490707462
1221739024664223746
1221111261691293699
1221799767400947713
1221897353113882625
1221857289721778181
1221768692066811904
1221793523197935622
1221919779138785280
1221788825036431361
1222090377856987136
1221743869349548032
1212834351211274240
1221748573395734529
1222214146017628160
1222201853271633920
1221806541298372608
1218492514132463616
1221951300956512256
1221933980494241800
1218544154516520960
1221749880722464770
1221912062617620480
1223181158223138816
1221820684621570048
1221822545416069121
1222928274399137792
1214943267500036096
1222044286931361792
1222202314452111361
1221756881938669569
1221792540346720256
1220398674578169858
1221739961508159488
1221861380002930690
1212850072226058240
1219027182531596290
1222166916627750913
1223000854472593408
1212908322833289217
1222221808184832000
1222043941429706752
1221913578745335810
1221864801145708544
1221876283249975296
1215036545398452224
1212905780023906304
1221918248830193669
1221950114866122752
1212850184746614790
1221737887055720448
1221897933559345153
1222081417485733888
1221824435914670080
1221800287696052224
1222533293201072130
1221897767259426816
1221748807383375874
1221742943259807744
1220299925654769665
1221812040903340037
1221743683453759488
1221862305392136192
1222090734632951809
1214663608745037824
1221828055947259904
1222995566566821889
1221912267442266112
1218546248925503488
1221737783905148928
1213000628118704128
1221761052599291904
1221738645616459777
1222137196406280192
1222057978746097664
1218492554825605120
1223380180699418626
1221840066433208320
1221746149050195968
1221908124954714113
1221863959931817984
1221772406425112578
1221818954592804866
1222091594574241793
1214943459045457920
1221933382382292994
