1270104955916034048
1268663427012210693
1268550586573697026
1268564516738084865
1274784640981774336
1274706479933784070
1275099457810567168
1270260636354830336
1270922233695866880
1268526604529143808
1267757747132608512
1270336399590359041
1270306018577256448
1268528302853103620
1275501627626213376
1268529768632369153
1268547553223720962
1274721008658919426
1268567829621682177
1267506724811964423
1270285348271202306
1275787071064547330
1268645270578921472
1270444530416967683
1268575279578066945
1275518619263344645
1270445063190065154
1270105565591752704
1268653545605206016
1270646761997172737
1274815375507628038
1273652591243730944
1270105789487874050
1268531784121278466
1268590332163301376
1269398240132292611
1268636361478807558
1277894024599343104
1268521482428260352
1268606317410820096
1274988711692861443
1271546138429186055
1273677552192815105
1268801412462510080
1270251505547988993
1270108298428194819
1268575345235636224
1275468977360326657
1274683093241266176
1270407465339846656
1272487084360687616
1268605931908034565
1270257326608519169
1268527108998995969
1268516689991344129
1268538994373115909
1274778793912270849
1267553064736743428
1274684052432400384
1270253050201063429
1268652986542305281
1268640909270401025
1270466518904647685
1271486069570183169
1276618964848783364
1271008510512377857
1268554199966629889
1268648141017972736
1268657172432523268
1268540463834857480
1274691839573012481
1268518993343721473
1268972182123753472
1270129340311842821
1275095539277877248
1271169528119074820
1270721508067794956
1269619646824697858
1268529916183818241
1268547087295283203
1268549168739606529
1268641726899650560
1270296940190760961
1269806066554077188
1268899733432668162
1270326694616981512
1275883181057679364
1268594662014582784
1268619204212617217
1275883321701040130
1268577570100043777
1272283361051099136
1270102619508355073
1274696190014230534
1274711099531833345
1269265088025964547
1274212798986358784
1268515310799388673
1268582691508817920
1271053259940167681
1267781108458033152
1274720199346991105
1270121106394034178
1268545152039223297
1274300362011312128
1270661634634190848
1268529377568055296
1274631300947890176
1271820861272719361
1268649876188991496
1268922407147974657
1268555672083468296
1268655107815636999
1267614165876834307
1271594332831780870
1270258101892063237
1268924899168575488
1268818516209217540
1274749610972663810
1268792682857496576
1268506496817672192
1274755907486920704
1268270070876327936
1274804233720737793
1276516400413188097
1268632623439581188
1268625022811344906
1274859127647264769
1274785320123478016
1268662655222452224
1271778841762111488
1268564970473754624
1274679235492413442
1268513817761320960
1268455627959013384
1268522481566056450
1274795438688874496
1274699192959750145
1272195373231210502
1267431970176471042
1271380918079537153
1267863917755277313
1271514866289868802
1268568906991570944
1268563915803369477
1274674951405043713
1268513152523735042
1268668652326457344
1270469532092641280
1271548576066387968
1268516950289846273
1275328805733912576
1270364739529572354
1268630929767108608
1268886714082299906
1274305609777795072
1268538712608182279
1268534147783458820
1272892462286221319
1268663716599521289
1277995655005458433
1270119111201341440
1267553096894472192
1270249231333371907
1274794399529082880
1271138127151796224
1274608975254872066
1270112427657572358
1272486517076885511
1270111166577217537
1268917053748117507
1268572264561344513
1268536325705207809
1268612736016998406
1268926477560623104
1274624205124968448
1270111181731172354
1269661670743384064
1268542689643028482
1268527616090308610
1268618833968783361
1270287479652974593
1268912179081875458
1270275467724173312
1268631189839118339
1271561540668477447
1268589127378833409
1274840282429820928
1268622408975433734
1268584563971887110
1268521103409979393
1274781971743473665
1268643045823713280
1274823520116191238
1268564756606128130
1267574612793188353
1274764431898169351
1270399075347808256
1271484476779085824
1268552491609853954
1268520911570952193
1274696057952354304
1274686823831404544
1267393015380934662
1268534324506365955
1268578790080471040
1270635164834713603
1268557888647237633
1268555452201283586
1274722739362856960
1274812374332170240
1268592592545030145
1267582691169501185
1274678667084476416
1270251607654006784
1270104324782391301
1267576622468775936
1270272694769115137
1272877421453357056
1271039224062652418
1268904754417152001
1268651563536584709
1268585686292213760
1272498195155816448
1268544011918336007
1274795953938194437
1268542630838878215
1275025622058905604
1268604188344438786
1274758172356608006
1268560600050937862
1274681720747540480
1274732377974149121
1268202984191733761
1270413718984314882
1268516494553612288
1270230169530310657
1268515066506293249
1268631490285486080
1268506312482213888
1268524666299330567
1268631253093408772
1274676102213120002
1268544690254688257
1268924715600666625
1271108834061410304
1274852753165205504
1268578415168368640
1271109734737809409
1268919179144499203
1274925861402279936
1270135021999964160
1267936340479541248
1268784834748522496
1269732640317464576
1267529739604054016
1268570868491452416
1268560953555259393
1272828367222562817
1268513833431240704
1272586597150720002
1274705392853975042
1271074625859059712
1271007416776359937
1269392436108951560
1268564018643550210
1268556698027003905
1274778041919639553
1274621155924680705
1270104473994776581
1268548270734876675
1268628305269399554
1268674689435684866
1268558069241450497
1268584668103954432
1268644692448731138
1267371660614815745
1268529510594629633
1268630379415642113
1268652382394744833
1274606107118485505
1268548250245660674
1268516504485625856
1268516124796358656
1268556673440010241
1268543734695821312
1269286565395775488
1274756326237900802
1270378993632661506
1268508761964118016
1272487450292686853
1268534525031862274
1270111943756599298
1274792963739090944
1268590722426589186
1268509881755226112
1271993780879622144
1268921870474268672
1272488340957335552
1268621463457841156
1276585228941897732
1268564414594154499
1267251720968646659
1276486714614218753
1270793995590021121
1270115539613102082
1268512241604857856
1277705629507993601
1274829516154851334
1274621373479104512
1277893890293497857
1268536943588945920
1272584054957842437
1268891384137867266
1270274985953759241
1270258325540737025
1268543926438367233
1268923293953900551
1268517460954750976
1270095220999323649
1274605539276861440
1268524204506447873
1268517562188541956
1270157696310935552
1271148388852150272
1268667125612380165
1274718458601705472
1269231621070360582
1274664026644119555
1272487311704457218
1275145031842779138
1274829783785000960
1268683537198219266
1268551555176976389
1268501217967312897
1268531441996050441
1270429402036396033
1268540107054821379
1268516725701652489
1270105431537586177
1270105505814495233
1271543794975072256
1274837147418112000
1268553400569991168
1274781486105997318
1268506804067188736
1268536618895507458
1274992346124476417
1274684176898428931
1268659753158348801
1270251479677493248
1268518687641829384
1268653597044211714
1268593210546368512
1268546212829057030
1271536333136297986
1274684012792098816
1268524800546410496
1268775125228363785
1274744792950415360
1269574236219363330
1274922736742211584
1268508288443965440
1274783159209598977
1275944683760467969
1272491129779499008
1274713129700777984
1267336570018938881
1269269345676517376
1270113379923955713
1274782287062872065
1268570983704793088
1277538102580514817
1270452327389040642
1268655701301305344
1267765031636283394
1273238819895152642
1271007233481023491
1268650961364549633
1274696460576198657
1270099037090459651
1271244564968415233
1270135077654183936
1268531400103415810
1268596035485663234
1274676110203240452
1270371435974975488
1274833056747184128
1272197588662484992
1274674610018140160
1268563724115345417
1272421751612473344
1268629903777378305
1274703249292083200
1271015820064428032
1268552222327128066
1268504018738982913
1270104346932510721
1268774398808506369
1268506121746219008
1268625632684097539
1274808486740799494
1270260905473867776
1271204384878268419
1270304299856334850
1268518609808248835
1271065842210549760
1268533460118974465
1270368786294726661
1274737884852113414
1271002773908336641
1268606936045543424
1274772537063464971
1270445176612413441
1274991864681242632
1268558365690560513
1269231527264686080
1270108593921163267
1274837913612750850
1268538599689027585
1268630077920739329
1274696460601307136
1274801326275338240
1270275086268993538
1268585580012716036
1271733177493708800
1268626003200524288
1268508474717208576
1268511746580504576
1274821099637932032
1268711917675327488
1268536249456918530
1274883450181423104
1270249634997428228
1268570062216220675
1268575866570801154
1274992592749543431
1268627114317709312
1270123311872258050
1274799803168415746
1267353373327667200
1270103300826947584
1268517152530849792
1268629964620009476
1275448913122611202
1268530607421902848
1270106640231079943
1268533799228497920
1274599210764156931
1274685005495767042
1274672481991786496
1267861223057641473
1270169219037114369
1268907451803467776
1268535497359581185
1268563159255826434
1274775073258450945
1271027057103962113
1274710333970690048
1274829313922252800
1268514415571349504
1268605164384116736
1274710031645184001
1275703952328269827
1274665314521878528
1270108660019200002
1274674210292609024
1274832520937385984
1274744904141373440
1274722877976334336
1270365706618634240
1268577876263219200
1270278408501690369
1269288829057466369
1268541527141298176
1272488304341024768
1269661865468182533
1274703714746499072
1267904896705138693
1268583382977568768
1268515765847719936
1268533855000178690
1268507352577302528
1268608643945181184
1274777405442359296
1267286459381362688
1268544486902300674
1274700543294914566
1274606595176050689
1270258053162700803
1270106996235218944
1270115306170658817
1270249301571182594
1268618489436139521
1277993912431501314
1268640135433932800
1270247424016121858
1268584618997006336
1268674596611506176
1268533488594178048
1268549530984894467
1268523043665698816
1271072019866664965
1270251247283683342
1276036385284202496
1268985767273119744
1270323867454779393
1272876955554197507
1268636607692902400
1274680104157839361
1268558704116449284
1268566046098808840
1268553144121901057
1268542082513330177
1268590407690092544
1274611497029832704
1270266808063471618
1271026556014661633
1271002383888330755
1274837385407275011
1274675364841893892
1275413656671485953
1268910358607126530
1274709388150870017
1268548031760252941
1268540929889177600
1272177410994298880
1274696828471119872
1272507034026618880
1268548095828201472
1268589776438992896
1274754316419686400
1268923105671602176
1272490835423133697
1268540328694484994
1268912031882715136
1274788655597576199
1274829633050087426
1268595974924099588
1274846372500516864
1274830952561336320
1268625536294825984
1274707918584188929
1271072472390078465
1270103774091190273
1268677286972317696
1268588844422660098
1268530013156016130
1268499785146826753
1270324500471730178
1268922311345942529
1268562002840039425
1268995062458912769
1274712959659409410
1268532658277154818
1268593968889106432
1268642392669904898
1274795452395925508
1270363831022297090
1268911082413973504
1268647303671435264
1270114669932535810
1274702505964945409
1268513823700520960
1270288122832699392
1274740441339043843
1270325333053583360
1268507957337231362
1268525879912693762
1274696130182418432
1270270728127098880
1270234995408408576
1268559955877072898
1274718213750902785
1268592675164434439
1268524263927099392
1268925345870249995
1268518696395423745
1268515721308405760
1274742622242865154
1268516557560348673
1268672345314656258
1270104770502680576
1274810979310866432
1271576187098279937
1268571341080481792
1268538336475561984
1268949463621611522
1274804247452962816
1268771451630485504
1274723882205839361
1270256897342484480
1270126718838362113
1268534940263747587
1274808181466824704
1268594253187428352
1268555413492039683
1271141859428052992
1268511668310544385
1268597374835982337
1274692828849995777
1271140093475127298
1268572788085882881
1268727071397883904
1267506121599856641
1270418381817155589
1270121300372193280
1274641039089963009
1268547747596075008
1268643069139787777
1268564906653224960
1268956513596473344
1268558454232436738
1276468741614776326
1270114352503365634
1275101801033928704
1274828553109016576
1274728924015218692
1274721454425243653
1268586650826874880
1268565908416593923
1268554478237745156
1270104587081580547
1275098933082107906
1270249538348027904
1277981436340027392
1268557357883297794
1272166992146038787
1274779793100242945
1268664632979394565
1267511099278135296
1274668089691561985
1268961391739899904
1270286291788271616
1267249041613742080
1274626911587708928
1270254529146228736
1269279610358894592
1273914578209030144
1268567841525182464
1274812829510635522
1270268713070202880
1274742643138977792
1270351065381306368
1274745865090015235
1268542953347260421
1268500501185859584
1269042878602514432
1272490057480507392
1267894764395016192
1268521174750957569
1268544908673024001
1270292396069314560
1270426451737808901
1267370935495077889
1270471042654502918
1268514268535799808
1270253056991641600
1268524850538254339
1270252257288880128
1274830320219688965
1268514174512087041
1268590817695989766
1268672878276497417
1275201793870516224
1268632944152895491
1274714972350746630
1268621565526249475
1275310301962010626
1268607132632592386
1268517342062968835
1268529537249411073
1268921127277117440
1268941182262030341
1274663943064162304
1275366621633265664
1274693737092874240
1270104880804397065
1270183438704926720
1268585594441121793
1268835070036643840
1268681955262021642
1270110828197564418
1270328004233879553
1267700606107561985
1268807530848964610
1268525898673905665
1275103607554289667
1268529662285811712
1274705686845427716
1275161948271915011
1270380256306827265
1268541632934182918
1270088289656193024
1267547959962546176
1274832148697092097
1275458658130898944
1268552734162202625
1268547390837063683
1268543999234768898
1268639259487019008
1274705831238553601
1268524805604720640
1267553916167864321
1268162748355092481
1268602593011470338
1268551158081236992
1268524830481158144
1267574040065191936
1274724727706312705
1271015642842435589
1268520601465036801
1274813434522107904
1268554840260710400
1274689902513446913
1268566670194417664
1268513333654827009
1274709193094807564
1268544655400087552
1268585433904054274
1274755885852758018
1270249104757657601
1268513098979323904
1268940562310316032
1270118790618124288
1268515001352019973
1274752715403538433
1275352429916303372
1268520018511347712
1268917453423288320
1268531237800628225
1274023804201811968
1271063390023233536
1267509743507120128
1274801088168955904
1269671215964344324
1271001391167950853
1275777183076794369
1275485855260565505
1268515754950955008
1268509902240190470
1274830498234327040
1268509465705316352
1269380160563875841
1268513270442463232
1270264366403923969
1267555915902959617
1277992765083664384
1268529361000583169
1271017093161508866
1268606158639697921
1268584724471169030
1270426437942722560
1268535479135330305
1268645091603820545
1269813011704958977
1270107280864718848
1272559619186012165
1268538261506580483
1268533949002891270
1268546910476021762
1268529910122975232
1274759643336753152
1275879072627900417
1270120632878055426
1270349734461542405
1274829989293285377
1268562596162142208
1268536185242050560
1268575564694278145
1270111703389425666
1268751088066256899
1277677212171468801
1272602819485368326
1268517912719081472
1268625668792815616
1277701466116034562
1276502548883570688
1267875032296030209
1269265612154515457
1269118642807070720
1268537553487101953
1275498502093758467
1271140390817665025
1267980797077794818
1274485135954583553
1274766576626122755
1268594741408673792
1268625928516702208
1270263287452774400
1274646563042791425
1268811205784854528
1268619986873925632
1274789659785265152
1272601439651745793
1268518639734607880
1274719343545397252
1270468149155168257
1268525300683550720
1268522407997956099
1268603982534119425
1277213422938193920
1268581783089614849
1268538336626511873
1274807407571537922
1268227221841489923
1268512787170549760
1268537823835103232
1275162372496375808
1275279716635889664
1268507101929840640
1267250270402117639
1272501666114404352
1268232366016913408
1268925453106122752
1274693895952183303
1275301339573227520
1268518607652376577
1268580871793246208
1267543836932407296
1274679930224357376
1268542703614255110
1270259954457477121
1270218099787251713
1270249207803318272
1270105543789678595
1267542427088363521
1268573052964610051
1268513832990900224
1277537637335695361
1269669614872559616
1268521367768649729
1270121854615916549
1268921275604520960
1271145259926503429
1270085811359318018
1268555288136814592
1268564836079800321
1268557828056387584
1274768040534695937
1268517427995869187
1271166331925286915
1268631273058324481
1268794566938972160
1268554978777616385
1268526766311833601
1268641796931928065
1273849577846697986
1268624357221433346
1268514448735711233
1272486685750767616
1268529551245705216
1270252025515847685
1270999575709564931
1271034435195097088
1274681027961729024
1270335095816282114
1272543625965113345
1270371733715980293
1270399584792129537
1268542188528570370
1271120718122684416
1274602327966650369
1268514857768431616
1268631884742918150
1270106477605388289
1268660343137583104
1275094766494060545
1268592516384927745
1268519125980151811
1267883383524294664
1268500617770733568
1268650680354508800
1274850375049318400
1268539061838503937
1268675953754091520
1270249247687036928
1268252255133761541
1269011291215212544
1269926182247636992
1268770030327599104
1270249978766790656
1268525186095157248
1270139426497351680
1268679951038939138
1274903309204291587
1268786989362343938
1274831461581979649
1268566742021832704
1270106943391137800
1270248799466926098
1270105224586330123
1268628178379177992
1274720248281907204
1268721542357229568
1268640287078985728
1274605149550501889
1268538823807467520
1270253940446318592
1268543422765432833
1268517948152582145
1270256695101599745
1268697258306002945
1270104225981370376
1270421263396339713
1269231601990459392
1269870922678370304
1268515596079173632
1268514023370297344
1274753060871589888
1273912090105913344
1268627560243617792
1270109228410253314
1274831058308128768
1274945817942638592
1268543073140834305
1274700173294346245
1272630691201769475
1268545774985646080
1271668358484721665
1274637439991242755
1270374055129100288
1271023563655516160
1268636626315599876
1268801560496267267
1270361198622576642
1268666310155808773
1268534432291569679
1270145758738763777
1268605534900555778
1268568065698148352
1274717842877931521
1268599083863871489
1268646643525652481
1274967867616907265
1274611776961814530
1274806950698594304
1272879234835517443
1272457640791150593
1270108728289906693
1268518540384055297
1270244100734955520
1267341125477699591
1268522646343426053
1268783173263073286
1274706102060531713
1270253762884534272
1274697150497243136
1268513549292318720
1270311537295704065
1268539326989848578
1268630859848048646
1274647707672608769
1268646966432579584
1268593675308851202
1270279707666321410
1268555730325590017
1268512143382642689
1274762679979311105
1271206074230738946
1272487597424758784
1272487505355554817
1274746502318080000
1270222799177736193
1268539268131061761
1268521448202788865
1270446706258325504
1268639968165015553
1268520076103290881
1268513308220456961
1270252065563049986
1268551195213344768
1268610842993410048
1274772529245294600
1268527658872291332
1268536172898406400
1268944184255361025
1271010108965826562
1267883651007762439
1268587866923372551
1268910829090586627
1274819567370584065
1276485895672209408
1270232242288300032
1268554859730612225
1274725736985788418
1274692246626074624
1268647478754258946
1270274632273231872
1268711654285471744
1268516762074714117
1268982484911509504
1268506845754404864
1268970988898844678
1270280842775080961
1268611816650936320
1270325973838422017
1275100995127828481
1268508762131910657
1268166791697752069
1273348103278604290
1270518842104700928
1271158483967258625
1274790054435737600
1268621892128133121
1268521996305993728
1270312365192511489
1275469140199911431
1268622153513041920
1268842210763714560
1268711746426060800
1268581836147568643
1268639166117666817
1268671498111324161
1270289547679731715
1268518599314083840
1274679999476400147
1268646615075651585
1268569118430638080
1274810865838182401
1268521868698492928
1270281035889213442
1267575435220652033
1276608788859158535
1275028187450310657
1270333943376683008
1272487654580539393
1270465615862562816
1274613490397954048
1268519962739724288
1270272990647812097
1270273567725367297
1268523710002147335
1270128940049448961
1268544914805215238
1271001160959307776
1268603711271682053
1270257124782804992
1268588046959730690
1277207146330021888
1270249614424276992
1274710537985720321
1270113216757194754
1269312593858039808
1270106908456820736
1268542851559886848
1274753266476363776
1268516802059001856
1268605411554443276
1268521926609305602
1275133673780715520
1268619493875449858
1270217837857189889
1270103825085607937
1271021898902704130
1274749228888268800
1268911524153827331
1274757321978261509
1269954528549449730
1268517043562786827
1268643063792009223
1274744902237270021
1274775286693933057
1274772186633515012
1274684391361519616
1274677263938850817
1268564140706144257
1274711507578880000
1268544718637617154
1274847662752309249
1271025668344688640
1267335112640942081
1271046000971517952
1270249891554643968
1274820854535380993
1267604107680010240
1270154847346556928
1267481389802369029
1268772505294196737
1268541220512583681
1271000374179225600
1268524294612623361
1272572343634792452
1267521297963200512
1270264545332924416
1269246005003902976
1268893078934470657
1270129900968644609
1268640016189833221
1268561205637140480
1275055234277093382
1272486462999662592
1268527302461308929
1272564091379421185
1274751377412173824
1274778695421607937
1269419324307095552
1268540461590945792
1274689550334308353
1268764519670652928
1270265577723121664
1268944426040209414
1270383333567090692
1268545847295381508
1268570496301481986
1267294165701931008
1268520587212832768
1274846064424747008
1271733186968633347
1270271888883888129
1268556503860097026
1268597321098551296
1268649164432441347
1275894564088434689
1270285959079354372
1268549293381767169
1274697532963196928
1271000128569192449
1270128112886480896
1275472467721687040
1268517228837851137
1274679708261724160
1274715236843565063
1270334808741359616
1270248754357194752
1268794798309355521
1268571219550515201
1268676946793246720
1268620934526586885
1268668416732389379
1268590864319885313
1274980045006798848
1270109713343152138
1268518637897429003
1274742350003212289
1271012862715146240
1269306442500255744
1270328378034454528
1270130275385819139
1270249394940624896
1274724338714005506
1269745397062402049
1268532852670566401
1268689634428583936
1267941697486454784
1270471585695137795
1270249273351745542
1268539463241736198
1268571440959406082
1268561249106788354
1270283001558163457
1268540732807184386
1268557818531123209
1268538378120843264
1268582595396329472
1274796781310803974
1274829904182468609
1268513931494141952
1274751305509228545
1268516501193138176
1270314648332574725
1274753592499605506
1270143800959217665
1271202188963045376
1271544853864816648
1268719183786848257
1270812908944084992
1275200502268116992
1274798066239823874
1270330721157222400
1270105389829414919
1274832034255515648
1268661538195374081
1275011247184973826
1268587087353298944
1268790385528233985
1274829600758128640
1268519701858209793
1268678348433240064
1269340136799703041
1268507390917390337
1270289699605827584
1274697928305717250
1270262476010029059
1271000210949496833
1270104355044298755
1270278956793675776
1269587632625012745
1268602337700044800
1268567448716017667
1268524093852221441
1274830754418130945
1268651667647578112
1268682079811837952
1268539453339033600
1268523077647958016
1274708170427060224
1274726821456732161
1271039598999805954
1275459462778634244
1276185325560369158
1268525529424179200
1270250999182168064
1272279115190730756
1269320533629440001
1268514170615541760
1274726690825125894
1270114584213553152
1268534422292312067
1270155543672487937
1271138690232987656
1268532955464568832
1271193271818235905
1272457667185979394
1274992794059358208
1274862347178385410
1274628742850195456
1270499179115282432
1268518649708654592
1271159158881091590
1274771730515537921
1274762844580569098
1268559949057196034
1268521622283091969
1268577504048152578
1274809735624228867
1275176967181078528
1268546962669920263
1270122100989231106
1268646870672384000
1268519458882097153
1276042820835512320
1274738914570493952
1272590580246331396
1268554896380477457
1270367145466253315
1268638937968410624
1268629687313580033
1268528691526672387
1276518089148989441
1271136950523658241
1267614216124616704
1274708477773053953
1268540155637444608
1269264862229585920
1268632883113189377
1268818091833790465
1274728308777848837
1271000752237019136
1268509152059555842
1270269938297712646
1268566643074097153
1267535548467548160
1268523287975530498
1271000585471496192
1271169389098872832
1268532937651359744
1268940924312322048
1276869430367191041
1274739235963240450
1268533649697374211
1268506576094101504
1274801468558790656
1274821950427332609
1268534144553963522
1268586584393371653
1271027792134705153
1268511647775195136
1268432295331061760
1268675500303581186
1270999401402699776
1270109366130298880
1268622432539033601
1274679677555281920
1277994561508343808
1268572555193040897
1270416364239552512
1274701488049225729
1268655676248768514
1274710897118806019
1268540869738729472
1268511066964873218
1268551198774382592
1272522410135339009
1275166882727952384
1274729512190828544
1270402039617589250
1268544950096068609
1275010384106344449
1268526098079457282
1270265437096497152
1272489864433459201
1268611661180485632
1274829497418858496
1269555835522383874
1268607004337213441
1272487143647121409
1271081471797854213
1270109549874348035
1270327696816513025
1268518569576366080
1270147767680237573
1268892034158428162
1275302781130285056
1274803566121811969
1274743740607934465
1274691379667644418
1274645638676918272
1271010042389676032
1274778410204696576
1268536892448026624
1274699289730613248
1274781855573839873
1274691560416989184
1268922733817147392
1274750913979260929
1268510180389642240
1268571232305324032
1268531387948306432
1268568302974128128
1276115351093338114
1277512074948743174
1270290755291090944
1268536460480823302
1274830436548706306
1274820886839910401
1268923265965268992
1270127182807957504
1268555806796062721
1268531129201631234
1268544391171510274
1274675369233321985
1267543730019536904
1268640219416453120
1268517409427730438
1274680998165348357
1274856365559894018
1268900770751156233
1270463726249009152
1270458376061927424
1275927421527736321
1274725904846127104
1270144161644249094
1269583675051642880
1274735850719494145
1274858672754171905
1268556115450748936
1268569126429241345
1268632431059365889
1269266527708119041
1274704704283594753
1274209387574374402
1270249340829937664
1268920775647678473
1270248644902621184
1268540826713456641
1270378802854744065
1270252124685860865
1268572301836136448
1268678515790094337
1270338317498961920
1270337975419899904
1268656651273371649
1275569456606064641
1271068090927927297
1275769752154234887
1270328551288512512
1268568399208218625
1268531223778988034
1270408318067105796
1268592160062017538
1274840445760294919
1268966915453698052
1270260414740344834
1274754659903852545
1268665200200298496
1275707546725163009
1268548202040627204
1268639681287241728
1268567028778110976
1270374696693960709
1274829004399357955
1274679522261184517
1274705974574579712
1268926722721931264
1268550719361224708
1268987924353355783
1268655955383894017
1270106387956355073
1274837370274295808
1270117210212663296
1271547060936937475
1270237453148983302
1268637393793560580
1268514960977657857
1268909140518350850
1275170277102624771
1274767837953961986
1268524970474438658
1268530012178743298
1274795411463643143
1274794155747803141
1271006771239440387
1274682611261194246
1268507552846929923
1271001172824985603
1268753075403137025
1268663519869878274
1270295434263699457
1268513087444918273
1268603218952626178
1272544134516166657
1268602051581313024
1268670541151559680
1268545720145063939
1268557443530973185
1268510076911968258
1268608003688800261
1274716995028738051
1268607930103934977
1274613224592355328
1268507151963688965
1268653961357209600
1270253155448741889
1272532629422772224
1268556220387991552
1271057526675603458
1267576562842468355
1274771554224791556
1274663884461309957
1274620768769490944
1270598886860693504
1268613134220029953
1271060963521974279
1268726538729635841
1274858383070449665
1270336768726925317
1274697260996145153
1268912123905785857
1274681137915400192
1268514628423888896
1268660258819489792
1274676289732063234
1270107495592329216
1268528306497953792
1271096609087029249
1268517417661140997
1270265803762479104
1268638060293566465
1268530482507124737
1271323427391991814
1272631000951148545
1270292257086808064
1268546160542789637
1268651604980502529
1274684120673763328
1268531747672776704
1268815888620363776
1274778838921359360
1274755990395682816
1269509302227808257
1268522829542236163
1270206616768589824
1268536462565400577
1268515281074376705
1267321684438155265
1268646538177372160
1268607859694190592
1270251089892380672
1274598378438111232
1274719583912460290
1274797680674381824
1268621133680480256
1274680544182362112
1268514931986567170
1272488788736999424
1275344303452192768
1268654364429860864
1274710956959051776
1270349005369872384
1268618706654916608
1270154138446450688
1268571990836772866
1274873750304051200
1274829696409223168
1268505939277201408
1268683040575950848
1274816293015891968
1268663736597970944
1270249216716259329
1274963807920627712
1268625713885831171
1268511629194547203
1274818129462517762
1268557867738685446
1268833545251889153
1270369226050678790
1270421057053261824
1275447661823287296
1267248748922634240
1268590362282557445
1268557636884185090
1274758050008760321
1274847682951999488
1268676756002742273
1268553418098069504
1268552840072568834
1268933406345302017
1277895477246210048
1268542477667127296
1276471111128158210
1268592377779888131
1270240858454003712
1270744102582304770
1268569508014223361
1270348328916656128
1274684516964151302
1274705454451560448
1268897112156241921
1268540206958985216
1270272223190880257
1268579693642551296
1270273554450440194
1275188205541830657
1268570821209047041
1268660837025288199
1268560233040949250
1268521688557408257
1270248836192243712
1268517069378682881
1271159810935926785
1274838469135695873
1272288059116191746
1270338577315041281
1268536206180126728
1268770442891997184
1268642902881730561
1268584253131980802
1271753383255461888
1271008669761769472
1268504223634817025
1268506821469392896
1275137073700356097
1274738543571673089
1268519056065335296
1268649991914033152
1275101686680469504
1271034957734055936
1272503881013092355
1271569384453156866
1277896185379000321
1274713897568800773
1268672968768606208
1267389903689732096
1271007079529099265
1276034846868062210
1274762668797243392
1268687979343740930
1274601572484472837
1268533377013035008
1268507032971329538
1268514695272706057
1274742624784703488
1274648708836188161
1270249295212695554
1268547324378300423
1268516267691999232
1270268288812138497
1274761676450074633
1272492117500313603
1270834770277208065
1268631831085289474
1268567764672884736
1270172650535559169
1269849193427931136
1274608201619705861
1276491419407069187
1268640800285642757
1274804184341262343
1271133282734931968
1275095295567806464
1268528238474731521
1268574910168825857
1272291745171222529
1268615873587302400
1270107002581274631
1270315969534189571
1268642491756171287
1268604658882355203
1268525806218817538
1274758930003111936
1270106942523015168
1268551656343568385
1271535772546580480
1268666820740907010
1268654277544816643
1267285628539920384
1274723344173203456
1268509088096358401
1268628912181035012
1268674280541257736
1271412334897123331
1268657095387250688
1274676679449948161
1274747931275546626
1268897258726187009
1274686741568458754
1268629102170443776
1274805403893870594
1274608814944378880
1271500555177930767
1270105933377687552
1270120243277565954
1267510412016304131
1274776679727067136
1274714581571645440
1270103846199734274
1268604135571685379
1268587951757430784
1268548323843112963
1267555150845149184
1268666851602706432
1274740826615283720
1268615504094064646
1270710267114971137
1274829899010883584
1268549558549823490
1276511416057565184
1268571499239223301
1276523754202574849
1268570200351420418
1268618599763042305
1268565281477197826
1275165301655703552
1274796901116887040
1270127166076989444
1270117355528564737
1270415324366716931
1274755522189803523
1272251999510237188
1268661108350636033
1268563971700916225
1268592526837059585
1274684383182684161
1268614198017183744
1268548618442735618
1268537013810212865
1268514674401828864
1270106658929348613
1268563996522819587
1270250148963254272
1268597899354681344
1268581750709596160
1268665078397767685
1274830368785477633
1274681771649531907
1274725715079020545
1274843674975916033
1274831526799212544
1274708059152093185
1268541253232271361
1271889136962723846
1269390036488916992
1268510675577470977
1268540093939306496
1274832782489985027
1275125826112180224
1270277197211852800
1270254711430459392
1268540197110779906
1268890872936087553
1268525969742102532
1268536598167269379
1268565405406281729
1275121144157405184
1274724961480060930
1271437139667025921
1274789888362233863
1274715419866206208
1274673768212959235
1268550465857507328
1267740328561463296
1268631538175967234
1268968919261380609
1268633263121334272
1269885431556050944
1268547257797918720
1270096891703934978
1274764758726705153
1273378614688600064
1270252693194448896
1270122526631485441
1268513072026714113
1271004466339291137
1277952740962955272
1267561241331077122
1268648853013696512
1268537244530475009
1268649750640971782
1268624458765533185
1274794343002497024
1268637706197831681
1268774824580710401
1267777580771487745
1270463865764098049
