1366274966749130752
1377242756393938944
1366685719884935170
1371217116536389638
1366778992972468225
1366661243759710209
1371175597255319554
1371556450762420225
1371127027139551234
1371220730172608518
1366694354023313414
1371223067536556037
1366789025789534209
1366442447375630337
1371170987346161665
1366770595564843008
1366744026733563907
1366665911650963456
1373517228549808128
1373716750160760839
1372869097738924032
1371377950747205634
1371955670669520896
1366381252174098433
1366696459584823297
1371854479088353287
1366216388482904066
1366790602378141700
1366711088885223429
1373418419501068289
1366780415185420290
1376074170702966785
1366666739401043968
1366659959728046082
1366246276623261696
1371212359428141062
1371424314403258370
1373051066208681986
1366746968056283136
1366181927418486785
1366708097603932164
1371203229728526343
1370663138304086021
1366673297635704837
1366672256135487488
1376268163311144962
1371510715039760384
1366776174295330826
1371176956700594177
1371368015669960706
1373709823448125441
1373202619490045952
1371368452888391680
1366657472442810369
1366842776344739845
1371379394682441730
1372867546588778498
1371206696551452680
1371118200495214596
1371148685992722450
1366811204950388741
1371435392684191745
1367034044471476226
1366725332053671940
1366779047712284676
1376279762314887170
1366678806501724169
1371198770025750533
1371745541642682371
1371233583529144329
1366678010812915716
1371113713588142082
1377251302292529153
1376293245815296013
1371420322906390530
1366733919131951104
1372871550802796544
1371115536520773634
1366390760124411909
1366694331252432897
1366767909356371980
1371153660886024194
1366770190122385410
1366908825329139717
1372848362332901376
1372994626232197120
1372978498042748932
1373028380828954624
1366761692999393283
1366697965298065408
1366725569048694784
1366182428637880322
1371113014225739776
1371124830192406528
1366660521991303170
1366809367140585474
1377292192918745092
1366758932576878593
1366694450043494405
1366768452560633858
1371521246769332229
1371180824050143233
1371398402085388288
1371310212917948420
1366700220977991682
1372154999300558855
1366896840440971265
1366762664463065098
1371591670362480645
1371386642976624642
1371167111964471299
1366820666641698822
1377251206687510531
1371411689946628099
1377277847358865409
1371361065850843137
1366744338798047235
1371171816635559938
1366656656457793537
1371537658992812035
1366678749312389120
1373346926880550914
1375983691906871297
1374453754385211392
1366897289873260555
1371550072719212552
1366787491232161797
1366659549181132802
1377297284271050755
1366787057943740419
1373190940731510784
1366750275470508033
1366684005916172289
1366698096097439750
1371143951051264008
1371532681163509762
1371148542841085953
1366808735746830336
1376275095791005708
1366802884428455942
1366753410066886660
1366702931798593538
1366274453215334400
1366669257443053569
1377378077483798528
1372910513802346498
1366664519498551302
1371542962597982208
1366777909692805129
1366723163162353667
1366769925533159426
1371125195486937088
1366791906714337285
1366546912258781187
1366693331384885252
1366792131940134917
1366848044529045511
1366706747335970816
1366759840257896451
1366698280604827649
1366678676755148809
1366687561578602496
1366851554024783877
1366768311485227010
1366896409878921216
1370939998833422341
1376245807658205187
1366287919103807491
1366828108356210696
1376277840149278720
1366694238323376133
1371181800530321408
1366824508255064076
1366658939748761601
1373099694503686147
1371120224234307588
1366746413305069574
1371216091071057924
1371372438286635009
1371108547833049095
1366686082088263681
1377248236335988738
1372226667574390784
1377189447658311690
1371113940609040385
1366740046112559104
1366786399358373888
1371676776703930370
1371354644706963459
1366912954394963973
1371191800250122243
1366664407598661633
1373920323196874753
1377006684531482624
1373881975510032386
1373364013179015171
1371166841608024067
1366664742627119106
1371181718745591808
1366736495713923074
1366706675546271751
1366693425022701570
1366667147200647169
1366662319263145984
1373517125734834177
1366742940186513414
1366419106254192640
1371203158668677120
1366802902803742727
1366749224549965829
1366734708088840200
1371545376071806984
1366748666032234499
1366691890947649545
1371460868257554432
1370469961483829249
1369751019928829967
1366666382751002624
1371088957782515717
1371233679108886530
1376544415154638850
1371205123851042823
1366669198202728448
1372862610249506821
1371240177453166598
1370875224049192970
1366823065804558344
1375920151011463168
1371367758986895361
1366692685529157633
1366735739149500419
1366802640353566733
1371341670940303361
1371458367508582400
1371462713193414656
1371468671118417920
1366801270917505025
1371431218298900480
1370957085635141633
1366863516142026770
1375461454330130436
1366258289147867140
1371134968034910208
1371170247340912643
1371359305291694080
1366893354684993539
1371145351969832961
1371352589594464257
1366672661892497410
1376285028343234575
1366802085749129216
1366776433494941697
1371449364850356225
1372555288277049346
1377247687079235587
1366783705335873541
1371158577818300421
1366914964573868033
1376279131055403016
1366668242744410114
1371775550012919808
1377251139561914368
1377215719868338179
1366789381906980878
1366785757441110016
1366822218760663050
1366733984550580226
1371102580638646276
1371258512844730368
1366713098904739841
1371187153653354497
1366690191147212803
1366685273434841092
1371217632532303875
1371216871123525639
1371404912060461056
1376264603714342918
1366786377250189313
1366671762692448256
1366992008573825027
1371173515139899393
1371116040030195715
1371220655677509636
1371205679025946624
1366657096192843778
1366891095670607882
1366275613963780097
1371202076550782976
1371181996181970946
1371565765363691526
1366753156068233222
1377174449447870466
1366774283473674243
1372910818770173959
1366751838545018880
1371238163113517056
1367037339328012289
1366678939394072578
1375780199749582851
1367121669081477123
1366287521806770178
1366800842712633344
1371203931171340289
1371166230158192650
1366273971453329408
1366682872401321984
1366359452379676672
1366838544803782657
1366747944695832580
1371148075704709128
1376251478902415362
1372305429573820419
1371298940323295232
1371022401362870273
1371329870979026947
1366744216248942592
1367049419498131457
1373345931316363271
1371391031539826690
1371178401520889861
1371206088520036355
1366790371624300549
1377245252621320199
1371225378233126916
1371170867867234307
1376340952864919552
1366701596697128962
1366712263495872518
1374451130772635648
1366734173654941697
1366788928209059840
1371195659513118720
1377238626434711553
1373059972355878913
1372953615439118339
1366677722295111684
1366660151311237120
1366685632995749888
1373305790711398407
1377291578994212867
1371368150860664834
1373761355438813198
1371098904050212865
1371404072285274115
1371114853805531138
1366758483983532045
1366741355687477253
1371195420697890821
1372293433088475142
1371113002901110788
1371374406711316488
1366192338406621187
1377265749299970177
1371453197311733764
1366657883119706113
1374004291715923968
1376434327354023937
1367155492817170436
1366772405616726018
1366651016750448640
1371170688745213964
1376262403017613316
1371160162891878402
1366705658435928065
1375914171141922819
1372902884489170949
1370720084910600195
1376154597308440576
1371187134896410625
1376266756587683842
1366688072813989889
1366770893876301828
1366745854636404743
1366750141655449604
1371165738048884738
1370784369967820801
1366697468025520128
1366759164970754052
1366761573386248193
1366659438707437568
1371160639880708101
1377207573053591553
1372870919878815745
1366699539974004740
1377243306544001024
1371378534036426753
1371159157273923585
1376547965389639683
1376256548373200899
1376171758190002180
1366375666715942912
1371256103401631749
1371382939515285510
1371332555178381313
1366770152025583620
1371972821346291718
1371533053013680128
1366782649562456067
1366668248910028805
1371506302942334978
1371360106345078787
1366703435811336198
1366661426434224131
1371344883009601536
1366738368692944899
1366880453626650625
1366682566946926594
1377270297640964108
1376937861547765765
1371193062492360713
1366714443439235074
1366727717744496640
1371244945000992771
1371389405110407174
1371331356484112385
1377241055758798848
1371107872847888389
1366783737141280770
1366696554518740994
1366832071528841216
1371114405597954049
1371177442610647040
1371969733310955524
1371524013055434756
1373055822947876865
1367233237962137600
1366672678745219076
1370835332724310020
1366713584382849027
1371231889231642627
1366689997219389442
1366759496773681163
1366662527480913921
1369728441831071744
1373488094620610561
1371222913311969294
1371380657813917699
1366728658333884416
1366731020880523265
1366869454278295558
1371561381821026307
1377268325051424768
1367079467563286531
1366745074500063239
1366735883538472962
1373031666982268939
1371446059910766593
1366660100874715139
1376305853922471940
1366687962906451975
1369525130364346368
1371176789356249095
1371415336633966595
1366752703272075271
1371168752117616643
1376249333864091655
1370518837330911238
1371370136125513730
1366660540530110464
1366728651635625986
1366718665002000387
1376153241898078217
1371168378879143937
1371220777438175233
1366816274882428931
1366841776598904835
1366703142495285250
1366719469880492034
1371550337547522051
1371396785780965376
1366702756116000768
1366743156562264067
1366835090928652290
1371106584793915395
1366702744975921154
1366662037724684290
1377364466594107395
1371369976788103169
1371198637154443264
1371538034643120129
1366301475824164866
1366673027858104320
1366680068576206849
1366673430385487877
1371124931170349057
1371164722855358464
1366397899270197252
1366810467252006913
1377243636648271876
1366699685205975040
1371454091205939201
1366790818078617605
1376283997572104192
1366806681502560256
1371458917658673154
1366719093013966851
1366252395269918720
1376226291746230275
1366796404295933953
1366678025434259456
1371546044358664195
1371371128615239681
1371458081796853763
1366794247840612356
1376042703088185350
1366985275403087875
1366868039648608258
1371146233482518545
1376603174358941697
1370869538871468032
1366263547894919171
1371251728130179072
1366659118975574021
1366884651063779328
1376274534941212673
1366692015988232192
1366902107920621569
1371205879379415040
1366658949450248193
1371359259242401792
1371145118858764290
1366434958714302466
1371100081190014982
1371154480704724998
1371390048852135936
1366672021552324609
1366760688912326657
1371119876807491589
1366703058122661890
1366847300497252359
1367105605782163459
1366848460801118225
1371160634633621504
1366662912245456897
1366662388276150278
1371841105101217804
1366730064201715715
1366835161564856323
1371403260708405248
1366728299347660804
1374330416736448514
1371958297826369540
1371128144057487361
1377242002128056322
1371171565266731017
1366682037365727232
1371457835385688075
1371226471633666049
1376270276783116290
1366675303041531906
1377304985571053569
1366847960097652746
1377251166011097093
1371240419095420930
1371365151555915776
1377245467743031296
1374697251520585734
1376281888210452489
1371163865719914498
1371374570456944643
1371479055124594689
1373027699120300040
1366884422981722112
1371106674237407240
1377242691499610113
1366990485093576708
1371360387040428040
1366794617203621888
1371118749428895746
1370995721080606722
1371151680121753600
1366692121374244869
1371973056093110274
1366726856993624075
1366662042552311808
1376441337738895361
1371203314847735808
1377243944501792781
1371169715998101504
1366774664106823681
1366693219757604864
1366686744767250434
1366847657839329282
1366688065117380608
1371212391124467714
1371199628977262595
1371599045312020485
1366840164769796099
1371176438162939904
1368136368820523013
1366692721977606146
1366882445329653760
1371181582648799233
1366700968184864769
1366712266125684738
1376275529767251986
1377361301526077444
1366687319026245632
1366702406193586177
1370845132036136974
1366692232389099525
1366672983520145409
1377344341002321921
1369930630230900738
1366314269655105537
1371241368153165827
1366720615034585089
1371144980371234821
1371388372070117376
1366699096917102592
1366705129966219268
1366729704808603653
1372886382088183809
1371137231658872833
1366702905412235264
1375157833050767364
1366676959498014726
1371158840792731652
1366826231631671299
1366802121010610187
1371380489077075969
1366692693548687363
1371474293662564355
1366702905676488705
1366658761847431171
1366679016179175425
1366309933470396418
1366663114117296128
1366844493488680963
1366803644369281025
1371333442076602372
1371203278311149570
1366772178004430852
1366656758685577218
1371163247609532419
1372584013139955712
1366854949389352966
1366659089091219456
1366264606654672896
1371379488286777344
1371230025278705668
1371218021860147206
1371609650362249216
1366660256860954625
1371218516863545344
1366711963376627715
1371695977741058048
1366657411218554885
1371424052305391616
1371212006775197700
1377242705332436997
1376275596272144384
1366664519557255169
1366862355884294153
1371233703096160261
1366255628172328962
1371494937620066311
1366712596829794304
1367821110839017475
1371556515946110978
1374459222235082760
1366659107554533378
1366780342024220676
1376547686074232833
1371245795069005825
1366660465716248577
1366672113688576001
1371157505812926467
1377271473967144962
1371249494835232770
1372870075041058816
1371155636172509193
1366744691232899076
1371093548184039424
1366752952472506371
1371401619812782081
1371147484362330118
1377247239077236737
1366333973719310336
1366177685744087040
1371293752644546561
1366711154664493059
1371145581171736580
1370962460107235339
1371204879918710787
1366689243846897671
1366197489951379459
1371227122107351044
1371660102374199296
1366670542762369024
1366685304875323395
1366803762787069952
1366670767958745092
1373894819081285632
1371219231023464448
1366777511254835209
1366733781332340739
1375537569790836737
1366393768421785603
1366714965390934016
1376632067581218818
1366781389148930049
1366658541822566401
1366418567575576584
1366715957339652103
1374076162037649412
1366657045705932800
1366810075772428293
1366402289741791237
1376287161306189837
1371359082297372673
1377360017662312449
1376506035310100482
1366755786244898823
1375156848131727365
1366681470589403136
1376446054820876288
1366750021438345216
1366690505011167232
1366888475014926336
1371220547435106304
1370527657604055046
1371589265931571209
1371102722225803266
1366707934697316361
1371583500038602752
1377242223998337026
1366811339323285507
1373972960793477123
1371459383884910592
1366657938132246528
1366758087231737859
1366764821237137412
1376226527868813316
1371205951605387265
1366859492512702470
1371461440486436866
1366792676155211777
1371517851731963909
1366673441991057411
1370760704119205888
1372917587122790400
1366727587259686913
1366291071987294208
1376263300258877440
1371225163778363394
1372886636082630668
1366360338728439808
1366683973015986177
1366740744376094721
1371390802845384706
1366684292420673536
1371136931220832259
1366743257368117259
1366707544014610438
1371356564834168833
1366295877330104322
1371214770796396552
1373319185590321152
1366663372431892481
1371222148757524480
1366727309944848384
1375867489121361931
1367928809534668807
1366806072300822528
1366739522671755278
1371113176767561730
1371239729723801600
1366668130777518081
1371473349805756417
1377370237956333573
1366699883038703616
1366329258814111749
1371232201052991493
1377317120556556290
1376583698204794880
1366685526758219779
1371363327964803075
1366693022478569474
1371174643898347521
1366687518771580929
1372239356560281603
1366693400838344708
1371192157227388929
1366750006951223298
1377257549523730445
1366181797730672644
1366701664409903110
1371231452575244297
1366801326219403274
1372598675172655110
1366784019195711490
1366711010053267456
1366868603103019008
1376138720785629184
1371535428654931978
1366692789472346114
1371973247600885760
1366310237511315457
1366758369042722817
1376278801894752263
1366793011531808773
1371359034830381056
1366731303945728002
1366692323153821697
1366691850040524802
1376267936650965000
1371107620979884039
1371436678854946816
1366710936854286336
1373408684169121801
1366177422371131392
1371395677364883459
1371104127342772230
1369388130873249794
1366789704994201608
1372853433401798657
1371348012442775553
1371187219365556227
1377323510339661828
1371593613554155520
1376266503373344772
1366732660761059331
1373856241928302594
1376396629926875137
1371475184260157440
1366665583341801475
1376418716485873667
1366672828238594048
1373341177534091270
1371190235049103370
1371393841027293190
1376499559711576071
1377245090096234497
1366665634998874112
1371392580949319682
1371554080485703688
1371222622864818179
1366670949261717505
1371215200301502471
1371215840704610304
1371221506454388738
1370840391537324034
1366664111489044480
1371359210462662658
1366849611063820290
1376276805808701442
1366751966286802947
1372897253464150018
1377263504730828802
1366791388738813957
1366283122464206849
1366703154952339456
1366695295782944771
1371117279107244038
1366671742836555783
1377377673257754625
1366891480791584769
1366179842794942465
1371374531814825987
1370501084800770049
1366759200097976323
1371160179123875856
1366757742136991745
1366768496177278978
1376490903683145728
1371274752648708097
1371162692287922178
1366379372396113924
1372521037573804034
1371428636121763840
1366856717930274818
1371154661344968709
1371189368040390662
1366851954475991040
1371535953089732612
1372632939247382528
1366686252687388673
1377265604965638145
1371373692014501888
1371174581642346498
1366676042203684868
1366514146943115271
1366659200479350784
1371144884271390721
1371204852592873474
1366667148249227272
1371117251596853255
1366709613442306049
1376274145344946181
1366684022051594240
1366759194536382467
1371375633167683585
1373060943723257861
1371221824546148356
1371356846372577280
1371153742167429120
1366816961284476930
1376275867442233346
1366668661440798728
1366360170696241154
1376158423700680705
1371107365232246788
1371235827003617282
1366751479961387011
1377364072828575746
1376501432975773709
1366681094905593856
1373210114883211269
1366386150630428679
1366757713104035849
1371198546192564225
1366708110623137792
1371189442568945666
1376419841096187904
1371251357898919938
1366781189307129859
1366737886696124418
1366656457652006914
1371307876308893697
1366770517307498496
1366749991172268034
1371454315068596224
1371383622150848513
1372927327429136386
1377269374692777989
1371202928074178569
1373574878331305989
1366261524319383556
1366797464846495745
1366693961218355204
1366725026859388938
1371266801984737283
1366725515420323840
1371354728819478530
1366762962917195789
1366663937954115584
1366890675120214018
1377320460409536527
1366657783433748482
1366691487153553410
1371422790381924361
1371355439628230659
1371261146964107266
1371366050617561090
1367017098040467462
1366299550609248259
1377247470007291905
1371214434740359170
1370061845843767296
1373351173093257217
1371393442006323205
1366742547100483592
1366661304702955521
1371118046287433729
1371194017841614851
1377393306670260225
1366659725182590980
1373331612558110720
1371684446722781186
1371569873822830603
1366683068778614785
1370874187418599425
1375780331417141251
1366816483725172744
1371358957051203586
1366680587948425216
1372473940686352385
1366661385967534080
1371958600030109698
1372175466489073670
1371180057142648833
1368880683456815110
1371167306823385089
1366853442837307392
1371160583437967371
1366722643186089988
1377242630111834114
1370662967402975233
1366813322226630660
1371117462159302658
1376152633359151109
1368343512358547458
1366803699188785159
1371403415121694720
1371169825091899396
1366293330246701059
1371220580020723717
1373878934115397632
1376276130651602959
1371225479437508612
1376275286036262916
1366676754929229831
1371246416203485189
1366752831106150404
1371357483705511938
1371234803895435267
1373029180208771078
1366887649949188105
1366672710487654400
1371144540950827008
1371149560177889283
1371215773532839937
1366310875175485440
1376391766287519747
1371360864473845763
1366696205128982529
1367059158537764867
1366597239741685766
1366207265087377412
1371180623226925059
1366840290200461320
1366692872045662208
1371129781723480066
1366676839628963843
1376264629647728643
1376658797326909441
1371120406950776834
1366659805348257794
1366884899693744128
1366758293708898304
1371387066119032838
1366741634503827460
1366668642117685252
1373762924917964800
1373922292284133376
1366749055301410816
1376272399008665602
1371814019380752389
1366709559612633088
1366763810657296394
1373192013160574987
1372274344324390916
1371208084102713348
1367653507327795202
1366685996855791616
1366659815758581762
1366880851464777738
1366691568711778308
1372907335585239044
1366715334217125891
1371239073420079104
1366656049894350849
1377274161685524484
1366722159159218179
1366779334665633798
1371211079045496832
1366661993546055681
1366659032170299392
1373765990383820800
1366732850863763465
1366675426676998147
1371180942371516422
1371443928713588736
1366698878037340160
1368338391390167045
1371430641795993600
1366778548774699014
1366698975328362496
1371177278399508480
1373576086521573376
1366746695258808330
1366719514331787273
1366307351897272321
1366720409513648128
1376231491412299784
1377244798776569869
1375571698565722117
1372861055945302017
1366702424208121861
1376539547257962498
1371473871258464259
1371167810169286659
1366728499684401153
1372579371949645831
1371159104610304005
1371360752800518147
1366667359700856832
1366657425298833411
1366671548346687489
1366904209631830019
1366676646829445120
1367363001003757568
1371189393474646022
1366752774290083848
1366736159343263751
1366785069805895684
1366776730120241157
1366795581545398274
1371236315489042435
1371385833589211137
1371530049929744385
1371182083117350918
1367092060415799302
1366849273833402378
1375549752146866183
1366697147631034369
1366699537469825024
1371205183280123908
1366660122190237698
1366807040971137025
1373716471138902019
1375055545250512897
1372902463481786369
1371547912434556932
1371217467624787977
1373890098249498624
1366656166076567552
1371174798089449474
1377288930572300292
1366721766199025667
1376835984130768896
1371211006429511684
1371459213382332418
1372876682567241732
1367167721931161601
1370501360366583810
1377297443763728387
1376074198192422915
1366721161367846912
1371557144475148290
1371368711450415105
1366203519364182017
1376264319588040704
1371359130716401664
1366723039233273858
1366667548918448129
1366278589906321408
1373770673710063620
1371366472577077251
1376308087641010180
1371180280703299590
1366715417427861504
1366748209847140353
1371391079342350338
1366759617896861697
1366656789257867265
1366667132235374592
1371182833180495872
1366827366304149509
1366791721389088771
1366693009631440898
1366753152037507074
1366689860652793859
1371396449355849728
1372860804408737793
1371197660955340806
1366703283876876288
1371128281437704192
1376444836941824001
1366763252642967553
1366672145863106563
1369966244204515338
1366897267966414850
1371129618095300608
1366719368164499456
1366728684615434244
1372910078488109056
1371993508987469827
1372228318364323843
1373206816943902720
1371365067518840833
1371181464126169089
1366859615166734342
1372232457215430662
1366180650257166343
1371162065692397568
1366752187926384641
1366870982309330950
1366743167777845252
1371424626719535106
1366273677361360900
1372853160029605890
1366702440758861827
1366673738591313920
1376317543133106182
1367111549345820675
1371152682971508746
1366686448695533572
1376289379786891268
1366790090228383754
1371272447329206277
1366670642058264576
1366244009845358594
1366930610615439367
1372940402353917952
1371361267378761729
1371489695587303430
1371256730395508738
1366693852334206978
1371146150217183242
1377244077649969161
1371245323205672962
1372193896801968137
1376291622267260932
1371152701334118407
1366664036113387522
1371234075789365253
1371115444397019142
1373059420150632448
1371147709462282246
1371358452380008451
1366666384374177792
1369808007316529152
1366284774663405575
1367433584852803584
1366692849434075140
1366687005908885507
1371403899320557571
1376789589973684230
1373786495220342784
1366685566880858112
1366701750846169088
1371194713500434432
1377185828586225666
1366757919644123138
1366699806870151172
1371408193746767873
1366783877977677829
1368923162042380290
1366711323682299904
1366742878538596354
1373905593971400709
1371409557319262211
1371178463298719744
1366672413056983042
1366692991872753664
1366675704910331904
1366854065016213513
1371385374853988352
1366670077584678913
1371145839498911744
1376257896451866635
1366745479564951552
1371274559115161602
1373090548345622536
1376139539023024131
1366658982505574400
1371154355752144900
1366662248161239040
1371217473689780225
1366660612722409474
1366705118628970501
1366715169217404928
1375488106057625600
1366666501709844485
1371888030861103110
1366662773158125569
1375546603461828608
1371205951714426889
1366671949167030275
1366681415287455744
1372909758081081355
1371115745795571713
1366782300218937350
1371428684494729217
1372584273044193293
1377244833895563265
1371116122943193091
1371260671564906496
1377241410299121667
1366683391412875264
1366678095768547329
1371370674456039424
1371382427399110657
1366912782134837255
1375529920818974726
1371221144242651137
1366778520844857349
1371163975606493190
1376304398708654081
1371235275607801861
1376460209246380035
1371204182007500803
1370588700988469254
1371109677845655553
1371724778613129217
1371367105317199872
1372522499565613056
1366672396099457024
1371250989601263619
1371177777198665729
1371336682646208513
1366660678031925250
1371159076214833160
1366702651287683072
1371212991203581953
1366809493925994499
1366759549508673538
1371496051195121664
1366751005480800261
1366664422589104130
1376359760212135938
1376147165609914370
1370436581111296000
1371269774483808262
1366315986593353734
1366297245042282497
1377333103073562628
1366710885394362369
1377007174921117699
1366663025265098757
1366697400031657986
1366726886643089424
1366751720940965892
1366714501224103938
1366670702431113216
1376234624595152904
1366784650870423552
1373206997009580035
1366729738044256257
1371284825429188616
1366666813841498112
1366753365485637634
1366682044080812034
1377251449415954441
1376522127449456651
1371323872423841793
1366741723079200769
1366761638699945985
1366673705527635971
1371158407563124736
1376362929969332229
1372910613198954506
1366793743584624641
1371552386653765634
1366811837526900742
1371220887953936385
1366684537787408385
1366656407383265284
1371364861750431745
1366884178432831497
1366915444553224202
1377281891011821569
1366785224923901955
1375543731961610243
1376307137538895878
1366873688528875520
1366691819472506881
1376414972562055170
1371205024529981445
1371146638270562308
1366887920276275201
1373312742501781510
1366424242460516354
1366764098684346374
1371124122290388992
1366773024167518208
1373770583796776965
1371205896269873160
1375716954988773377
1371132757951328258
1366761096183500803
1371213519224459266
1366193083755487237
1366864315538636812
1371372311475986443
1371202660330835969
1371253192449740800
1366671862361706497
1366806299174969347
1371359170478403588
1366657820565901314
1366803041677152261
1366690192657121284
1366469476749897735
1376447073667649537
1366733596275466241
1366205070916870148
1372645621476253696
1366659814315671553
1366657909015347201
1371211624498016257
1367202078523875330
1373894609731002369
1371338197771386882
1366251214111916033
1377241171425124361
1377242427807956992
1371188202707546117
1374493520740851714
1366819565464862725
1366761558311903237
1371162113738162176
1371184355788390400
1366883916657946625
1366664168363941888
1371513322303062019
1371145256213823491
1373769534319046658
1371145991705989125
1371197194552885256
1366677404937297923
1366709721596575745
1376273156915216385
1366670332292182016
1377373362180132865
1372964936373112832
1366968385247055875
1366790286207246346
1366672094700990469
1366287048815034371
1374101694427099143
1371391956815912961
1366668559687053312
1372137557035745281
1371219052652232705
1371408791607054339
1371360772484386817
1372294199652052997
1366849932259450881
1366458516588871684
1373890080826343431
1373026507166212102
1366448480047280139
1366656687520768000
1371183952367652864
1371190408731058189
1377281111622057989
1366665978084483072
1371536123378405377
1371169049565138944
1366664253969739777
1366670676862640130
1366659654974078976
1373710101736001539
1376263916704178177
1371359034322866177
1371192258318503936
1366747418717519872
1366682524634783752
1371544318410952706
1366845207241777159
1372867282343489548
1366682769225564163
1367898658012868611
1373045820619128834
1366808582411452420
1366785673919934468
1376285137848111105
1371154086406541316
1372148406576152578
1366815613629399045
1366774575552491521
1371114855382532096
1366658720290246656
1366857039583059972
1366739550903668739
1376273646549929996
1373785802237415425
1366984946007629828
1366668635226460160
1368605482617892867
1366263344823496704
1366663984758349827
1375966231447146499
1366731053377990658
1366228376512569348
1371155771707248642
1371746501752414208
1372885953837199364
1366758054881095685
1373416705662287883
1377242091491880960
1366701257977696256
1366716681264001025
1366749480343789570
1366688300094914560
1366738907069562883
1366677013734563843
1366664031042469888
1366795083920605184
1366883684905857028
1366998346251063296
1371222753320263680
1371120198779080708
1371544078748356617
1371184323836182528
1373774629513404424
1377300069507026951
1371154638997716994
1371424330161254404
1366685738109194241
1366661819297898497
1366691455268487169
1377258513337098243
1377308185120346119
1366697568839888901
1371149032752566280
1371354059513466880
1366762857845710853
1373028419571740680
1370983607943184384
1366697169533743104
1366665719757299713
1373094338985607172
1366730047067987971
1366698061393756163
1371473249155039233
1366676593209454592
1371343320589426689
1366756294359724036
1377188664158076928
1375442137538514951
1377250163761283072
1366795254549143559
1366666358038085632
1373568322541912064
1377243801304064006
1371559316965183492
1366683951746670593
1371524414047723525
1370843395275554822
1377242209825779712
1375958547272454148
1375547200437166084
1366755925923680260
1377285219305336835
1371226761330057217
1377282704304144389
1366699900898009088
1366680258657812480
1366669277772840961
1366824259021123585
1366740092132466691
1371366277852323842
1371359789205360640
1366300839803904002
1372859976931274757
1366748059527503880
1366761584673103883
1371221959707611137
1366673177422741506
1377255105284702209
1371150182683906051
1376263599757352960
1371342709236113409
1366707343191400448
1377260283664723972
1371221280326877184
1366180980265013250
1366707028752752640
1366346777599881224
1371259885158068227
1366732852491149312
1366692573054717955
1376281750800900101
1377250854177288194
1371542135451885569
1366699302878400514
1366682155364057088
1366694330396721157
1366351320672841729
1366727196392456196
1366668381362020353
1371210429112975365
1366674278297587714
1371112003444617218
1366675477893705728
1366735415080845313
1366694956795129860
1366675302483693572
1371177587632930818
1366793520061775880
1366783979869900803
1371394613492260864
1371065348150165505
1371185967902638080
1366260515199139840
1367016820063035392
1375145282560794625
1373190588313522182
1366701246497910785
1366675605505343488
1373206440479965184
1371395755609579522
1366667061397778434
1366693602265616385
1366704091603361792
1371204016911360010
1373190589169160196
1371109310751768578
1371157880460734464
1372923584620937217
1368939792805822469
1366683928090861568
1371225180677279749
1366727361958469633
1366690383313448960
1371169322442362883
1371535276061954049
1366677136392806401
1366659079356227585
1366747176966246400
1375950572277411840
1377243059591725057
1371396522940764161
1370587584691322885
1366802879886073857
1371217445977997312
1371219141449908230
1372848389679763457
1371173161010671617
1377253241675726848
1366467715280609280
1371194541424934920
1366706406213189634
1366718415940038661
1371262057987850240
1376258675933904901
1371476045732446209
1371171601304145923
1366748944081055746
1366656508134645761
1366660474683748352
1366849198633721867
1366683926643822594
1367223425773826051
1371168274411626499
1366736206646677510
1371154319169441792
1366661649868988417
1371229069275172873
1366779934249803776
1366729585300287489
1371183642077200391
1366816957853536257
1366704815825424384
1371169343170547717
1371361283044470786
1377252374063034369
1371170330581024771
1371202658544066560
1366668291427737603
1366734032172703745
1371179796714115075
1366757978808999941
1371178512447586305
1377186431836114952
1371212106285125637
1366668977255174144
1375541434766491660
1371146354764955649
1371425459758587904
1366785754450518020
1366722053630525445
1366817832269467650
1366669153462087682
