1284878459735547905
1285807589985603585
1285658340379459588
1283800387858960384
1285661911019921408
1279039032526331910
1281254604726956032
1281255717064921089
1278795479803932672
1285645680074264581
1287624212505669632
1285914383747551232
1285690411483312133
1283007613026934784
1285880672893239296
1280946117824446466
1278722822706249730
1285687370784935945
1283039029160816641
1287514977247559681
1280950906306146314
1278219540028104704
1288520114552344576
1278744670445752320
1285638130155094016
1278956034485346305
1285741656411721728
1285625455148752896
1280983220570525699
1284527000309452801
1278765488009555968
1285621220516532225
1281321070792974337
1281245254788800516
1278318506946236416
1278764538880577541
1285964210749530112
1285627401955938309
1284506970733580288
1278725232010891266
1278870316610134018
1285902888766787584
1285710256472043520
1285648769455984641
1285798729354809345
1278755379657297921
1285865539047489539
1280938420202868738
1285845345344335872
1279040573677219841
1284558430796120064
1283607221486718977
1288438620056162306
1278347107263557634
1281313280963809281
1288896592158904321
1284798692097232896
1281322527952863233
1285600555914727424
1285930754673909766
1284885426826817539
1281586488870928385
1285723122910613504
1278790265592045586
1285642528503537667
1283834490268377088
1278843511245283331
1281344899208613889
1285637989700444165
1278771490880618497
1288507152324272128
1284922448073433090
1282785188729294852
1281620340028985344
1285544785886011398
1285639323686141953
1285633262161989634
1281378083011006465
1286552526398119937
1285646141762215937
1285627782190465024
1285642193995288581
1285505035284226048
1285698319268950022
1285682705007546368
1286255287184363527
1283835844546244608
1285882741498707968
1285637612770861056
1284543910212239362
1280933631083585536
1281301530310737920
1281254807848787969
1285701965264150530
1278225101486534658
1281621422356533251
1285639964261261312
1279088449971257351
1285631683442675719
1285495987923017730
1281545995365605377
1285646809755463682
1286020834767839233
1285651404410040320
1281232758333943810
1285798591920054273
1283810912961527808
1286048863745384450
1281254951671533568
1278734016523513858
1287629741948837889
1284123184141348864
1285696607330213888
1283309454029619201
1282746006975766529
1285639842286702593
1280191432234536960
1278787674237743106
1285592333141106689
1278739662765535233
1285673806208671744
1286295113443020801
1281630060202557442
1281281712325038081
1285685017579069440
1285679290823172096
1285698424231333890
1278819975231352832
1285651180245450753
1279482676462915586
1281347114023428096
1287147294148759554
1278757739007705093
1285699602373644289
1281343173554561026
1288006992716615680
1278948747939131392
1285677736904863744
1285697026580271105
1278795829919301634
1285638213021958146
1278948700199555073
1285634666238705665
1285642617296912386
1285992462163628032
1280970290705678336
1283770915252252672
1284494196276187136
1285668887997173760
1287323575951724544
1278798333704916994
1284493563427016704
1285645795362996234
1285635744795701249
1283870355828940810
1283800432301813766
1285683808558362627
1284813452473765889
1286295639232581633
1281285261545046016
1281236814683144194
1282758867068375040
1281359827105492992
1285649525185679361
1287108920956407809
1287304933180612608
1281237605481435138
1282283805190033409
1287300457979940866
1285872998432505857
1285627097155883010
1278728147559682049
1285940947965153280
1285710755308998658
1285652099817242626
1285634119553220610
1285532305818292224
1278830368502820865
1281467063886848001
1282766643605774341
1285700283381829638
1280426493844361216
1285951793713876992
1285629428912001031
1281362956341649410
1286020865168035840
1278743100576411649
1288851560806711296
1285601136762814465
1278786786236522503
1286690417556291585
1281341557501759488
1278753982001885186
1278270368738918400
1278289630559961089
1281481975786864642
1286186104757071878
1278308501652156416
1288373253434736642
1285829116881768461
1279006219039055873
1282916443324133376
1278835893810462721
1281478478500704256
1281362389393383424
1281686912332374017
1285626656602890244
1278262051043979265
1288007539179655168
1279004999150960640
1284786109499793408
1285634655958466562
1282997387653459971
1285201270857502720
1282749655277871116
1281489483414884354
1281281685091495937
1285681807002927109
1278221593525788679
1288715059489906688
1285971057493581828
1285849587383783425
1281279410482679809
1284444011932065795
1285631750799085572
1285664871326068742
1287530637105168384
1278820260796346368
1285824222682591232
1278825383601885184
1284765010518999040
1284503882144657409
1278789013273534469
1281323183421960194
1286038946057728000
1281334135563354114
1285889626041913346
1285642739309305857
1285649112457715713
1285626507453399046
1283861510993911819
1281625408430116866
1285628021471416320
1284848459485413376
1281318422773673984
1279199541267509248
1285999731366334467
1281234739643506688
1286789388718891009
1285671897703874563
1281366551917146118
1285889253646499842
1281619941293199361
1285645660331679744
1285646857813852161
1288228907720859649
1285100973946482688
1278757276472479745
1278794380657274880
1278728513164652545
1280437720582676482
1285649856598614020
1281332408986546183
1285801758619570176
1278836033392644096
1278737913799376898
1278751033209077761
1285632363431636992
1281342265546473474
1285817257143263232
1282952710090903553
1286658233445289985
1278792203586985990
1278728399901655040
1280454107665498112
1285661526125314048
1285625657746235393
1282788434306834433
1285671619147583488
1285625644240580612
1285654960395386880
1282745501021069312
1278729380357910528
1281364721292255233
1281716129560485893
1278225072998821888
1285646883088674817
1278727186208436224
1285700298904928259
1285627262067453953
1287450726935953413
1285634125785976834
1278244575254130688
1283806849486278661
1285652433876779013
1281463685773500416
1285702278071148544
1278790310261383168
1278897583927287809
1281268937523675137
1285628974303936513
1285835806456909824
1278368641059348483
1281322385149485057
1285842994017587200
1285856488863432705
1278750925629329408
1286194531273146370
1285144642317672448
1285373577651462145
1284565102470070277
1285898776994029568
1281622208138424325
1278376760447569921
1285850604963864576
1279445671511306241
1281245888535506946
1278792381681238016
1281309910026924032
1281344858897240066
1285707048366350336
1281913982975184897
1278743261587419137
1278830824444526592
1285660126356156416
1288505434605858823
1285630013090537477
1281266540327952386
1285571753293557767
1283643083041767424
1281279819750297601
1281366609949536259
1285504461214015488
1284514635652136962
1281178908239564802
1281985430771171328
1285624679588335616
1283809130898227203
1278860656108855301
1287373932237029381
1281395805048516609
1285637585239527425
1282276404894355456
1281546340690833409
1288008928832507905
1285682717129150465
1285647553967599617
1285635482257367046
1280454243770601474
1281322104051335168
1282999451418791939
1284366750814003201
1278737561142415361
1285909074278834176
1282745630507630594
1285899597475438593
1285722153497788417
1285267720024526850
1288158031818219525
1284824445476110337
1280889707900043264
1281454075469541377
1280626367957282816
1281321164577611789
1278764589161811970
1285780513651908609
1285371794778660867
1278781996332965894
1285625404959621124
1287309561393819648
1287344171720876032
1281247254918160386
1281344206045413376
1279789673330720774
1279177769453334528
1285229570615115780
1281232948587610112
1283835258010468352
1285616687329443843
1281277606076256260
1278307331441332224
1285627476505505793
1285843222531579904
1281315389738287105
1281371612663754753
1281566447987306496
1285661082225434626
1278758296787267584
1285631587812544515
1281260358905331713
1280967282936680448
1285638328709189634
1285757321189171204
1284801891227119617
1282762600816750597
1286771212274868226
1278745658309193728
1278825521728704512
1285623626738348034
1285846728403496960
1280542523056959490
1280968621708259340
1281479593682141185
1281614803648352256
1285494692415705088
1285435222767493120
1285628539929321472
1282745282841792512
1281260338659373057
1285883525149974528
1284794352712265733
1278794366862209031
1281264039180591104
1278769271406026752
1285632246569893888
1281368666173575179
1285705372506955782
1280710101498822656
1288038263949795329
1285645039058722817
1278861653875011585
1278823925271506946
1281285906184486913
1278771943802626054
1285861030128766977
1285904417728888834
1285682891377254400
1287305316145811458
1287040355557351426
1286001763477270528
1285689314978955272
1284953933417455618
1285531189567266816
1280933974265794560
1283801116732465153
1281346718001496066
1285645259020611584
1287424074763902976
1285632203653865479
1285628745676718080
1278794839035969542
1287723905231327233
1285705421551017989
1285678236878417920
1285665188755185668
1284484618134204417
1285776363300020224
1278750882201509891
1285813554235547649
1281569696219889667
1278836291346587649
1278260296377917440
1285676741420294145
1284483377916268551
1284750655492632578
1285692760679424000
1281882800686342145
1278331815833501707
1278712097396928513
1281328702131970049
1278806362424774656
1287532343847202816
1278775113886969857
1287320391820759041
1281272124678733826
1281295353782951938
1278779106558164992
1278298140660072448
1285645087133835265
1281338115114901506
1279002575472394241
1288205453336481793
1287326339163394048
1285726237042847744
1278965542913822721
1285682195642953729
1278944808644509696
1287680228786085890
1285629062644477952
1285720966308474887
1285646449515155456
1285929873123442691
1284555160597999625
1285362204292927489
1278734001478471689
1285650825293987841
1285696554205151235
1278787979696365577
1278802030476300295
1285635324622901248
1281246540460367873
1285677047579381760
1285713318515224578
1281239280162082818
1278653748768845824
1285650966478544896
1278230898538840064
1282756746017218563
1283801032301174790
1281340520443326466
1285649854434291713
1279016671315996672
1281968620873166853
1278795863570202625
1278823423821701122
1281401878958542849
1281372260847308801
1278774547265847296
1278764686822068227
1286719411580293120
1279112223466627072
1278819904578355200
1285796940869963801
1285708124490522634
1287083605479632896
1281312708676194305
1284806615523352576
1278710909440065536
1285625766542270464
1285633916246859776
1278812559320190978
1285836854437216256
1285631691432824833
1285619275571638280
1278219927443423233
1285625710439280640
1285656334076121088
1285880615896788992
1285626824106680320
1279685788637298688
1285955399397576715
1278940827121864704
1281270410290647046
1285629076254973953
1286190758303760384
1278721757776687104
1285922457506000896
1285848107473928194
1285735606207811584
1285672735717437440
1281271018892472320
1287883436498157568
1285629978021965825
1278817292424486913
1285660225421352960
1285689394163318791
1284524474541453313
1285803261207994368
1280512645033086979
1287307465634328576
1285921783804235777
1278838740484571136
1285698904902840320
1285602586763186176
1285629156248739843
1279076745426190343
1278770367226658818
1285924181847216130
1279099667905724417
1279416953602478080
1281351109697830912
1278821403710705664
1281365533296918529
1285627679593697282
1285509902664970240
1281358669741989890
1285818041603952645
1282915842259394560
1278217981986775040
1287175969569148932
1281354398367703049
1281280154514460673
1281285543150661632
1285710216416436230
1286732740751130627
1286069992069517312
1281570829122379777
1280178035254312961
1279787328077266946
1285691410344292359
1285649498681860098
1283797502899126280
1285684781129314310
1286318241007259648
1281476067228876800
1285704068833390593
1278731026148319232
1287024766868652033
1285692644656586752
1285840903475728384
1281377655204581377
1285641372192722944
1278821185292288000
1284797920949276677
1280944587138359296
1285985195217293313
1278757696859226113
1281297539703156742
1281244051522629634
1281534320910499842
1281235672003751936
1280934260417986561
1278841410314264576
1285892605885243392
1285635171115503621
1282390556950368258
1284042506020294657
1285632239691198472
1285629232354414593
1281294912122732547
1285692645248053252
1281451354855223297
1278802557708709893
1285654437717999623
1279297879954333697
1281258257735208969
1280428557714554885
1285624474906370048
1278216754171346944
1278725899819589634
1278769278997737472
1285844195165515776
1285709145442844672
1281278594363338752
1278772774744530955
1289165521519247360
1278732579672293377
1285642315604910085
1278287930142928897
1289275824835878912
1285698640166748160
1285633718523244547
1285664166402035712
1285658021595680768
1281339058472574978
1286694646542893057
1286061990645989376
1286256090343145472
1281282240962494465
1285798683779502081
1281276311256915968
1285538977756393474
1281331081090863105
1278777324880695298
1287407145877635073
1281270374785744901
1278320155399983104
1285709463845044225
1284482590611832833
1281258397984309248
1280560554613059585
1285645026287063045
1281342876878864385
1278765628397158401
1278749041854156800
1285658261119795200
1285658115191562242
1281264010625789954
1278789331361112064
1285625458726440961
1280469105385054210
1281571037235249154
1285630879705059328
1286270690375675904
1286625859173056512
1278357903125155841
1287650809300353025
1285821715264819200
1280934601284780032
1278825620374511617
1278725865459900416
1285692810662940677
1278727653239988224
1285698890352795649
1278756447761960963
1280436133390946305
1285629353506856960
1285633476012769281
1278728826533687297
1278792940626874375
1285636981406478340
1285900125852835841
1281257738908176385
1281351364342423553
1280138174837272577
1285618753351426050
1281260232216326146
1285904425656168449
1286713313594953728
1285675033134866432
1278294923322761217
1285633982265274371
1285953127443726336
1285849178271297537
1280937014423162880
1282795512618536960
1278241829884919808
1280518400045977601
1285631042498461696
1284887089608306690
1279077443417051136
1285936403872976900
1285667499573497862
1288192948480421889
1285650330227740674
1278819943803498496
1282940684106899459
1281251137459535874
1282756866179727362
1280991779878326279
1285839113183285248
1280426981742514177
1282775884747939840
1284796055826178048
1281619619036508160
1283187347115380738
1281363020057387009
1285833515121156096
1283908015456952320
1281346812918595585
1287340881637511169
1285633606770188290
1286057591777505288
1289315325490544641
1284508851455352833
1280280354461552640
1284798221840265216
1281553674632867842
1278825900662980612
1285686593660112897
1281258219600560130
1283802376298795009
1278818499977191427
1288840598548619264
1281263151879774208
1283810292716249091
1285632123634933766
1283839294403153924
1282946345448419330
1286368783838437376
1278880748272058370
1281260582738563075
1287328526664949760
1278418366785638400
1285826009565200384
1288957760982396930
1285780755587698688
1283802841551962114
1281621957797203968
1283334563025084417
1285630959287664641
1281299979127193605
1285644815779192832
1285511594479411200
1285680591954944000
1278752622393151488
1285940480547659776
1285898904802922496
1278727093157797895
1285662920211337219
1285870436899840003
1285684994271334401
1285639355495780354
1286209245462106113
1285670982087319560
1283370606881316867
1281260805774852096
1285651487780155393
1281241137278324736
1278741584553684992
1285843733041250304
1285624232060256257
1285722352786046977
1278322656400506887
1283858276409458688
1281272650007023623
1278926060982337536
1278748537786941450
1281234157776109574
1285737339248140291
1281268323540504576
1285673351327997952
1285629880407863296
1281318090953953280
1281473948157435904
1285927169475174400
1285710505567543297
1281328777386233858
1285674535333908480
1285627601877454849
1282791283925426176
1285646230085828610
1285647661631180801
1278724720578514944
1278829799163736066
1284826515935580162
1287345129989328897
1287481893290684417
1282776800519692288
1285578428545105922
1278991602111963136
1281333140586364929
1285623866853863430
1281347939156336640
1278867654858674177
1285629344237445120
1287088176046247937
1282411157651955713
1278714793134821376
1285815305994997760
1285732140483846144
1278815088670060544
1285625876768489475
1285628358706036742
1278305957517418497
1281347339668590592
1278931006419075072
1279423368815620098
1288524024394452995
1283038842929451011
1281512922238394368
1281241521145208833
1283891313130299392
1286006273012568064
1285692128123858944
1281486713265807360
1286336642446499843
1278260721890066432
1279077486811320322
1281457337149140993
1287107169020674049
1285946441152831489
1285826756352659461
1285657275370266625
1287354481823358976
1285826690204291073
1285626738098176000
1283854601083641861
1280938100231933953
1278313443934842880
1285699366905413633
1287104280051232768
1278746807980433408
1278816674737795073
1289088859674947584
1287300457157799937
1281234850477998080
1285692543083204612
1281236166478626822
1282762388291411969
1278836682545082369
1285688393502990338
1281275996872769544
1281173530026086401
1285633578823450625
1284842531403046913
1281208625114099712
1278766651488559104
1281234713462616064
1285654392327348225
1278709518491422720
1287117977482145792
1278825391566848001
1278220317975027721
1278814930393878528
1287447749986791425
1285843140943818752
1288253404826030082
1285642649614123010
1283828557970649091
1285864105266511873
1284485454876880899
1285700261047160832
1281365059403419650
1287452886461489152
1278791785087504384
1278393576238563329
1278713125466972162
1286615691005759491
1278738189696544768
1279120742278455296
1284850709805051909
1287356686462849026
1281278601355296769
1280243479805923332
1282746313659092992
1278228212653477894
1285637505577037824
1278839930022694920
1281244746019676160
1285862593987567616
1285627434289836032
1285661115796672512
1284815483523530753
1281339991122219011
1278270428507668480
1287374966791512068
1283773824656343040
1285616058519429123
1287306341808308224
1280510093872807943
1279001570009645056
1281222112645128192
1279383095033069568
1282011542591086599
1278805222303899653
1285682598518427649
1278723413058760705
1281358497268064256
1285900069309423618
1281262591797575700
1284906911394127874
1285927554151522304
1285631458175066113
1285657311013371904
1285798592578560000
1281246834875404301
1283810580902678530
1280430405515128832
1281619753635913728
1278341748415135744
1278825703304290304
1278220958378217473
1281490457772675072
1281175201531801601
1281296962277515264
1281321667432718354
1285641751198343168
1285677622500917256
1288540588627963904
1280988784365121542
1281547458988912640
1285705736975265794
1281239468910030848
1278822050078040064
1278600558547554305
1280509310947262467
1278854138294665216
1283826861643042817
1281338209440595969
1285899896512548866
1278729585811693569
1281321809011408898
1278776530294968326
1278947805059592194
1284016709825945601
1284792875193192453
1285692129197555712
1285644587747418113
1283032010752131075
1285693622172766208
1285642602419757056
1279035318038147076
1288009166502723590
1285704057043197953
1288104710424207361
1285581098270052356
1281232918069817346
1285696740985843715
1287358811326611457
1281354617876549634
1286169855343964162
1283086647291187204
1280427287863873536
1278838887318781952
1281487536796381184
1281277315142619136
1286046052014055424
1281653045198282752
1285686563108802561
1278246402485821440
1285636153534828545
1281937964948430854
1278734790095749120
1285674568686940161
1281352666589859842
1285836317180530690
1278759116178165762
1285639718248554504
1281246671918284802
1285626560331096065
1278764555083055105
1285632662791749633
1278739445546704896
1281483455193395206
1278735506558406658
1284893950793351168
1285704873200308233
1281248986855243777
1280918558462050308
1279036362247766016
1285654227021451269
1287469790332887045
1287391083866001414
1285559386513997825
1285680367396098048
1285652047812087810
1278843518216220672
1278722255003037703
1285842787724865537
1278805266952269824
1281335718418296833
1285633870965112833
1285626045744504836
1281324576744656897
1285983906257408006
1278941139773652992
1278472677997580294
1278267986583982080
1278269735877193728
1285866050983165952
1285643100715659267
1285530950198272000
1278788306642362390
1278279106015215625
1280115923349917697
1286964596717363201
1278287387043512321
1285685107941154816
1285640710440484864
1285695095061307392
1285676387270098946
1285638129106509825
1281327967067611139
1285791175358775296
1285626479901052929
1278312658580668416
1285982882872406017
1278801629840621568
1285637821630472197
1278737095419473920
1289194629640814593
1278905271180550149
1278767986585853952
1278746210468323329
1283882180582703105
1278760888007380993
1285634423669620736
1285642049878929415
1286301958752608256
1279022148556816385
1285649875279974401
1285879400697921536
1285637431996354560
1281430245304934400
1278241485926907904
1278753133028610050
1281610806279405571
1287831191987654657
1281300620151083010
1278795876912246786
1278946476522188801
1283803776252608513
1285682408734457859
1283820659492245505
1283104702763278340
1285698230538383368
1278347103505448960
1285656693465124864
1281267571682050050
1285665719020072961
1285627529320181760
1285835744674799616
1280591293064916995
1278791822635130885
1278985561009766400
1278312982267781120
1281171404050890752
1280876917311320065
1278894105477644288
1278732059687686144
1286021935579705351
1285636626283139074
1285857622390902784
1285694252018794498
1284820100663648262
1284805209013837825
1285781873180979200
1285640020406210560
1285609878988435458
1287300823660322819
1285849527375757312
1278729266042212360
1278711746904162304
1285597164366893058
1285650697774600193
1284523681495089153
1284818130733346816
1285983140486492161
1285906824701583365
1278781085313306632
1282744580597850115
1285683565401968640
1285703332619857920
1284483815755468803
1285631612395433984
1285632489814401026
1278290280517681152
1285583908344606721
1285955860255117314
1284898069176356864
1285645633194426371
1278584788979458050
1278259016829939712
1285627957055229954
1283734309166362625
1284798052302192646
1278801186326556676
1287693874828390402
1286366348541599745
1278348499038412800
1285628344067817475
1278727664052953090
1285663898377519104
1285515258082271232
1285637007146913795
1278807108356628480
1287088957327577089
1283860531473010688
1283318691602616322
1281984969263513601
1281657483174596610
1285775091872280577
1285876379981152257
1281266157471875072
1285616333791666178
1285409284277153792
1285662782776639490
1278942054077382658
1285704566722506752
1282801039578730498
1285641147273158657
1278749259156914183
1280494579549175810
1284785085078736896
1286005711806308353
1280426553143410690
1285647469850828800
1284521645517017088
1284799706238005248
1287327981682274304
1281311001862983680
1278749490653155331
1285811970738978817
1283815988706902016
1278374947837095937
1278818150386106381
1287380454593556481
1285638224958894081
1285628970789216256
1285984374211649536
1285626402453295107
1279029723771940869
1286063611509641217
1285646654813736961
1278785627065024515
1285660691165306887
1281301073530101761
1285695134152130568
1278755164342583297
1281014630270337024
1287650928359768064
1285659674679943176
1284793680369459201
1285626452847689728
1285886128344752128
1286781489464709129
1284981663706091522
1285838198485274625
1287303721894936577
1286689931688017921
1285902477548756993
1281452678724419585
1281386008953663488
1278858231490715650
1285985599057428489
1285633284370829313
1285372592573108226
1278845738936684546
1286004002002534402
1285919167640743936
1285864825973886976
1280464014062034945
1285637270377246722
1278781966012342282
1278763224230436866
1278242718548930560
1285688741013618689
1278805259725479941
1286654092824190976
1285678488544935936
1285889837661331456
1285637183567691776
1285899394487812096
1278728423029047307
1285655613134045185
1285665681472618497
1278263704975523850
1285529883867840515
1284816135578427394
1285625962168750080
1278312119168008192
1285625566377451527
1281328217534717954
1281348923152424960
1281358837098971138
1283800942241079299
1281358188961505281
1278729433571082240
1278801696408440832
1283729490636668930
1278776355585429507
1287326593422168067
1285762766951845889
1278823218556649479
1278499687251742720
1286040102691635200
1278801607778500608
1285639975283896321
1285925718480781313
1283447014571810817
1285826346950721537
1282908313211084800
1285805785998647296
1285646067728605184
1287086882623553537
1285646117783375872
1278771874445627393
1280429571125510144
1281252729999044609
1281273133744427008
1281483840133963776
1285640921485320192
1284500878288982016
1281384500191277060
1288524785291534340
1281373630199484418
1279004024596037632
1278224708111159297
1285626247918301184
1285846386781675520
1285637891742457859
1285670611948376066
1283799643973988353
1281288317183700998
1285625969575895049
1278839209210585089
1285715814222565377
1286646618733846529
1284583427086458882
1278780003480735744
1285690009060814848
1285701464044843015
1285664297683746824
1283016556742615042
1285686582578679815
1285875341056147456
1281529646064992257
1281279055036383234
1285987606497562626
1288903209612906497
1285713960625463298
1280273710340063232
1281395861956767746
1281655086108663808
1280827041701679104
1278761549872730115
1278752104971153410
1285713914269970437
1281342893312094211
1287388179964796928
1285690705743163395
1281334224885350403
1285102999833137152
1287335058869817344
1278782020936773633
1284797833875468291
1278242737683402752
1278804666743128064
1280602977271767041
1278762904876199938
1281286798128427008
1284257912228126721
1278720859075743745
1285966062459248641
1278834523866836997
1286065644618821635
1278916056589926407
1285531518039924736
1278766883454533632
1280625565209419776
1278764773560238080
1285598762925260800
1285865822892830720
1285696785873240067
1278793041059500033
1285709299407302658
1285873096566747137
1278335144441647106
1285680444097343488
1278792730777395200
1281301300555194368
1278730069314240512
1278757663959023616
1285580173853761536
1285485778274058241
1285930889357209600
1285863652109758464
1281305701588008963
1287296819328888833
1287305887938478080
1285663470604693510
1285667284523130883
1281657495988187140
1285656175212662784
1285674799445037063
1284582551496073216
1285617320115802113
1283316373456855040
1285372476512514049
1280052448527290370
1284481658809389056
1289267595334492161
1282729162629881856
1278745882201120771
1278291246579101703
1280426170589339648
1278769845895663618
1285493299525177344
1281485506656768002
1287304312713084928
1282979675220869122
1281489890014834688
1280485241103269888
1285653104558563330
1285984583662567424
1281639214296322048
1285671589296713728
1281259727817670657
1284491756336226305
1285629750468386817
1278323909771788288
1281624179025092608
1285921406136520704
1286176857726083072
1285918148588457984
1281924669675843584
1285642517275435008
1281663962388615170
1285698136023932930
1285900954282463232
1278333969616994304
1288125470823731201
1285682327507664898
1281650037831991297
1282831866912026626
1281272627206782976
1278780581011169281
1285897480002048000
1281306245509586945
1278807190594297856
1278744390689787905
1283840259701313536
1285948454582329346
1287378560144019463
1282707097231282181
1284796901087469568
1285708206195585024
1281240518920462336
1285676894223060993
1278813290177708034
1282980712501645313
1285863408898891776
1278803030469677056
1285628201969029124
1284864671330246656
1285684996100022277
1284793514144956416
1278886686693511168
1285861056817004545
1285678484677955586
1281531038112645120
1284887887788548097
1283411301927194628
1281627725929881600
1281545527126097920
1281470800571359234
1285741207163985924
1281363229248311296
1285898411892510720
1281286379373240320
1280493654617063424
1285665766394802176
1285658907634016258
1281181445239771137
1285658285014765568
1289124743220727810
1278312867608047617
1285814609778180103
1278765301400842241
1285647130296823810
1281427167201521664
1285668526443954176
1282803343426048006
1285648610709962752
1281379565789687810
1279437338117058561
1281924858885165056
1281289714847420424
1280446836357152768
1285996366095949824
1284518247614873601
1284798514246103040
1281238263546761216
1286042192453210117
1280091093053378561
1285889110901772291
1278241448064888837
1284523760423403520
1287339082897657856
1285814254671716353
1285686222749409280
1286307867100950528
1278791629927833616
1285610373027160064
1282939105568006144
1285851282021003264
1281264773582270464
1285731606884483078
1278816261904961544
1278806857444986888
1279278140611866625
1278999163196317698
1278732638036144129
1278958575197528064
1284528691721142272
1285627304832634885
1285670493954220036
1281295884614074370
1285658543966781443
1279037482156412930
1287131140189491200
1284795450030198785
1278787936511811595
1282743948130353157
1283840160455680003
1278791784848637958
1279180601799651328
1285905090776367105
1285680886688735238
1285668924877688832
1285642809945489409
1284483341727784961
1285683140950974464
1285830661127929856
1284498230823325697
1278326730114113536
1285958438867087360
1280459580116525056
1287316054444843008
1281345193845850113
1280246059911036928
1278758142361378817
1282773970920628224
1285610329410539521
1278805052887613440
1285816425546907649
1278727202926968833
1278826722125844480
1278940515896045568
1281321620523622408
1280934997193625600
1285826434943115264
1286366299031994369
1285939299268075521
1281256702508257281
1285629471584858118
1284042272779177984
1278794544155439109
1284015092468719616
1281266342524575744
1285625235950239744
1286173806189514752
1281337573848293376
1282915880964325380
1285632705066086403
1284132402579808257
1285684367424094209
1281568255811833858
1278914624893714432
1285426202094841856
1285814272346423297
1278217700532256768
1285625716957220865
1280970105170640901
1285659164807761920
1285684534474924032
1279004294344294402
1285631504169807877
1285627028125999105
1281256061048180736
1278811471296806912
1281543602871705601
1287090680121131009
1285683811112673283
1281369254659588104
1284495985314607106
1285277227433652224
1285631206411952133
1282754746219147265
1285877413839241216
1278733026256736261
1285650887466262530
1281351191155355650
1278217448395812864
1281279995198033920
1280984916319244292
1282795514526932997
1283050151125360643
1285630857689145344
1285820524334063623
1281357840930746371
1278243596936843264
1280745982410600449
1285651621519794179
1278762487584894984
1278765791412998144
1285889962836217856
1278757536662016004
1285660240596406272
1286050530251472899
1287310209850003456
1281360334851313671
1285857115916111873
1281332313897435138
1284501598450917376
1281332655410360321
1278218136878305280
1278770799541923843
1278781086647140353
1278229290845442055
1281320480444690432
1284812280727769090
1279028586591195136
1287109363392548865
1278342189773357062
1278727176800669698
1285666239675879435
1280625713956237320
1285682296088072193
1285827809160704001
1285852693873987585
1286279987184664576
1281439375465877504
1278742220796026885
1285863701883629570
1284473513190010881
1285698936272031746
1285561705104388096
1285670614385266688
1278724886081474562
1278738256956461056
1278294531390259202
1281442681332412417
1281125209379143680
1284397581833994240
1278748018167119872
1287396289055989760
1285629733116563458
1285600428844027905
1281543519983808512
1278797616529145863
1281370056300138501
1281340211499327491
1278799993890058241
1286217673853095936
1282754143594196993
1278239712235454464
1280432640341008384
1283141464688603136
1284811439795056641
1281402313006030849
1285893740062822400
1287299967896485889
1278723511041875969
1282763052195225604
1285752372736724999
1287846903867158528
1286271836750307331
1285925574033235968
1278218334161559552
1285845186288001024
1281514346783428609
1285814849616973824
1280537778049232897
1286008286521819138
1278739803165638656
1280425717046575104
1282363538153992193
1284325842441719814
1285722437208989697
1278712083861864448
1278824237717958658
1281352347638276098
1287300431266357248
1281466559043702791
1285627737202479104
1284887922005741569
1281466982269964288
1278793211578920966
1281883323216920576
1287519713883496451
1285697083551383553
1284796491383676933
1285648888351858691
1278219505416749056
1284511141029453824
1278244268247834626
1285656516796854272
1284507774811082753
1279121337727008770
1284929722443608066
1283908350271467520
1281266020355911680
1284826386830708737
1281239491345371147
1286669724592594944
1285659402943565824
1284503025621577729
1286204752951377921
1285721950334210050
1281652737386700800
1286127272089604104
1283802499942686722
1287371910997737472
1287304065261735938
1285630612150386690
1281349032909176838
1285846421342756865
1285648315145695233
1285632847504703489
1278838126337830913
1281364541817921536
1285697494719123464
1278865085453291521
1285651957403746305
1286060712582950917
1286575769502855168
1278402312298475521
1286055456364953604
1285855014540529665
1282207462129635330
1285679751114428418
1281311747668934657
1284042772438278145
1285693716485885954
1285631918051143680
1278737808786628609
1288291441865895936
1282754022852775936
1285623451886260226
1281233731022467077
1285636537460424705
1285620199568347138
1278342170383126529
1284507375127465984
1288022844774002688
1279005450365816834
1278736632930275328
1285756550548725760
1285625439319396353
1278820140155637767
1278802844695646210
1287327425097998336
1285686338260553730
1278794255008444417
1281173661735628800
1278724549249576963
1280450702834389002
1285848564267200513
1285631732335685632
1285807613838589954
1282008188611633157
1285983036555788295
1282762470982070272
1285755098451206144
1285638382429896710
1288279489403813890
1279180230247227392
1286690447809814533
1285625518835015681
1285636152087711744
1285656668316082176
1282769748380594176
1287358067743629313
1285914052275970049
1286045390136135680
1278771351910842368
1284765703543967745
1278221802830024704
1285642903558270982
1278959769521393664
1285634249253703682
1285862653794058241
1278779534289121281
1284101289564090370
1278928053637246976
1278757202908585985
1285910286411669505
1281251849564237825
1285715213812211714
1285668812399038464
1285645685656891398
1285659975734497282
1285703967947841536
1278807749737033732
1278732091153428481
1281655141553168384
1280276074992209921
1278815332266840065
1281285496027656192
1287363347025993728
1282783794202910720
1281509197058801664
1281186022517334021
1280454290893672448
1280426519832285184
1278743352779902976
1281344425956966400
1281289407639715841
1284884462174711808
1281324369130782720
1278767063209820160
1287696112019742723
1287516117288792066
1285695743785869313
1279005256911925253
1278829421089247233
1281271015956516864
1285678734394003458
1288230550424215561
1281339390648868869
1281373940020117511
1285626827613048832
1285630487931883521
1285638771204075520
1281309682343256066
1278940570690387968
1283841837241978882
1280595332313812993
1285631318156554241
1285904153924055040
1284768811883868160
1278260889418899462
1278813192890843138
1285649608027275275
1288719396224020480
1278728551987064833
1285887470840819712
1285373419069083649
1278914821547835394
1281316252124958724
1278728671583404034
1281452408820903937
1282158573166964737
1278712621240332290
1285914199818993667
1285639288718327809
1280977917988745217
1281311915436892160
1285866314108723201
1278751890973622273
1281299608090656769
1281324319285616657
1278304762686029825
1281280020355391488
1281279367574949889
1278799790285950976
1285480872414777344
1285623842677940224
1280940542319366152
1285817535678603264
1286416427734437889
1281347512885030913
1280506410472783878
1281473558003224581
1278277648121311296
1278250381416566784
1287306514240348160
1278732300830810112
1288595314090430465
1284603692365361152
1286379688663945216
1283810869718265857
1285639451352465408
1281351877582630920
1285647810071797763
1285691375858704386
1284845437439160320
1278731914287947778
1287320057501102080
1279005990122389506
1287301959490375681
1285656318808920064
1285643743220072449
1281294911778807810
1278798113784946690
1281293706298097665
1285661802576130048
1281482946457862145
1281294332272750597
1285685930116943879
1278736644129148928
1289250577470255110
1281362934497718274
1284793691346010112
1282993816551792642
1285647825196519426
1285667507228094465
1285704986958204930
1282976929273044992
1281479299594432512
1279396296747618305
1285675385125048321
1281475210357678080
1285652376335060993
1285684399888052225
1285812151886774274
1285629595950227467
1281263273824989185
1281239548845006851
1280592328412073991
1278784680813355019
1278835784167182341
1285636221377679361
1285898601382776832
1283823415607144449
1278876493653909508
1280551347117535236
1278302379520163840
1285899126798942208
1283802235831496709
1287093167700017160
1283821723977162753
1287338301045780481
1285672606012780551
1278743986518269952
1288451410791747585
1285843525293297665
1283820923351707648
1281366414004289536
1281233381578231811
1278822691185799168
1281245585903927296
1285670960784343041
1285640604165251073
1285649501131350016
1284523032166445056
1285658403768020994
1281706057446940676
1283802645413625856
1285627841598676992
1283846056904658944
1279335371361394688
1285615825827827715
1278776274887102468
1282045441127985153
1285641969771974657
1286018595810684931
1280933727137419265
1281494642840809472
1279227868984356864
1280375928540053504
1283926709033721857
1285669623287947264
1278749220292435969
1278761598920859648
1287729739608850432
1285677349531459584
1278323472465354754
1285852703344779264
1285685288363270144
1285664029105704968
1285957824892346368
1279026665746817026
1285665142743629830
1281331343826223104
1281510210864066560
1281408036008087553
1285706059424903170
1278248098800771072
1278776820310183940
1286332627851661312
1285656023643181061
1285647124965871616
1285655773373173760
1282129823805116422
1285672769796136966
1285630210952634368
1281298290068332544
1278751014074699778
1281422491748044800
1285677625923571713
1285715344024309760
1280834751004381184
1278822150217089025
1285582922750332928
1285627846849892353
1285636340240076802
1281328080678785024
1287300337267879936
1278802191122341889
1281760906549092352
1278733010049871875
1278261284186849282
1284876249773596673
1285726102166605825
1285680732111810560
1285659423491395585
1283039779832176645
1288449232467304448
1278756468376961024
1278855593579745280
1278724637057261570
1278725914231259136
1285629436654649345
1287346046289485826
1287302720303640576
1285659706703450116
1278287106222313473
1278216993611624448
1281630468807577601
1281343117828988930
1280455365470060544
1285644462086119427
1282747637800763394
1285656739929620480
1285727951607214081
1285646505999769602
1285894232344006663
1280891383964938243
1278764894398091264
1278267475315109888
1285871573275152384
1278799839086759936
1278730024384974849
1281330506999705600
1281303677307949059
1280429520051412993
1281329607048929284
1285660041052381184
1283801881567997954
1283008418551300100
1285667153459511297
1285632007402336256
1278757923796156417
1285635709798359041
1281897577894608896
1278816799107227649
1287370234987532289
1288886872610148360
1281429288135413760
1278997655444754433
1278876052333486081
1281241203317538817
1279012385202847744
1281513001846222848
1285373357756735495
1281242063611314178
1278316098547523585
1278819109371813896
1284968614286811138
1281333430878375939
1278784905376391203
1284746524220698624
1285849253424717825
1283827323154976768
1281485496603082753
1285684350965751808
1285134202191650817
1286666485788807168
1278930933681459200
1280940960097210374
1285643699054088194
1286005404720345089
1285435393811374080
1285640222219403268
1285755971655159808
1285646067137155072
1288898356421558272
1278280796420411392
1283874800788807681
1281475378851151872
1281311178690637824
1281274033963765760
1280972493528891399
1278771074713497602
1289292802682044417
1278262767552733184
1285630915759276032
1281275010661994497
1285649062189060096
1285650334443016192
1281189661029937153
1280506096134893572
1285638577972563968
1285866858948767744
1285636093623382017
1278997932377767941
1285844500024307715
1281460728889835521
1288501083178926080
1286216884287942656
1285828980583673857
1281245463719620609
1287304122023149568
1285632654482825218
1278758454937767936
1285792737376206848
1285839458722623490
1285771253236805632
1284463937606557701
1278769517896896514
1287341639904763905
1285708742550593537
1285638121661566976
1284371443657121792
1279089455291404295
1281235484488929280
1278752779608174592
1284870754513846272
1281275826600902659
1281027107271868421
1285642791851298816
1285629354882596878
1285510208991768577
1285719663368982535
1278744609930334208
1278818897030983687
1280510179780562944
1285647876572557312
1285898059499687936
1285650936254390274
1285683023833440258
1285639591366668290
1285662649146015746
1285373693401731073
1278802283329921024
1281288443209932801
1284972622720245762
1285741102834704384
1285502529355341824
1287018627141599233
1285653206593306624
1280515368847650820
1278811308939509760
1285856278624055296
1285515094600945664
1285704194415120387
1281613670418653185
1285629685334933505
1278874901076750337
1281293774874914817
1285630903289610241
1285628939210240001
1278761248956526593
1281284699869020162
1281177957453758467
1282705777036349441
1278322703976615936
1287393984600584192
1283769804244082693
1283283514704769024
1285634495476113410
1280950269912776705
1285693882383073285
1281303768798236672
1278783975893458961
1285651567731970049
1282934303916269568
1284569172324888577
1284825765821984769
1284824245202190337
1278247891434377216
1281323704006385664
1285682135865729025
1285632913866993665
1287481685744013317
1285655194865410051
1281280967425081344
1285627634047766528
1280950575321034755
1285695245263482882
1285819330664574977
1285678623131828224
1285657786471321600
1281475830527528960
1280440300859797504
1281308187388411905
1281270782606422017
1281313126756032514
1282756673120219136
1282760363499556864
1285822789245698048
1280934626463268864
1281237385309814786
1281232980086849537
1278745688109703168
1285731940059021316
1278775069360230401
1286710705555681280
1280963250666995712
1288842543585726464
1278908469140127744
1281379504909357056
1282043829294637057
1285630880480993280
1281452388747030528
1278737751844757504
1285657040602398721
1285624143141109765
1282218769952243712
1281351448278773767
1285635857236598785
1285638358757187585
1285811816308920321
1289112872031850496
1278776321410244615
1278862054879887362
1285667517701251078
1285683279438413827
1285679715983011843
1282046963635163136
1278819441371987976
1281343642087628801
1278997989625868290
1281582340041519104
1285630333296222208
1281261815188635649
1285636863315894275
1280246645708521473
1278815817497546754
1282757139174428677
1285677320162947072
1280505688138096641
1285687031868334082
1281657324365647873
1285673960538087426
1281297637996716038
1281930694420299777
1285712177983348740
1278725309634928642
1285839259786772481
1285812687302205441
1285636834073235456
1285714216150802432
1285664203295141888
1285719962087292928
1285833890498777089
1282762380213190656
1283834428909916160
1285853024473284608
1286073031178235904
1285373172716642304
1285751555506016256
1285626238132944898
1278792414551998464
1280492715529121792
1288507029431160832
1285674175638786050
1285661764093386752
1281309286291947520
1283835319591350273
1281464376600518662
1285650637611556867
1278727730058670080
1280907854824775680
1285936150004334592
1288006123300294657
1278257223886614528
1278727113303089155
1285687777506582534
1285212046309679106
1283121648992952322
1285689409510178818
1278261194672017410
1280934675536646144
1287334014530068480
1285703603806765058
1285595358152871936
1285686912297115655
1285158258047684608
1285234870457966594
1281478339593732096
1287509301733597186
1285951103125856257
1281532756800004097
1278819822424522757
1288529272605417472
1278217006664298497
1285651170346840065
1281262601683468293
1278999441064824833
1285835128527294466
1285639266601766913
1286007754281431040
1281344982859816960
1280436051727781890
1285660872761901056
1281271048290422784
1286199064657367044
1280982226109423619
1285637195118841857
1285570288097386498
1285642465979047936
1285888475200397312
1284572522986590210
1285976138704093187
1280430704615215107
1278757425378725889
1278224665211817989
1285663515177635841
1284897962305433600
1284800586618220544
1282773045023772675
1281929188631552001
1285681567566893056
1284784643896758275
1280470067361263618
