1443611398840406031
1441339429486956544
1435308140346630144
1435172185543426058
1441814792667373569
1435161977291255808
1443701140126932999
1442956288946675713
1441671003688423432
1435387835742367749
1434913109530054656
1441274706217238529
1441121056186454016
1435216569500676096
1441654621873840128
1437747915544571905
1438858233188429829
1443614377073160194
1435230830708891652
1435162940982898689
1441457823137902593
1443545126681419777
1443611400732094468
1435221533262241793
1441334126640971776
1435265568827854851
1435010069708644354
1443600244835590144
1442869803228667910
1442116343030075394
1442037722680635394
1434057611951935488
1442458770345500676
1438417969252642817
1435173098786021379
1435193089174515712
1441600037218304003
1441452751205117954
1441283875049644040
1435302466342559756
1435296262631346181
1442835021715365901
1443708692927496194
1435216866390183941
1442544311384616961
1443136549147787270
1441524929032196101
1443650673296527365
1443595068884017159
1441683523744772111
1435204042465161220
1441305554341617669
1435190021397622789
1435189394961543168
1435195810128531456
1443629323374796806
1443674753588514820
1443494380732616705
1441469917199544323
1441687257874935808
1443564472552001540
1435195548097826817
1435243301779685377
1439932720466075652
1442539434214412293
1435202539595706373
1435286260688490497
1441831573406425101
1441903795915542532
1433172500259622912
1435347388428849153
1442074643100323840
1442061299815489539
1441465837160845321
1442604866124357635
1443568961832947725
1435014731354546178
1443573048762789900
1442270948791627782
1435208198156324868
1435999317702103043
1443556123211087875
1441462885054550019
1442943460881821696
1441876952625733634
1441491730516246540
1435238534508687361
1443706388140658690
1443238330544558080
1443495410815864832
1440891417593790466
1435228910342467594
1443577699599978511
1435190544205025282
1435179690025705474
1443516530554286080
1441159826411692034
1443553654787743751
1443544358993768454
1441287586195009537
1441113846970662920
1441452480060170243
1441148329388171273
1443519856398282753
1435010908925857799
1442741403373740035
1443547308336066562
1441755488492920836
1435354980135886855
1435180971381477377
1441328531628118023
1435229256829657091
1441069024025186304
1442263162389159937
1441327602388459533
1441187992534663168
1435142300364115970
1442009871377997824
1441765297497595914
1441981547926761472
1443635506038906883
1441556819843952648
1443687659398959107
1435204542732374017
1435193897337110529
1442961023896412161
1443578296000679942
1441348430027132931
1441460168357605389
1441124454302568453
1443635633503748105
1441543007069622276
1441532175418105860
1435118239013560327
1441497264560693250
1443668679527370752
1442004767681679361
1443504480151089156
1434974471350325250
1441522362449633281
1441562164100141063
1435164732965654529
1442873268684263442
1441424221620486145
1435222796922232838
1443680104618594313
1435183359076954114
1443584005987651600
1442405982517096449
1441415341998055426
1434579245645316104
1441670464737366016
1443565574727012354
1442047970002681858
1443553569299439620
1435195636111089664
1441818121304686594
1443658407479812098
1434581929442021379
1442546929905197057
1443702864032014336
1441419555046236165
1441336404672319496
1443686233331412993
1435230600424787972
1435206143454892034
1441851788534161409
1435194131681325057
1441280520898318341
1441348830893461511
1441088366812942338
1441331767688851461
1441141052061061133
1435211857011388416
1434586333788377088
1433033292551499784
1435225850643890176
1443718615275032584
1442542213808992257
1435610653402800129
1442974600053153795
1442518365029863435
1441425852084850688
1435170193144229889
1442264254191603722
1441386362838605826
1442553914809896965
1441291443100794885
1441815262949376011
1441543233880969223
1435176026192023552
1435203029901451269
1441328525466693632
1441413164906786819
1438895851934470149
1442940575221645314
1435223752778948608
1435192980588179459
1435158799183224832
1435174663072714755
1442958694455513088
1435224130828316672
1435188715865968645
1442547223535968260
1441508658073018369
1436241583238795266
1441068996770553862
1435233802255745027
1435197484486299657
1435173394299899904
1435127019730345984
1443577734358175763
1443579407033982983
1441401299069804545
1435232351152480263
1435200168098508801
1434979239544205326
1442095396893773828
1435220271200448517
1438777363756630020
1443574295884488711
1442828744763269120
1435005513125801984
1441435655217745926
1442148073182957572
1442208343616114692
1435281068454600706
1441106962905645056
1442518801078099969
1441385698196537349
1440294648883204098
1441660687353188357
1440935625033715713
1437840527442030599
1435238272310157321
1435235534016851975
1432983560869322754
1443681240259964933
1442585439689486340
1435248041414516739
1443539993897717763
1441541936301682690
1443570511863189512
1435324596455149574
1442770131181047812
1435161816464769027
1435166807443259393
1443680259937816580
1441706733605474304
1438810586503163907
1435160857206530048
1435228483416850436
1435186246117167105
1435240165350547460
1435245466174828547
1443632117305516035
1443601792315633667
1435127449252155395
1435507408697237504
1442247737685135362
1442754112022585348
1441669557714751492
1443592859999825936
1442519366449315844
1441855269844094982
1435168102464040961
1435246614524964867
1443616216308981762
1441428408723025922
1435196655142383628
1435162974545715201
1442235707662077958
1443545184407625731
1443536636227334144
1435881126288138240
1441420683582521345
1441661273305804800
1441377777328984065
1441393126355001346
1443581936107089920
1435226405185466375
1443566169605160968
1440207368902512640
1441348516886953992
1435210585092788228
1443637046170509317
1442956774521200645
1433186159631511552
1441686310515847168
1440965356080742401
1443670903481581570
1441111211907584009
1433365988892938242
1442237985559171072
1442517703504318468
1435252646630371337
1435247917648973829
1442827906389000195
1443664285822066688
1442246173897732099
1435373379025088514
1443688228050112515
1443639268086276101
1441542370235875330
1435216327665463298
1443605042184007686
1435349773549281280
1443500443481554945
1441412824224337924
1433524224052826119
1441541846442725376
1435310653619806214
1435161480928894981
1441097628775710728
1435226337816498178
1443699705230278661
1442355741147414528
1442523587726884864
1435491477430456323
1435211239811072001
1435970062553210889
1441424520028442628
1442061794118443012
1442539331554586626
1441347320558153730
1441477842932584454
1437817344563236871
1441313642134196231
1435239588004515847
1443574489174867972
1435149672579051522
1435174124352122882
1443511554461290499
1443554693641392139
1435413204079943680
1443613332490137601
1441216687852986368
1441542503463677952
1443618761114890247
1440414235515711499
1435160596857634823
1435171358724472835
1441962002998460421
1435168185964277761
1435637382720720900
1435276281474535424
1441146734889947147
1441496547322212360
1443584095661936643
1442949313760403461
1441132696776757250
1435176040708648960
1435169865871110147
1441793329637691396
1443535338962624516
1435260296092962819
1441643735234727938
1441911207599001601
1441348335416135683
1435250129553002515
1441326160160251911
1441858993627009026
1434924573733052423
1440289228370296839
1441269692556103680
1441365128721485835
1435265713221087233
1435298489983016960
1441133463223128065
1443668418306187272
1441487567656992768
1435181776801091587
1441681293188612098
1441347330280607754
1435150577328168963
1443679109209546754
1435142344152604673
1441698953167179781
1443604170066567172
1443551367491170305
1442092273550962688
1437875137106354177
1441304241117675526
1442813638901788672
1443648790334951430
1441365425737003011
1441311057310404613
1441075032801914882
1441666482170212354
1441523466688077829
1442609090275037188
1442048350736588802
1441287509187563529
1441571976565383169
1435183711453171716
1441546584991297542
1443684626648686592
1435240809096491010
1435296391530692610
1443539277678325772
1441195060738105344
1441663511495593990
1441336768133951489
1443664093861355521
1435310502536794119
1441131182834556931
1435016583072595969
1441718163834429442
1433020293711286280
1443558211211206662
1435164629274144768
1442391565788401667
1441909112372019201
1441364566928150528
1441363625067769856
1434552515056574466
1435315478629601281
1443622529646710784
1441844694003044356
1435211281171107844
1438896807300509699
1441323191268298752
1443612468547395588
1442060681663111173
1443557742959120387
1443692595255943168
1441091853772750861
1441858219358375937
1435213893689913348
1435249570905214980
1440280632139997189
1435167417127288833
1443622691756511237
1441449359153905664
1435200204693774337
1435208873137352713
1435320725854953475
1442344171851841540
1435309589726175235
1435248388166012932
1441901072629514244
1435151432680943620
1435236307920371714
1435232441501880323
1443714109363691522
1443670338492157959
1435149877684604934
1442601186205569026
1441641415503749134
1435196755629547522
1442440655754567684
1435169856056446976
1443658314454286347
1441401582256640001
1435208821081845763
1435175012294606848
1441489270334763008
1435235785419235336
1442624890025152515
1441794914979700741
1442957647322521602
1433007709004222477
1442495936261918720
1434867697167355905
1441249976022040577
1442887976376160259
1442126880778375177
1442750406493360134
1434296258873622528
1435236490938916870
1442743313136766983
1435191371174907905
1443513739244867594
1441394958313959427
1435235777492000768
1441132998838083584
1435246264992641025
1443510267401445376
1435120656442667009
1435247864272277504
1435195367155539972
1441365383534030849
1443698525406121984
1441348791962005512
1435151489979326464
1435194637497638914
1442524353632083968
1441447424971640833
1442534445685280769
1435231737248899075
1443664317316993036
1435229890069020673
1441317727667318788
1443709293052796929
1442636342572339204
1437553572149960712
1435175712739184640
1443539407085228033
1435183271328030727
1441859024350240775
1435240589604306949
1441463580768018439
1443600055429107715
1442754426767351809
1443710584000765952
1442567236393201664
1435248437130416136
1435493009878134784
1442748693019516928
1435217726117715971
1441338462473318411
1441088338300002313
1443588539728293902
1439827994512658433
1435229779955961857
1442530288907788290
1435199982865469443
1443677493928550402
1442229650801917954
1443594382049939461
1443559346152030213
1435016192348073985
1434171093133238276
1435189808255614982
1432958720653266945
1443621081391185920
1441867425364860929
1441477596617740295
1440887511157547010
1441417148476256257
1441876215200165891
1432970547831443463
1435726050126925827
1442533425663987718
1441649823015477249
1441101742653906949
1435224813761667074
1435241476225699842
1435211491872018434
1441680164648333313
1442744188114702337
1441111779149422592
1442145119369580545
1435230274938310657
1441659248803553282
1435976564513124364
1436722703751340033
1441426795480428544
1441098490315087878
1441649092552241152
1435171744801824771
1442178146464198670
1441430955772809217
1441178920360058882
1441073150255640576
1441146331632791558
1438892482121584643
1435181571577950208
1443584615843700738
1434479243384197120
1432990641483567104
1435203658757644292
1441125021573783560
1435178838200406017
1441475932980748292
1435296686918840324
1440953199029104640
1443544079992856577
1435240015970414596
1435290219335413762
1437935843377876992
1439983060045475845
1441890731698925568
1441856639435362304
1441426263575437313
1441776775881764867
1441284354005561348
1435235712803262477
1441435611055984641
1435357248260395011
1443645641381584897
1443723849363857408
1441174176241434626
1442523227926970368
1435151111267262464
1443596836661563399
1443545320927944710
1435222747827814402
1441418427017560072
1441334246623170574
1435336315411779589
1441315284434841608
1435252604821508096
1441653601823297536
1441588771489730561
1443544659121385475
1443567527217532932
1435187901814513665
1433197722455134210
1441838965359734786
1433480075823964160
1443555368081166338
1435230294576140296
1435155107147096064
1440264570157690888
1442522136736776192
1441649152992161792
1435147714799579141
1443644246288912388
1443691153447178259
1443570549939183617
1435507672682536962
1442372024584781828
1441108806813974536
1443591806634053633
1435211554308374531
1441181259850342407
1435220612214050824
1441134414822576128
1435243060078780417
1435149450360541184
1443602299528560648
1435198725740273667
1442517430824148992
1435617501828759557
1441683845343027201
1441389669292253189
1442914300155228165
1441651848713281536
1435154981187952642
1435204071212847107
1443635154132643842
1435180681785745414
1441662393680076801
1441154264286384129
1442545163474194434
1438228358278623235
1440236595882299399
1442224910655447043
1441678813394571264
1441393618338652162
1434063867437535238
1443525635608137732
1435251732460752900
1443533359116914688
1435206784008982530
1442817395312185346
1435301657957515266
1443640030145261574
1442814369327460357
1435218205912481794
1435249059716083712
1435322079725895683
1435290642167468032
1435882276177514501
1441274837943545863
1435269966664663042
1441652566928941056
1442212852681478145
1434873412128854023
1443565331943931909
1443617739436969985
1435223833972195331
1443694330582011906
1441365602568847360
1443568405651595267
1435169582919135233
1435158636611899393
1441095024125435911
1435339731026513923
1443599303788871680
1438897787404435469
1433216323333525507
1442228787257745416
1435331688398266368
1441100212987043841
1435149612352999425
1441482860926472192
1435188493534236675
1435189713481175043
1443650732658511874
1441275372201410560
1434980864975376387
1441463395077607431
1435220861993328647
1433052346209247242
1441320394992992261
1442767704524574722
1443599963192180737
1442540876903895042
1441374543377928199
1440404242158686208
1443652012361592839
1435221314957193216
1435365280402784262
1434993197512544260
1441514099980967937
1443563084904292354
1435280191828332551
1441257437365870597
1442094219305250821
1441664113600393221
1443681031345876995
1441665054622064643
1435247757200084995
1441751580273827842
1435234756346753025
1441374030301442048
1443582454216859657
1435216806176870403
1435154571857436683
1442723028564070400
1441110678278852609
1441115149138464776
1441181775808581634
1435261718842822658
1441171200839802890
1435172430398566406
1435165210915057665
1435231351406465024
1435124231512203265
1441329668003483656
1435156247297286146
1443614167433453569
1435211874656718850
1435196962765217793
1441131681432289291
1441081776084905991
1435229954929659907
1441161416564695042
1435227443606982658
1441092833973190664
1443556171525365772
1441146185935294465
1442526716375797764
1443600246907486226
1441287805863436288
1441376189726302209
1442538458304630791
1435275003340144648
1442772918564499459
1435258441786929152
1441656348593299457
1442850616972304384
1435229092731891718
1441443008923291651
1443627027471478791
1441338856884752390
1435533376136617986
1441993369870389249
1442646681133146113
1443627351208833024
1443599002423996416
1443663679329816580
1438871698808389637
1434818641002905603
1442558891649220608
1441417454370967569
1441558242853736463
1441428997716512771
1443624775465771010
1441378426779103245
1435343469757730826
1435124388836302848
1441857964411916288
1441425857541718023
1441477730155917324
1442898478376513536
1439632287474323465
1435237240049963027
1441493910925234176
1441198332467040262
1441853504323080193
1443667820533985287
1435206792699600896
1435219673763696641
1443605467104743426
1443719054078971910
1437044462820134922
1443678260181749771
1435302470595616772
1435231425306013696
1435313067580133376
1441294566506782721
1440235134456717321
1442127554748592129
1435245917440036869
1434264946632712200
1435115854463655938
1441121386223779841
1441817495472676867
1443584936779255813
1442962878932213762
1442032895628021762
1435286299766935558
1435165309523083264
1435175613367783434
1433479036118962187
1441107109987241989
1441290517216641025
1443705113365950475
1441282069443743744
1442737858243174403
1435197831179014144
1440166218355208209
1441836176806141952
1442798910871834625
1440811640199340041
1442613877167071234
1435209711889039365
1435282484976041984
1435260251759075332
1442958985229864961
1443616357527040001
1435246919664783365
1435235085326893056
1435020061085999109
1443556674829176836
1434582303494361092
1442345308487237632
1438898585211449350
1435291921723781121
1441422039814975488
1442537328933801988
1435185226381250563
1441114456889593863
1440975466526040066
1443582012556656645
1441405442115112960
1440654973767798798
1442963046985568256
1435170371968409604
1435186334365331456
1435250942639808513
1443512930545410050
1435201703549280258
1435157397383925762
1441346760258080768
1443663251364093957
1443502974035271680
1435283066625433602
1441459289592242177
1435272728714563590
1435196677930070018
1442936315679424513
1443623202652045314
1435211105056575498
1442077780062060545
1441816686022336513
1441145385922162697
1443600971213443074
1443668024461045760
1441130815899856896
1435249244886216708
1441836634597588992
1443543883401601027
1435228932698095621
1441822066429231106
1441365505911058433
1441304805125750786
1435158402540490754
1435342723540819973
1441124876794925056
1435165272344829956
1442207774121676805
1434920724385382409
1443694624116203523
1435227024205963265
1435149787897204737
1443634501846962180
1442211014011981829
1443641893980712969
1441186622708412418
1443287021989081095
1438943162400137223
1443672136133062656
1442446973790048256
1443630713899732997
1441775598393769984
1441814810866245632
1443015699832709121
1441165691550191623
1441278993458548737
1438799581471559682
1440241975031054336
1441352428742344706
1435171504438849539
1441308235441401859
1443604747836133376
1442074098042130433
1435708359576010755
1442512907732979715
1441072964674498560
1435230792628817925
1435000564002312195
1435374078400073729
1441842330214887428
1441088449394589708
1435210115888697349
1443484944299347969
1441437783063625733
1443550447550275588
1435612146293936128
1442371610892115976
1441782128287436804
1435354107964018691
1442249390434013187
1441490601195802624
1435169008106491905
1441448877450792961
1443553509132193795
1433462692346531846
1435001878979428353
1435195121725845508
1443515538630713345
1443613562602131464
1443557305149231107
1441387935861915660
1435179731771592708
1443621896705257479
1441148691633504262
1435334089071026183
1435492117862883329
1435157345093496832
1441838557375696902
1435158662092365826
1442955840722391044
1443663937749258246
1443619945120665600
1443572726128578561
1435247221705003008
1442961076719472640
1441665612812591110
1435180315178422276
1439640420758310918
1443558434998259715
1435229537315405827
1435269124024946690
1443535427361779716
1433006545244237829
1435231910284955652
1435312442981105669
1441650299521814529
1438802464703123457
1443575942127837194
1433284229912166404
1441689593888321542
1435229610304802820
1443669387299467267
1443495453467815937
1435460660318642180
1443685910332198912
1442086248663945221
1443500745253429248
1441167574536949761
1443687730098184193
1441389615017979906
1435210561244045312
1443684005212270600
1435187272480174087
1441652230671646729
1435216727676162050
1443573725681438735
1442518172880490498
1443683579691679752
1435171245948026881
1443653821268377601
1435284731956916225
1435158305526124546
1441102953054564353
1443614755999072261
1440572304010842112
1441721532384940033
1441682624620158978
1435168328495116291
1443673795135483908
1441450764858052615
1441688804369207297
1441344617274740741
1435597866475696130
1441088970188754950
1441100819881885699
1441656023484452864
1435277405749334017
1435138550790594567
1441148608338747396
1441081847631552512
1441444696488755205
1441130960335130625
1435229880141107202
1435923790190555139
1435339350649233409
1435204748920213507
1441551891268358144
1435178339812184067
1435173232274022400
1441484886011879428
1441071971744116749
1441138622636322821
1442129148843941890
1442050780098408448
1441663087753449472
1435509571771064326
1435502809173086208
1441119072322609154
1442739252505235458
1441434028767277057
1435185660760109061
1443658084551888900
1442599329542262787
1441463597624963079
1438829593654398976
1434891309442023425
1443562961101012999
1435253408462684165
1443598334036434947
1441456738469748741
1442944525412933632
1435163037367930880
1443612203018596355
1440937772169170944
1441852890193141761
1443642095068143616
1442827356603748359
1442568958192734218
1441406457392467970
1441538771984453636
1439307802447695878
1441151094290370560
1435216621900079104
1441070346313011205
1441764399384080385
1443618909916127232
1435234554521034757
1443672862783594500
1441669980773306369
1441281117802450944
1441808824327975111
1441795713265016837
1435279596816150531
1441347939889139714
1441491607665233922
1443628098256314378
1443582840864534533
1442528414712287242
1442082588919730177
1441834037727924224
1441073277745733633
1441701972088872960
1443612737700089857
1441507263114448896
1442772283848810498
1441106671837671427
1441663401542012933
1435270369309564929
1435164115425767424
1442034323960438790
1441320138557460483
1441739947350925312
1441136765385854982
1443602330255970305
1442567213748158466
1435167570999529474
1439709706382102537
1435464900835483654
1441897237638889472
1441520104085262342
1435212851283640323
1435358239630180355
1442615796623101961
1441650012392509444
1435221590879375360
1435195910938636288
1441451753736744960
1442230244707127296
1435234371083116552
1435237771434729482
1441138811388370957
1441599412715900928
1443174923212664832
1441418545552896000
1436989611306332162
1442360416609390593
1439312254755803136
1435348318876491783
1435173427317559297
1443621348287332356
1443633543587024898
1443591354270064643
1435187133766057985
1442739836583022593
1435888183309373440
1442949046952361986
1441100856204484608
1435633453891006472
1442261882270887938
1442030944601317377
1435245151329390592
1443659370940833795
1442620355441565702
1435224961757687812
1435165900680966144
1443552066195140614
1435207173953540102
1440820427819925511
1440233039951396874
1441478680899989507
1435203370608959489
1441411667984740353
1443691277392957447
1441175159306526721
1435356060114722820
1441482947631144960
1442752832176893954
1441337394213449731
1435161281821093890
1443596418187415559
1441551932074590214
1441349213841985538
1441448134001967108
1442229668279554051
1437372562351210500
1435234058221588488
1435205837866348546
1441355773490106368
1438896303543566339
1441272847440101387
1442081264505294856
1443688969661779974
1435242378064015366
1441736497670000640
1435187194390515716
1443578441249349648
1435193510165102601
1441831138151092227
1443538589057421322
1441824629597868032
1435039639828631553
1442541490232643590
1435209764930162690
1441530681318789124
1435163503481008130
1441387991113601025
1441437615295647751
1443624333306474496
1442447058103853059
1435167400744398849
1440018795389665286
1435182382840172545
1441095517765705742
1442227795388780548
1442603193305743360
1437887187719278592
1441464444060590080
1435103856145408005
1435175603846664202
1435238603475591169
1443499067020038144
1435220975533150220
1435225470509932546
1443635577841147904
1441271511688433665
1443632528020189285
1441446847201955846
1443227517977038848
1441663928858300418
1443509464494137346
1441341965115617288
1435229281160994826
1435199703713468421
1441561048801325056
1443490016265752576
1435202973194391552
1442875173208612866
1441070742142013443
1441468660246220801
1443682111177826312
1441483373915090946
1441644462992596996
1442054504912855043
1435172227507441667
1441401788016566272
1435353176992067592
1441691218509975552
1443587298151395342
1441335975771197441
1435196400803975172
1443680647890018306
1435208211892744203
1442460581408165888
1435241467564412934
1440206137282813957
1441136749602766855
1435188174490411016
1441178439495585792
1443655596528619529
1436719521923010565
1443616730362925062
1442572793254535181
1435231955277209600
1443664026819600394
1435298468478824452
1441069366695677955
1442517707191058436
1435181462182154242
1435142732704587779
1443667871205371909
1441503074787364871
1442064471090941952
1441538913126928385
1441069186663387142
1435169492204761096
1442945970367463424
1443500687275474951
1435254739583881231
1443566810712866817
1435023592643829761
1442822610329427973
1442237982451245057
1435236321489035285
1435179824000258050
1435242020797353990
1435199737234345986
1435028130092158981
1435224867083804673
1442542359519039492
1443579568191787021
1441175933495308290
1441139500026040326
1435189579313815552
1441087149961449477
1435244411613552640
1442812623813230597
1441333934311161863
1432944052379521027
1441257467405496336
1443723556312035330
1435323445429080073
1435357422734958592
1443670491844251655
1432953131609083905
1435183447627153410
1435236506264821765
1441488304705196032
1442960715694944256
1435220501492862982
1435929209885634567
1435167970934788098
1435959767340552195
1441112053557587974
1443667434968387595
1441138824038412289
1435271190206091266
1441278043486515212
1435193064344141828
1442600837394673668
1435217458785312771
1435602559637590018
1443489325283414016
1443496677353132034
1435191742966476803
1435155515424845825
1443664134759981059
1441069358567075841
1441564749016281090
1441118169389682695
1441100005171814409
1435226321320349703
1443681087495057414
1435344167098593281
1443589973471420437
1441278772070682628
1435204615834902530
1443600162539163649
1441263109700685828
1435150201224933378
1442259226152165376
1443557468580327430
1435219304472010756
1441645868969496576
1440241052888096773
1443649339088424962
1441366658270986245
1435196279181778948
1441842844222648323
1443711841331523586
1435350058564825104
1435283326667919360
1435189724927381506
1441261307659894787
1441295084771844096
1435239298698203137
1438832797251252224
1441717335199469573
1441156563398393863
1435167733730234370
1434977005817245707
1442570309027119108
1441521588009115666
1435257686774456330
1443635394986319877
1441526556195803144
1441832280406720512
1435170713460224003
1435202145486258177
1443546997319999488
1435173513556545538
1435211866482085891
1440180895013507072
1441452692686229505
1435204835339550725
1441069806007066625
1441154274411495429
1442871076283826180
1443502766727614465
1433482450433462276
1441741209798680581
1435280257796481029
1435161238271561731
1441300146369662981
1442534547703271429
1435171523153776641
1435260884520218626
1435271294900215811
1435233565772599307
1443687679548329986
1442228101828812802
1443557101763244042
1435203726554378242
1433086544659746818
1442959037801197569
1442689744022999041
1442946834264035330
1441381237659090955
1438903328184934404
1435095551008256003
1441470084472578050
1441499228669349894
1443610131665674240
1443014677987004416
1435260591632003078
1435188143888773123
1435163348673384448
1434982162571440137
1441154189686558721
1441069653623717910
1442749059354308608
1435162330464129026
1435220677028720643
1441359190941847558
1435192473702240256
1441495707781767173
1435207179850690565
1443545616429330436
1435221691278430212
1442082448305762304
1441746541916655621
1443518858967625732
1436591413563625472
1441406088369229828
1441881632508571650
1435211711766794240
1441240389701103622
1435181259278503937
1434472019379302405
1441368199640059904
1434373092676145154
1441671822735552515
1442517359609016322
1435359279926632453
1441848634795044867
1441813581507481602
1443672555458547719
1443553429130031107
1442237581379264514
1441365469139648521
1441858618878431239
1436088648961769474
1441530205374455808
1442515988625465347
1435546037842763778
1435233198544461825
1435231496340754432
1435221687872724995
1443538177336266752
1434452188626042887
1435228519475318789
1435194707219521536
1443584845397958669
1435211925848199168
1435181605715329025
1443492772518973440
1441162703247220736
1435125550985666564
1442223040310353920
1441726685980676100
1442835418123223048
1440459094897283080
1436394796847861762
1443622712627314690
1435287657303707657
1435235916310777859
1435087435088764929
1441075269129981961
1438887683745533965
1441141915060113417
1441292636044759054
1435375583404433408
1441169163565735937
1438811204189839360
1435287404630454283
1441280771667349509
1441087995755384838
1434512510875488256
1443609486392971269
1443700320912150535
1435323231435726849
1443669795510104072
1435207605346000900
1443645374934274049
1435235139005685767
1439638452249808898
1441711422988226560
1441862583162589184
1443586508435296256
1435283295655317505
1441293053042388996
1443558201060962306
1435496574520545281
1443174875141709827
1443695734969315333
1441408192890556418
1435168311256522753
1441193547919605778
1441344538946146307
1435663564606525447
1435195339426914309
1442464979022749697
1442680002059853828
1435195370238271490
1435240905435455492
1434995599393308672
1441362530681516034
1435156222773272579
1441091565162618880
1441150274593169416
1435311921947893760
1440989780230164483
1441262748067893249
1435208894368915458
1441332948372844549
1443677059038040067
1441071838323433472
1441986811220295683
1441219574813192202
1435270733354217473
1443576497323732998
1443669434636308487
1443664507822350337
1443629534205579269
1441861881744945157
1435229408650989574
1441424820608978963
1441813677875757056
1442628546904707072
1443594299858370566
1433058471642075139
1435301166666194945
1435216271587651584
1441813766987939851
1440330984403046403
1435258400817008645
1441825970881658887
1441428907471904769
1441312745576488964
1441436473098637315
1443583549852979207
1435204426713681927
1438696006384762884
1435200854450229251
1438895787665145860
1435234255110656007
1435178429360611331
1443671140640120836
1441098098722312211
1440970502718337025
1443085823105249280
1435230080851054598
1442944393518800908
1443510526642991106
1442530829184520193
1435257632068091910
1442853158091362304
1435193588728713220
1441183241021509643
1441662383080947714
1435292844818931717
1443665852369358849
1443634278139576322
1435110033008824321
1442531765378330627
1435225636352704512
1442949195225133056
1435237839386578949
1435207055594426370
1442950488052228096
1443686250196635649
1435281125379821572
1435262253721325575
1435299301119365124
1435182359129776130
1442599163653496832
1441661835900379137
1442796062159347715
1443699472534474752
1432986137203781637
1442237592049758212
1434973706640572418
1433023354106224644
1440289716838961154
1434461198578225152
1441855814277287939
1441096092641206282
1434767127572099072
1435131871676014599
1435211737947594756
1442950442867064834
1441092348360814593
1435341852593594372
1435194692698791940
1435186433363431438
1441065594758090756
1435609211916935176
1435228736337682432
1435331856703107076
1441787979379453954
1441098576554196999
1441539732790517761
1435208728064798720
1443529307326910465
1443565201492746249
1435216189299609615
1435230297449172994
1435123127013548033
1435226009603825670
1441709967334158337
1442213364659224584
1442826045502132226
1435312898402832385
1441137833008189447
1443591595614355464
1443630151015845893
1442941679464431616
1435298769818505221
1443562105039376387
1443573136423718914
1441701476787707904
1443629430417526788
1441428182775828481
1443518089384050695
1435215822042107904
1441113211122556931
1441307081743634437
1441143593087868935
1435297607111348224
1437399599220764673
1434836655207223297
1435245742948593666
1435190627063508993
1441839344457850885
1442618971501604866
1435321866751655937
1441352851414925318
1435163229890785281
1442883238465318916
1435185582053994499
1443654683822854144
1441086568295399434
1443710576237109249
1438822075381202948
1435205772854583297
1438229246674194438
1433127184919576578
1442968548528168967
1435209046429159433
1435257239451885571
1443581584947380229
1435213431603355658
1442843847520931848
1443568445786927106
1435172380654161921
1433093865347723269
1435231263103848455
1442604510522712064
1443655733623537665
1435218922475859977
1443680443002466308
1440816767291387904
1435316077857320962
1435181895793397762
1441506986114252805
1441489765128458242
1442964051571757056
1442584320867135494
1435129516859535361
1443586567520485381
1440247117486854147
1443628693159567360
1441292142924681223
1435279981681078280
1441254406800875524
1435192036089532417
1436755199985655810
1441827982818086918
1443607048571207685
1441810496760471552
1443181021046976520
1443611135203237895
1440290048402853898
1435257990500823042
1435191276836691972
1443697638654849025
1441434454224932864
1435177047966593027
1435175261994196999
1442180296842096641
1441315713948413958
1441118758286680065
1441517703815213056
1441332066579144718
1442853518390464530
1441078216458833927
1441760122854776834
1442944370177560576
1440534386965839878
1442223775421014018
1435256479716675591
1441151082307063812
1442105426615488513
1442807720302755843
1435210646266724355
1442619957485920263
1440780905828601856
1437816032962531328
1433215073183485956
1436008084019744768
1443690178216964100
1441461708535459843
1442584092340490250
1443641406678048768
1440929142539759618
1435357164747509767
1435215960613523463
1441420350382821376
1442776989065170946
1441903144846323715
1442591463083331587
1443607271821434883
1442042659225358337
1435283369730842626
1443571798533152768
1442839360030846982
1441291683308523533
1435118449102106625
1441166819927023627
1443572401128701953
1435164916768550913
1435203950056247296
1441649945900195841
1435245930048069633
1441431869871083522
1441147147408261121
1441293810496118787
1443072329073020932
1443656318355640321
1441155779755749377
1441818684876541952
1443703250176327685
1441362289576140809
1442961973335891977
1435221204500160514
1435341499978420233
1433043066882043905
1441364118766686226
1435268953245470724
1435244380349206532
1443619168381816833
1441319048642379794
1442978549942521867
1443551428186935296
1442958840660566024
1442555524680073220
1435232843765059584
1441408440547557377
1441681337329594369
1441127799809576961
1441635263420137476
1443602033995436035
1435192806751051776
1442810914307203076
1435004108801552384
1442564157010706439
1435178404991623169
1435161432836947976
1435242579575156738
1442404110423269376
1434919041471242243
1435368602530717697
1443549914882052096
1438898166305284099
1441342308041977857
1441513137933623298
1433089887125786629
1442454573382307841
1441116627680981004
1441680785162047489
1441096592971370501
1441704817257336832
1441449451957149699
1443064910477500418
1435182999054782466
1443683531293605894
1443610393910337539
1435258451983282180
1443676951869378562
1443655107950882820
1441393911138701321
1435213996014112777
1441819023696543751
1435179000834449410
1441073933843898375
1435223564056154117
1443640591657623556
1443665393130819585
1441839372664401924
1442247925229359106
1441490533306626048
1442373272704671748
1441867961447354371
1435242090355638276
1435183100179386368
1443695192444448771
1443649692664057864
1443550162257915908
1442753273505718273
1441320433568026625
1441668571797540864
1435263772604739585
1443174944582610950
1435314437800534018
1435235619794456593
1435256530404839430
1441660829296852994
1442530742404222978
1435283794165108739
1441856408480149511
1441838826658410500
1441349989104381957
1435208680685850628
1435226104332263427
1442732920544940034
1435270238711410688
1441304184876371968
1442547439362355208
1441519855237275648
1438874871161921541
1443700309881233408
1442535329144131588
1435180485244825602
1435326872489840640
1441316745499668489
1442540219123830785
1443084507595395074
1441154723197775876
1435269745163579396
1441134063062978561
1435202579286405122
1435262498467373069
1435167408864600064
1441505757162352640
1435174551860678657
1441400437320691713
1441477517135777794
1443069117024636932
1443679440614133762
1435261441897078791
1443296205228941314
1435322168905187333
1435165072905719809
1437815735561170955
1441304141905735680
1442528885950894080
1435155454796107776
1434993401007640576
1441647929328996352
1441438184865517569
1435277104761827328
1440248249999237127
1435347729224540165
1443686443730227200
1443569996106387458
1443641417524469762
1435228380425854986
1440440146621464582
1441648342170279938
1442835472850604035
1441334151064342531
1442797155362684929
1441378810000117762
1435115870947319814
1443683692094836738
1443630586812317696
1435320106150735876
1434145919671443461
1435201265500315649
1441917705993342976
1441339391121637384
1441744448958914563
1442956813591187464
1435206945540018176
1441269854670053376
1441490259427004416
1441109482583379971
1441829406494781440
1435212070304243712
1443673110545408008
1441163887651405828
1435189630668886018
1443575534638620682
1435177811497598976
1443554287087456256
1435198526326181890
1435238404036435973
1441151204042559496
1443720157067612162
1443601492112445448
1435016065520738306
1441785692716249091
1442228259870150661
1435160041988968449
1443617752984477700
1433165322278875140
1435232322123612160
1435170915306835971
1442533323448860681
1441352052831965185
1435106761904726020
1443598938519519235
1435669319581675520
1436794159923449857
1441465482708672514
1443146816393039878
1435199372627677185
1434886057733001216
1443569921196134407
1438940589643423751
1441651558618484737
1441499482739388418
1443673122058682374
1443676305090916353
1441868808478605312
1442842833644367876
1441326535315648513
1441295020351377410
1441114747789742089
1441668112189988864
1435226962730135555
1443589855380787216
1441086327823290375
1442547483381407745
1441432819171954696
1440961402685075457
1435470178582728707
1441702413774241792
1443594250818568192
1442207880275443721
1441109204396228611
1443677158828908552
1435305375872557065
1442216644068139017
1443528567229489163
1433295505136685058
1441108841043660804
1435228509069320194
1443499634920501249
1442055678584102913
1442585309263302656
1435025140253970436
1441329458678415366
1435448286429724673
1442520289707905029
1441180335367069697
1438151171412267008
1440947599561920514
1442910546781638660
1434895422804406277
1443626067739267077
1443611366816980993
1443675925917409281
1441064309606453259
1441118793007198214
1442586886149746694
1442568130463735809
1441316256720687107
1441065949877182465
1443668847232528385
1441296009401823240
1441138362979475457
1435118835506483201
1435247042205560835
1442525347577319427
1442771265081774083
1435268477242183682
1437649937785933825
1435187522196451335
1435189789612027909
1442941472395849729
1441173632580034560
1435309743170539524
1438874702630555648
1443564582656749568
1435189993274814466
1435168017416171524
1435247717060591622
1441678051415265287
1435204046923735047
1435218146999390208
1441514942532837377
1443628627871010817
1443644258238484488
1433061158387437571
1441125349908090883
1435163090476322819
1443658966983139332
1443484978088718342
1441307636457107456
1443592178169745409
1443223718281498630
1441412610281426946
1441700805703307265
1434520925190426625
1442139697136898053
1442299516284063749
1441360500080664579
1441645114405892096
1441403371156553732
1441351921168629764
1435208132653891592
1435250111177707531
1443517913336586243
1442543763071639557
1441530371711979520
1439638925409140745
1441092521233313792
1442501799844331520
1443575785898471442
1442238939247652866
1443567081543192576
1441842788644139015
1435202746244902914
1441081905793814531
1443650335210450952
1441435398501134344
1443594252206886912
1441499948177104898
1437384076407853060
1442257944641376258
1435327446774124554
1435233145163591685
1435171082412216320
1434443008863264778
1441405071971917831
1442107416481566726
1443599619213103107
1441163400784928774
1441519886270930944
1441264757147770885
1443638735912964102
1441834161510264832
1441315923118280706
1435321272339214344
1441849475484508160
1442850204584235010
1442948128563347456
1435281451029782528
1435153725757304834
1435210778731323397
1441271785408790535
1435229406558044161
1442546066570813443
1435191240950263811
1441317071946543105
1442942536159424518
1441719074917007365
1441279594275885058
1435310399067414528
1435296785141014532
1441652102871216132
1435216147968823298
1442095012385275907
1432974573604069376
1441338925599973378
1441568609243967488
1435155537902116866
1442517223222824961
1441300368135180288
1441155847371902977
1441861610151333891
1435234803067113479
1443625554230579209
1442882103364968454
1435223689587478529
1442482784149204992
1441648248096124933
1442829356787720194
1441149251732393984
1441855034661105664
1435230636466450438
1435188570642391042
1435132444026486789
1435268900325756929
1441138869013868552
1443622018721660928
1443679412084518912
1442527129976156168
1441698799597019136
1441489650766462977
1442251137055277062
1441170207704158208
1443646479474864135
1435168932927873025
1441554925599723521
1443624172324855815
1435285339183194122
1443603524605124609
1443500788119187456
1435006500871806985
1443091874621841413
1441100329316016138
1443661678630121472
1435314692373766144
1440205257229750277
1441125936900890634
1435312400681639938
1441156961026797568
1435199760634466307
1434436378880839683
1443619338238443523
1443656877192237057
1443530681871699975
1443643364965031941
1441501760208637953
1441477490854273024
1443558306870665216
1443717476353728513
1443567749570056203
1433422627461234695
1441777077922025472
1435215428037529602
1435013463806521348
1435214124544368642
1441123123760230412
1442788761977466880
1441306970019926020
1443628665749884933
1435238924063059971
1435165820787822594
1441654433344065536
1441403950251524098
1441648057049886724
1435227007101583361
1443549462090158083
1441381983523721220
1435203492138913798
1443468194115686409
1441659169296117763
1441657938607755264
1435209731283501057
1435204277992108039
1435007732785065985
1443534155464286210
1435310193404006400
1435283213551874056
1435218079005433858
1443558288562524164
1435211572603928582
1441375746057019392
1442806897590083591
1441469263370276867
1435215669478445061
1433144293028503552
1441498789794230274
1442651195974332419
1441311384625549314
1443598853819748353
1435069760077770753
1435200777589514247
1443037647497224193
1435288425335345156
1440922371691585538
1443644396134674441
1440572358171893760
1443683776698142720
1442372715961274368
1435279760289112064
1443634775458209799
1443532076893052929
1443661778685251590
1441894882600275985
1442744258138607617
1434441942738292742
1440295274904109058
1441353836392640518
1441841262039080962
1441678401513865217
1442958344356913157
1435298725119893508
1434632765358723081
1443592812461576194
1441505830722019330
1435238733830361088
1435098693464690693
1434180949701431300
1443542515794288640
1442539145021243394
1442960011928301569
1435191158280437761
1441393473408495628
1435171556842426368
1443671622804725760
1435185074123780098
1442742901700710407
1441476237403295744
1441465240257011712
1441388863033729033
1441361894225362945
1435165866367275010
1435273461329326080
1442942368970203141
1442226188106280960
1435175589011464192
1438804109918941184
1443642991076429824
1443512192654061571
1441497313659301889
1441913888975380488
1441181914895847427
1435011708293165062
1435176773650718721
1442948487490859008
1443705730327093248
1435198650808946696
1435162999048839169
1435201377567924224
1441132739135098883
1441577039178371075
1435214665601200138
1435134464527585284
1443629220220055560
1441159792580382724
1434981213400289285
1440915645248548865
1435356782726107140
1435936009317928965
1442539161744035842
1440216748196655121
1435222459545006093
1438916181545607172
1442477097331699714
1441788148980224000
1441369834214674436
1435224232716382210
1435165012214095873
1441425036313874439
1435239556522074117
1435262821886005248
1435229557011927040
1443664714257608705
1442955505803071489
1435246021592944642
1435158551731875843
1441071832807837698
1435305815720796164
1441090748951117830
1441908639833497602
1435247828104880128
1435227465165819909
1441106335781703686
1443613060124532736
1441925731357847555
1436317060846526465
1441142999958753286
1443610280500637706
1441281400183746565
1440013440689524740
1433069459242110976
1435189854162366470
1440958415547817986
1441379655785746441
1435668630910472192
1442889347045281801
1435190717404651522
1443677129862959108
1434827709197262848
1443568949619314688
1435155339381456904
1443715743338598404
1443581825230655502
1441127973969547274
1435168510569811968
1434635163636543490
1435205859890671617
1443676608057991168
1442555767597400066
1441332369298898948
1442602971267731457
1441311558638833669
1441716103324094469
1441065342323802113
1435570795410075650
1435242843447177217
1441100688063299590
1435220249910169603
1443599415332294657
1442610647087259650
1442216385728245765
1441675131110268928
1443085386507558912
1435151277525196802
1437840156732559364
1442629653240455171
1435141751598104576
1441748662032420870
1441708890371072002
1441511051040890880
1435366581035577345
1435037807182032900
1434776694133600262
1439728801278267392
1441155440176353282
1435009333016899584
1435243032807415809
1443551248356106255
1441271156808601600
1443539307726262276
1435258685618638851
1441915800508526595
1435310814714548227
1435337832609067011
1443514771077279745
1441137549490069515
1435188775538339843
1435116055752478721
1441405595265818642
1441080187450494981
1441344440967176198
1435244905320886272
1435238331911114766
1441260172937072643
1443611638016483344
1442958605670486018
1438067344480276484
1442735571739291649
1441723358635298816
1435230923289677830
1441093903776563208
1441098272102223889
1441282541470642179
1443708026737893382
1435223321101148169
1435354697876058117
1435324742916050954
1443624280764436490
1441362328344092684
1435278261588664329
1443694548287434754
1441686066428252160
1441877659881914370
1435223019639746563
1435215820901257218
1441342903230472194
1443660384309755907
1442944119093878785
1443590242015977472
1442600979745099776
1435240159356899328
1442228768060416005
1441084159355723776
1435188723998760965
1437415894943141890
1435173067127394306
1442831277938429952
1442760448827346947
1435609052747378688
1442874837723090947
1442835910882648071
1438896228973039621
1434992556035776513
1441371066623041536
1435313448792076291
1435019271604690944
1435264122908811278
1441120272464056330
1440231916192501765
1441840987869908996
1443004162812354573
1441803041922035714
1434994324006227976
1441428310844526593
1443538643914743808
1441128478720421888
1435573964391305219
1435240277241913345
1440423961666326536
1443528249309548547
1443658404514439175
1443506321530265602
1443719334615003142
1435285157284618244
1437005156273565696
1441669420493901832
1442147240093511683
1441411941314928649
1442852125470568454
1440239679471710208
1435019260892418051
1442893176549756934
1435134632945664002
1443674040615456779
1438866341201469446
1435211282181918721
1443611152567656449
1441129709652357121
1441300072189202439
1435122188659662850
1441531865190440963
1443593203949531141
1441136919379841027
1435159855908761606
1438884107048607744
1443561298483195907
1441413335497412615
1441334499741102082
1443599883810877442
1435314026498699268
1435216673473171463
1441175159579107336
1441172478651293708
1435329723014418435
1441452678165323786
1442001914934087684
1439907333614755840
1443610432762224657
1435225805878185988
1435183196426186756
1441268605446852611
1443603929992998920
1443711239063023616
1441778804897288193
1441301322267959297
1438964760926638080
1443496567269363720
1437866279671582721
1441423897610567680
1443621675841560579
1433002171415633921
1435238548123365381
1442224292788326404
1435006303718490112
1443195372474671107
1443600907569074176
1435178005458997255
1443587676959952896
1433113180469874692
1443577878180818945
1443616920792674309
1435216580313600003
1442219303504420867
1442434046575980544
1443642234545573890
1442527480863096843
1441777023421075460
1438889763461812226
1438122507891089413
1442529513070497800
1435248674297327620
1441080804633841671
1441682120246710273
1441301463704113152
1435178063923499011
1435280556254642178
1442837440453136385
1440437070590189574
1441697340079976448
1435110962173026304
1442884822490308609
1443516379781648386
1442525391630086150
1435247275127750665
1435261033187250176
1441270661872119808
1438829331128766464
1442337397275086849
1442750926960447490
1435230783149682696
1436051709445525505
1435334588700794883
1442079147098980356
1442128028507721733
1440235816035360775
1435825917633384451
1442523797358137357
1443675694517587979
1435881739428286467
1441306903456346115
1437933618047954946
1435201757676769280
1436604997345726469
1435208048386187269
1435895707047661570
1441156818701537284
1435462742245318657
1435526431317139457
1440233710155022340
1443627310058549249
1441896582509744135
1441725698914279430
1435163075880046598
1441404956754341892
1441089336850616326
1441448637616246798
1438877326989840386
1441437553811415040
1435236558307790849
1443709095719149568
1443550492483887104
1435298551781859331
1441140249179004932
1441371834532782082
1435235730016677889
1441406016151642131
1441810550619471873
1435275935419412482
1442746882783129602
1438876544743661568
1435609522505146368
1435233575050305541
1442091038609330178
1435290604993318912
1441425494931492865
1441888245109993475
1443604116937314305
1443589185298780165
1441343132105252867
1441107907253129223
1441316783961493504
1441146919045275649
1441363418070478849
1441109208183631873
1441142441176752134
1441132545685352449
1441109493375324182
1443505333545091072
1435226379633709059
1442235039773872132
1441169624993763334
1443607482425921555
1435026753005686786
1433032279060779010
1441085989519126534
1435234833706504198
1443205992263688201
1435246097962868742
1442022846121775106
1435165544286769152
1435219544231092230
1443616710725099528
1435019112057643008
1442810476191264770
1435213398342516738
1441498381310828548
1435220811850391560
1443565988331626498
1435195565474725894
1442880518509539334
1441521556203745283
1441892128611778560
1441154270049406986
1441465959001296897
1442727384231419905
1435232935813292038
1441404925951553537
1441368273493188612
1441528154196168704
1435160738276990976
1434937149103685637
1443509987708481544
1435192713108930564
1435339474779754502
1435024981059063813
1435167769683705860
1435225278888955906
1435547502997118976
1443532464635396105
1443518255533019138
1435186025769443340
1443582126486482957
1443533719915180034
1434539526672769026
1435231000250904576
1442646119494955010
1435044571122216961
1441858477123584000
1443553866688221193
1435190932471783425
1443587065115861003
1443609528944275457
1441775577409654787
1442870845920088066
1441330426346283018
1441068985706061824
1435013345199988738
1435352898016264194
1443519336560402436
1435101962937196545
1443508628502233093
1435203863586430978
1441516092766277632
1441296077966110732
1435227139842904065
1441338756498276360
1443568717128994816
1435203854803652617
1435243086905548811
1435253896151289858
1441937035086938112
1441276594580979713
1443568061181726722
1443291320534114306
1443688551862919178
1443178769657835529
1433449978358292492
1435230747175145473
1442089168771985410
1441363406674534406
1432983272158646276
1443566192397103107
1441277157444046848
1435265969488867329
1435216282215923713
1443559927948234755
1442850395517341706
1435355345099034627
1435174382662524935
1440109367215497222
1443577367906033668
1435370374129233921
1443636863290462214
1435209251333578757
1441099501490429961
1441276731533398021
1435315613103239172
1440938838931746818
1435293840269848580
1441795127010369538
1441142318182977541
1435336842338095109
1435332816292696067
1441472712627658752
1441345120712867840
1441795848849924100
1438970268467306496
1443657119794860035
1443597895492587523
1443558783725314049
1443602877008818180
1435157914902204423
1441151509270433792
1441155769102061568
1442927521780027404
1442792447281610759
1435239628358004740
1435159130956836872
1442815288941101066
1435271576212094978
1438912675615068165
1442366602641506305
1442871570850926597
1441132021527502848
1442517824111616003
1443537732916105216
1441391543080816642
1443051307976302594
1441338117777027075
1435271900742176769
1443175526634598400
1441700705136381959
1442525603207462914
1441420870551891974
1443605540660252676
1443583354767507468
1442199640992989186
1441485877633601540
1435218746612887557
1438817843248865281
1435185754309791747
1443538856381407234
1441296386671071237
1441389536362197003
1435269044375064578
1443648368815874048
1442097900469702662
1435246602424291336
1442405433696731138
1441138426783440896
1441645282970718208
1435226931893518338
1435181423703506945
1441335333447110661
1441852550668435462
1443676050798559233
1443616029670879235
1443654007759769601
1433205742237061123
1442511708178817024
1432939028349956096
1441075281935192064
1442781339925766146
1441401569036079109
1435208017939681284
1435201899301588994
1435253435134324739
1435217294028951555
1435257216462905345
1435176334066655236
1443598945746292740
1441796792606081035
1439967646443843587
1441107809446219781
1441903675744587778
1443645771518259206
1441668726043021317
1435166952855638018
1443647005071380491
1435226767896322053
1435134169080897540
1441381293753868289
1436419694504910893
1434921837872488461
1433326579740987403
1435192482577461249
1443569038752321536
1440765110574669824
1435310291382935556
1443492467832201216
1435193381232259073
1435308759719493634
1441134666644275200
1441318676683100168
1439630866293137408
1441690092796407818
1435224611394838529
1441723290482089984
1441650088644734983
1434863249061728271
1443583667721293827
1441806451874283524
1441439869725728768
1443558062263050250
1435224229805531139
1435465412825788418
1435334014722793472
1435122181722284032
1435176285932752899
1443628270801539079
1443697758712512527
1441091474792140802
1441425644596957184
1435018304406626304
1442588808608813059
1435193525822427136
1442885976968159238
1443521752873717762
1441773576345067521
1443676235582820353
1441270799395078144
1435118840338321408
1433914057426448384
1435235001457594369
1435233201660649474
1441089722709786643
1435206654346338304
1441479333080674305
1441440327223611392
1441278313872314370
1441329719450890247
1435245084828651523
1435285833645498373
1441144560344698891
1435019538404454400
1442249670303100930
1443648171784249351
1435145822803578885
1433090699226923016
1442064232095309826
1441438274967461888
1435197040913494021
1438212621019320332
1443547356729839623
1435269985107124224
1433171988500058122
1443648954395209733
1435247943334903808
1435204946534748165
1435280322334052361
1435171457324228608
1442208517415374850
1435182208810160129
1442224894708752385
1435287051184787457
1435230006557433856
1435241353320058883
1442594162138828802
1441820712633872384
1442711677640880129
1441814234111873024
1441698644126838784
1443718308847628288
1441838112972283925
1435160589509275650
1443591488726880256
1443095161081368580
1442946758602989568
1435267995547357186
1435222285846294531
1441092815816048644
1435277927390842886
1443629390362038274
1441219558862295047
1443510041223573509
1441792395180494849
1442948062989541378
1435167698502160387
1441526992181112837
1441507570485768197
1443502465240948736
1443612768976900098
1441168948200755209
1441752967808434178
1443542077627944967
1433053419942682627
1443677086477074435
1435348672380801038
1435331132397129732
1435216705878364160
1443660435153096707
1440649452872626188
1441538272656830467
1442867812024864772
1433089399840034816
1443552035366916098
1435268567801348098
1441847433017716740
1435188348205899776
1441347232607916034
1435921781873942532
1436117941599211524
1436425346669334534
1435174266400612353
1441538958064816129
1441405659702960137
1443568900017307649
1441876855955460096
1441463859450195975
1435121808630587394
1442740512675434496
1437820031199596544
1442521530219393026
1435353123766382592
1442817972595314697
1435258681759776772
1442306584382566402
1441490249834770432
1435263032704253954
1442962872619855877
1441285817888952320
1435211980156121090
1435221097729900544
1435150241209200641
1435217827221409794
1443675995861553154
1435186349812953089
1435193187828649988
1435281868841095174
1436806163736182784
1443244568384835587
1435289929442078727
1441871467029798912
1435001453702262785
1434272332403642369
1435474854577426432
1441512248455925760
1441158946425761793
1441155717604331521
1441881736468733953
1443685119437549572
1435187685669408771
1434725478368268288
1441283119399587846
1435232819471650819
1435216387895660545
1437468484829597696
1435014177949618183
1441499787656929281
1442764600903184385
1435196655972888576
1441332233042743298
1443570198930407428
1435244604127916045
1443555185368895490
1435230013528309766
1435173844617252864
1441785187143012353
1443211842961252355
1441554614357090311
1441417763721973760
1441513282251145217
1442542579535519752
1435638061652750341
1442112746439405572
1435354854407479308
1434464259161919491
1441097350169051151
1435244957028294660
1435244644921655303
1439638372973170693
1441246795410018312
1435231931818561538
1441436195641249796
1435194984349716481
1441348307758903300
1435525136409636864
1435163251180924930
1441063006679433221
1441339915824865286
1435151348895469573
1443574012903256074
1441858735089979397
1443556579228504072
1435200918509785089
1441423617649168387
1435217553635385345
1435230680061972495
1441413250525147137
1443706995605975046
1441301281407078409
1435186635403055106
1442799541137326083
1435235015030448137
1435159979561046016
1435210972424253447
1441699381074333697
1435234225343586304
1441732844854808577
1435160353701351424
1441478404717547520
1441430339793031176
1433343140262514694
1435190051823046659
1441108507063771141
1440959311040163840
1435153225385234436
1435183335018536961
1435165176450457602
1441365852914270215
1441357330877136897
1442251532309835782
1435168281984385029
1435265936639025155
1442244389317881860
1435339803491438592
1443119590435872770
1435194456618242050
1441100704903434254
1442802422481629185
1441833249173499910
1435515437962440704
1435219003367215105
1434992415476260870
1435176410705014785
1435189903780876290
1443589419399745539
1435249759623827461
1435200093922242561
1443528500896489475
1441650109478055937
1435201907690192897
1434996960054886400
1435238569715638276
1432911514902704129
1435367855919357953
1443588412187955219
1443088669590663170
1441434023331463168
1435219728314912772
1434318087986323459
1443573250387111942
1443576503829028873
1435132989776744449
1435334134247866369
1435235246694359051
1443093452133183490
1440295805227716617
1435675510672084993
1443576923179782161
1441649765104631808
1441409390020489227
1442810937153568777
1443591250595229696
1441845668176281600
1440665334424297477
1441168385602109441
1443612341946486795
1435290790293487618
1441444904563982340
1443539723763523589
1435184056103276545
1441066187211751430
1441397415999950848
1442968272295497728
1435058631192551424
1435324926114910212
1435244810286379011
1435322196306669568
1435189681637974020
1443681339551666181
1435211781715238912
1435119523980627968
1441661254356066305
1441118960389218305
1438897494356811781
1435218232995196930
1441484371580567552
1442228777384304643
1441834914819690507
1435217942547947522
1443581508132900868
1441784266577174533
1435175564176920580
1443622531085258755
1442742663799787520
1441836558613680129
1442825337398779910
1441274433662951424
1443629326835101700
1441869137135824900
1441867475663085571
1441512453796360195
1435199471890178051
1443517284505559043
1441103771975569411
1443155582748446721
1441796949980561413
1435190428169609217
1435227496891535365
1442051313676668935
1443696149060366339
1435193296536670212
1441096392840138755
1435181967838953482
1442762819531857923
1441359282344103942
1441442883702243328
1439639880217341952
1442947023636885504
1434399985215414274
1441312885389488138
1443677045465223172
1441534589818785793
1443509897514168322
1443675369698123783
1441359755881054210
1441066371010514945
1435245331906760705
1443716660603596800
1443659371951570950
1443476007806283776
1441426503775002626
1443625082027450368
1443656725425528834
1441806699803856897
1435300649340657669
1443588535664005126
1441339054662897677
1435206477267054597
1435236692374532103
1442518292455989251
1435218198257979394
1442529310871592964
1442227311420510212
1441404241596370945
1441263381881655296
1441671533991235590
1441454273150160906
1435329627690524679
1441276844851015681
1443587926034505738
1435193085470838788
1442884384131010564
1436404706692173849
1441152437885157378
1441804987743490050
1435203187947024384
1442870631205199877
1441528388670287873
1443513112477454342
1435211727197679621
1441438781475856386
1441625062444974083
1441161146405371904
1435333867938910214
1441485041180180484
1435239784620957703
1435197812371869696
1435190588324913156
1441517332296310785
1435236283585114125
1441353168177172481
1435198546882572292
1443542106593763329
1443626807740223493
1435229218649120770
1435157857276674049
1441356175275036675
1442885419784409091
1442956081278296073
1441311836767350788
1435339188971393026
1441840011431743494
1443659748298084355
1443658695284563975
1441124789347774469
1441459654278660097
1442543078917611526
1440264422715314180
1434460109778866180
1435310890845458435
1435175391921123328
1440251790054752257
1433492495619473410
1441275094551052299
1441297152383197186
1435293881571024896
1443607022369492995
1443677169927036932
1442783996728029192
1441407535651590152
1441794608845967369
1441335562607087619
1443683546204418057
1435249385600954373
1435165710146285572
1435214521556250628
1443663364912254976
1443690963399020547
1435371227418439688
1435349059741564931
1441141229320876033
1441095207638814724
1443651696987713539
1442794325180653572
1441138758967959555
1442241049217445893
1441171140261539849
1442304692021645315
1443552232805441541
1441397488297013249
1443657322014838787
1435379250861850629
1442517976616427524
1443695849826099200
1435267046158258177
1443553413111889921
1435214769376710659
1442160548385198091
1433151397848039427
1442402707793276929
1435346558963355649
1434828920386461696
1441155562503299072
1443510692552790016
1442536524034285572
1441108341673979907
1435234999486357513
1441367681043550210
1435220313655156746
1442528030627438595
1441682840438050818
1435172306981163018
1442540848965586945
1434576003960131589
1434462862467031042
1441340229789519878
1441144514039717889
1441171073890861073
1435239370706100243
1441422357604749312
1441147433321263124
1441355290771820549
1443516956863340545
1435377680648638464
1435153488590295042
1442786064247238666
1435250817280454657
1442538948941672451
1442035212742008834
1442773444316237828
1443550272664576000
1441670020061442049
1435133113189998592
1435172517619056642
1442226451856576514
1435167831163916294
1441656609059622913
1441068345109979136
1441332637658873861
1435242105300037640
1443548265828569103
1441264332289966084
1443624483181502468
1438848318914932737
1435014875605086213
1441668115805265924
1435312929247830022
1443543416852434946
1441103812651991045
1443597581901307911
1443593197075111944
1441137062162407424
1443597914266349568
1435176411262865416
1443693016053657602
1441070978373545990
1435209746668269573
1435233782643179522
1435031796283023361
1443565922220924932
1442567095678431232
1443548817790545921
1441137477515812865
1442949658205061122
1441612583455297536
1441649624528433152
1435474809694076928
1440404457842352135
1441114463491424256
1441115776006586369
1441121055314112517
1435171056290082818
1441349861245210624
1441066462739898369
1443693707346206721
1435235399354437636
1435020062864330754
1442521059291435012
1435338978903875588
1435160198751170562
1435155614217474049
1441080606318792712
1441901117403635713
1435212339901566989
1435205912298500098
1441500497903489030
1441295336245325824
1441278803561443329
1435227510791413762
1441687012667441152
1442866607030558737
1435302355747188740
1442070964489969670
1441860521725075462
1438761703995478018
1442131754949566480
1442815036943212549
1435254579466276871
1441453047138459648
1443602781340831751
1440406987884228611
1441271275599503363
1443554470865080326
1435168906482749447
1442265381356376067
1435178297240039425
1442966114145759241
1438878827762130947
1442126202219601920
1443599460035145741
1435099541062234115
1435203896759230471
1441558809865031682
1441379315929649159
1435018497348734978
1435256650701721603
1443689904853110788
1435165513991299072
1443658399586131968
1443557534305067009
1441117729960837126
1441092125395861509
1441667335799009285
1442979840135622659
1435230994353819664
1443555828716515328
1435162053069705220
1443710744357478405
1435369328757649416
1438151245601157124
1435475191694561281
1441082631416795139
1434452797597040642
1435256016124395526
1434973503061643268
1441276963407028225
1441552206772117505
1434482001034334208
1443554566319005699
1441404900898848780
1435206198282838023
1435328130881769472
1435005934384857095
1441465979712774145
1441556968708128768
1435212540284481537
1435237265878528005
1442542879017156609
1443112728013463556
1441488928377380874
1435227800336834560
1439896844553834498
1441780475333419009
1435237305418137605
1441337741195694080
1443573748787920910
1435123882420232193
1435192516761067526
1435013101250809858
1441394250575396866
1435051198147665923
1443626371801128962
1435257920397189136
1441730447428382724
1434979855112753157
1438823581769732099
1442809317133062146
1435238113278824448
1435189943815573507
1435264688447688705
1434991899258064899
1441837110730756098
1441661690790219777
1435214624392163329
1441837271158718476
1441433753281302531
1435490740583415816
1441517632415481857
1435161681907302400
1435242699376967681
1437488583041036294
1435260506365992960
1443698243779670017
1443503602983710725
1435175050878111747
1443627940101730308
1439494640043012098
1442948709923188742
1435211764581416965
1441563723827539978
1435157067178942467
1441102640696348673
1443620279998091270
1441069768853925889
1435257397728223237
1439690225807134725
1442784446651027456
1434500094850740234
1435215635055878148
1441519974993076228
1443598391519465477
1442943693904760834
1443715807813513218
1442565106206973957
1441357776953901065
1435202826943205379
1435331099090096132
1435174407551524865
1442568409711931394
1443138921601413120
1441401570994933762
1441380225431052288
1433043098993631244
1441992160971091988
1443638255417798663
1443677868207321090
1433501990508797959
1443675368515330050
1435280908051890178
1433124285720272904
1435213040924962816
1435397841359450117
1442716655046565890
1435256584117096448
1441659330919501830
1435217927431667716
1435020330465116163
1442547322202705921
1435285814502699012
1441370660702285833
1441270372389638146
1435229084515278858
1441492600909754368
1441405170668249090
1443683287902400517
1435201437865291783
1441815314052878336
1435114815857610757
1441300403887357952
1442790101172559874
1442935452344852485
1441345388225695746
1441148764673118226
1436687059331256327
1443614599870308360
1435344401740570638
1441393997918851074
1435191908377186308
1443531740086161410
1435479239831195649
1441134143178371072
1435214670466535437
1441255698579410947
1435209875836051456
1435187724277977089
1441214100999053316
1435297902243586065
1435273115551084553
1442022242020364290
1435289596149989376
1435303388321812490
1435195900234768384
1441294245164302336
1441148858487107588
1441782360274399237
1443656966203715586
1443106126552313858
1443692940535255042
1435164544675061760
1441301167170998282
1441080107884441606
1441659636659150848
1443682190286536711
1441469814082621448
1435209726854320136
1442827540180127744
1441674289317441536
1435266276348227584
1441419410040766485
1435252512739704835
1435213276623908872
1441792873796706304
1435272805453549573
1439892892164702208
1441875158545932292
1441501878899122190
1441123807687856129
1435128155153567747
1435192557164761091
1434643264154574855
1442246464244178948
1441155483776139268
1441445547257344000
1442646365243314176
1440236519483006976
1442516288572694533
1443578430675570703
1441130237790588932
1443659945715683330
1435199787297554433
1435211753013526528
1435224721688248324
1435252213262307329
1441826813420838921
1435233441226936323
1435167820472541184
1442035730893590530
1435066230264709120
1435213942792544256
1435298485809602562
1443676355728748547
1433096085275357186
1443658352152698885
1435546044964671491
1435330955024162817
1442610534281535494
1435215640843915267
1435128616107626497
1435272376372105220
1435259413598724100
1443567423572123654
1435218413580918784
1435184531728896008
1441310940943699970
1435204272636014594
1441404609793306624
1435362631817310209
1441330223065174026
1441328400392605698
1435001424744796160
1441738595841101827
1442770646354776070
1443675287120719874
1441138356574818306
1435367040144007169
1441382164013228035
1435239850668658690
1435229129058791430
1441523446698020867
1435181924671266816
1441468664738287617
1435883978137931778
1443629549955260423
1441652559425548289
1441828252146978817
1435242802284216328
1435226110338510849
1441295592655781889
1443576174962044929
1435193716583673858
1441448860186906624
1435544601042038784
1441073045611978763
1442038425960415239
1435232723971551236
1441125078838624256
1442060300564328450
1443589103237275656
1443552917122949121
1441414843270062082
1441143333229940739
1442907521719554048
1435184179331969026
1443692057256677380
1441363666230595591
1441829542268571655
1441406820682190848
1441125820198633478
1443615284204552196
1443625030865272836
1435226088389611521
1441952273131716612
1443725715556470787
1441365512756228099
1441079981728313347
1441716770545438723
1435201233942421509
1435245834485047296
1441371051125092353
1441366467337809925
1442598672571699201
1439362344220516353
1443676280684167173
1443587794006274063
1441267717374238723
1441352976367378449
1435281694198624258
1435286281785954306
1435224872041553925
1441873948216496133
1441459842607165441
1442530270696157184
1441548480711958529
1442362293585514504
1442957031019741188
1443508170119434240
1441543364722167809
1435120718350622720
1435352828315242498
1441878196190801921
1441262216662200320
1441392753254932486
1442942267421978629
1434989414061588481
1441368986784976898
1435208532320825348
1443542528574296072
1442575995085656070
1435011388854968321
1443647204590301190
1438904038939049992
1441107826277978114
1443655704791949319
1435284490562113536
1443699110276739077
1435163250728001536
1442730306776219653
1443686816729772034
1441089988951564301
1435202656121856005
1443545046666592257
1441308318824271872
1435213597366435842
1441521305501663234
1443577797377552401
1441294452786532366
1435314424559067142
1443615469735395335
1441651860235034628
1443656264223952898
1443542244439568387
1441887536813461510
1443637916685721603
1443653609237909510
1435262597771800578
1442861292650307586
1443230348528300039
1439509258131939328
1435176634416570370
1443568610031570947
1442946579363553283
1435228159243399178
1443596374390546445
1442522710832209923
1435229492029558791
1441566079348707331
1435156248278839296
1435279006199271426
1441490829684707329
1443546500345352200
1442548190495006724
1443577198892310545
1443695563346792452
1436272034523324416
1441780277899145216
1443613066646720524
1435170178195673090
1442992848249438211
1441384960745639939
1443603817589886979
1435217478758580225
1441652360158326784
1441338991966515216
1443724840108711946
1441875861792165890
1435265496606195718
1442639344704139266
1440235054504890375
1435008981152542728
1442055456369922048
1441491821184438274
1441790601683472384
1435338521288527874
1435192210765619206
1435178971218554882
1442184600768286730
1433150137963057154
1435278313547776009
1442796316728430599
1435164081628106752
1435194788161146880
1433086187275792388
1435471645578338314
1441775051024392200
1435202230790000644
1441908651489316871
1441899527682752513
1438827714279088134
1441747779739549704
1435223823960485890
1442936141087318017
1441069292687069184
1441884661135773698
1435286570463080449
1443671037145665536
1443576066690322442
1435126830789500928
1441723123313819652
1441647685186965506
1435278413644943366
1435040440542285832
1442015190023876608
1441426094721093636
1441680234982658048
1441118831900909580
1442574199856537602
1441674142290354185
1441846593758511106
1435461475942944769
1443617024610115587
1441364548187869184
1442533155370590211
1443619006028652544
1441243748839550979
1441120041706004489
1441179332127469568
1441651582370664453
1441124916149948421
1441273303730049033
1441782954175471619
1441155319409881091
1441718833962704896
1435174415705296897
1435172866090221568
1441898549470384134
1437921253202014211
1443521708233797639
1435242700291325953
1435284129357070336
1435131594105364484
1443664115252224001
1443654637823922182
1443552160105574400
1441394320347738112
1442972163414237187
1441477234716512256
1435274719138402310
1435230997331709952
1435209673074954243
1441665289226100738
1435299645706604547
1441271668169601025
1443591980613767173
1441817391114170369
1441715151229657092
1435219966886809601
1443582396851384328
1443530115158364161
1442057412576382976
1435183938004209668
1441114897916436491
1443174266585980929
1438808553750413314
1441374938976317447
1442231816811913219
1441444117335117824
1435184442729971712
1433850112221061126
1442839270994100225
1443536345381605379
1441342164668018691
1435279472912183297
1442547540373774336
1435203454520201226
1435330195632840708
1441136435092934657
1441659323101417472
1442525884573904903
1442221806492946433
1441782603837685765
1441385545892917254
1441352457393692672
1435913439654907908
1435240427603513346
1441478413672452098
1443641791333507073
1443676937331912709
1435226529907290114
1441155648046129152
1435161938368073734
1435199978348154882
1435195527218466817
1442771566182469640
1441356321110978560
1442979268737175558
1435247059616124940
1441309135211950083
1443588363617927185
1441374419872411671
1441450454827737089
1441092716255875088
1435177505904803842
1442552659215482892
1435234546262347781
1441392383615111172
1442811466625789954
1435269758786674691
1441064615023108103
1441364659722883072
1441175060803321860
1441138687891238917
1441653928614113280
1435177268125605891
1434995691126988801
1441403703894884354
1443508529168465923
1435175143735767042
1441686064603799554
1435238190651166739
1443633762869424128
1435047145380384769
1440207186714509320
1435349814590513159
1441164613966446596
1435197834014466054
1443702823414386690
1442117499793907715
1442977392541245440
1435182355615043586
1435203120880029697
1442222661514534913
1441164263301677062
1435029834602795013
1441417679663947781
1441680538847354880
1435117561381801986
1441498611724865541
1443556273837023233
1442126819021443074
1443642769474457605
1442872321711108107
1443562148387504136
1435320420866134019
1435175923901423616
1435365018200064003
1441111651806167044
1435909130271723521
1441523035857690627
1435167408721891331
1435231192035454983
1441403519433515014
1442629822224687105
1435161330164584448
1438898510447980552
1435167657309970433
1435150970669961218
1439061457182789634
1441501819306328064
1441314174655557636
1441274009962745856
1435197029186248707
1443612717185699840
1435170789544927234
1438820340206026759
1441910484605751296
1443664166577901572
1441652623585673232
1441487051027886091
1443520995894104065
1434895240075390980
1443665197483368448
1441762661927055363
1434997943199834115
1441677146808721411
1435227245304557574
1435231988563292164
1442062948101345283
1441856700487712770
1441652849067364352
1442224641041387521
1443636142792904713
1435279475231506438
1438893965747662849
1441534010845392897
1434986072119775234
1441702714979848193
1439633868676554756
1441387123639160848
1435286570358214664
1433451337241579527
1443587816936513541
1442654735199211523
1443629917275631618
1443533657369628676
1441359015330529286
1435362334281801731
1443542858221465602
1443610367024828422
1435577167044284420
1435341669126266880
1435162859273601027
1441528323213979661
1442974813652357126
1435232942607974408
1443695867224117253
1441573247133310976
1443517382211866627
1443530439495405570
1435208228820897797
1441459918075269121
1435155803086929920
1435196159275016195
1435131713538207746
1441121547914121217
1442225934938034177
1435186564158607365
1437739794390470657
1442157753653473283
1441075468862623750
1435152518586281985
1443614376259379204
1435166590920757252
1435216712283168777
1435248410806915081
1443099220530053122
1435287846554939398
1435198969718747138
1441367773523886080
1441375598237061120
1435274046808240130
1435259613587419142
1442766503577886723
1438585542560657414
1435169064360587269
1443119790386827266
1441333850517360644
1443590767470075904
1434600977202655232
1435310547654873094
1435264164776140803
1443580603656388621
1435215102773534726
1439951915928936449
1435220173787697154
1441041525262012417
1435026643349819396
1441277843141394434
1441550355846868993
1437683140575760386
1442525111207309315
1440237101480493056
1443609806271619080
1435256660197584896
1437827544657666054
1443215521806274564
1435166635950755847
1435257677706313732
1442376046708510722
1441121239414673413
1435219762175479821
1441481415766446083
1443512939537911811
1440936915168108544
1441888317738520576
1435236636800000021
1442746358398693376
1441329231456182273
1443202842097975302
1442825061631672323
1441858039468937220
1435298704106434563
1435155664477868033
1441166304019300362
1443502212420968452
1441353561053413380
1442106783930228742
1435334077683535874
1435384934504583169
1441442334122643460
1441386199378055175
1441465885818961927
1443613410638368772
1435149258072674305
1442850014674436109
1435236415315533831
1441720748717060096
1435187265014222849
1443574386976382989
1435241506982535171
1443607211364823044
1443597586921832448
1435328181385547783
1443687345404907520
1443657317732466692
1441459962824253440
1441728178251177991
1434532255075127301
1443498952310104065
1435151116874944514
1441648185647288321
1441635285218037761
1440982874686119937
1443607784285773824
1436056666437558273
1442541862854832129
1435238271098015749
1443663691522756613
1435152733514895363
1435378854416224261
1440899445164593155
1443616144267653121
1441511688491061249
1441158126812553222
1443570977288318979
1442793038435299334
1435156467452108800
1435155922695905281
1435200691203608581
1441642741159563269
1441360563863310337
1438227051237060613
1435324487688404995
1435154104448344067
1441277439779356675
1442845179208245254
1443617279422369793
1442228547620380673
1435173532414136322
1441669465507196935
1441349870720143365
1443593864061784067
1443498982190297090
1442755135583707141
1441742587908472833
1441174758331060232
1443598207519449089
1443598713771937792
1435167427168452610
1443535181600759813
1433051907023646722
1443621119857205260
1441138148830957568
1435341408320294926
1443607224887259139
1443655859989585920
1442235099097956355
1441278513529516038
1435183416278986753
1435383267201593346
1441362873821786115
1435156199356383232
1440929467166339073
1442183419488882688
1435173612630253569
1441279944017920009
1435246362321321986
1435158307858157569
1441145146788106241
1441662152767676416
1441443714572951554
1441528721857556481
1441078545376178181
1441099092508110854
1435267042869981193
1442572789131644936
1442743892848304131
1441400314737868800
1441178698732826625
1441139521475604482
1443571395766620166
1435309698941599748
1441156637977239580
1441349402086445059
1435190934505918465
1443696275883503617
1435178323861245953
1442528869098012682
1435117812201177088
1441291512063528962
1442878059795861517
1441471026278244352
1438901383974072320
1441168901971189769
1441867990455230466
1435204298510581764
1441684078017744900
1443597355018854406
1435260189691858946
1441292805767237632
1443549960553828353
1435203484245233671
1435151504969719809
1441372087084457986
1443644511004016641
1433468485695426571
1441500241161703430
1435237446636249098
1435193963015819268
1442233451512487940
1442216030881796097
1433050689987612679
1435166375991988224
1441537748192485382
1435249098244988929
1434433269987168257
1442946653015535617
1435224614909714448
1442547375592071168
1441361802185490432
1435238333752483846
1441714167233355786
1441502735036260352
1435228985705730050
1442792445666803716
1435313709430231045
1435256242067447812
1441801669759541253
1441315281045917700
1442230623221997569
1443538924429881345
1441651735114752003
1442943506998128641
1442754541070524418
1435221795871854597
1438802388484247555
1436005134333620230
1443534913010118660
1441022986182594563
1436023505599012868
1442849989365993479
1442077769966362624
1441093801922076676
1435253865482436611
1435239999553871877
1441300196890058753
1438968597368426499
1440418745478909957
1433138162830823427
1441100252673499136
1435227615389003776
1442249262595645445
1435328183046483973
1441365355985735684
1435161819212091394
1438257118084313088
1435180201445675013
1441756124412219396
1435314597158850562
1435308026500689923
1439501668241055744
1441725677556936704
1435217972923142145
1441433770448588803
1435369808028127237
1443662211340279816
1435239036105412611
1435158824093163524
1435313346102890496
1442525131763560451
1443578386543046656
1434908584341614593
1441882100513349632
1443567852208988165
1443565613016915970
1441488360548311040
1441858766400626694
1439251117213356033
1435237527829553162
1435473250839105540
1441930405112913920
1442960485045899265
1433021421333139460
1435259272900882437
1441302136743211008
1435357184020320262
1434741194966319106
1441505493294460929
1433016016108408832
1435232071119777793
1435354634814640131
1443587492054126596
1435150870761574400
1435309695741333510
1435198737442381834
1441430059311534085
1442728654438600706
1443658143234465792
1443582787584348166
1435132422589386754
1435403958609121280
1440247411830444043
1435240439993470977
1443570206958395393
1441762920925257728
1443615404157440000
1443645942616498177
1441364050051407880
1441504883446853633
1443539412588154884
1435238273320902656
1443597680555577352
1443494270250455043
1435162782144548869
1441268232657141768
1435315908277415941
1434430991033044993
1436836152221306893
1435517961931042818
1443673937980936195
1443657828653223938
1441647946999681026
1441813272525557764
1441742207170531329
1435286636548472834
1435169998562017283
1435236370503569410
1442367040183054336
1435328967041499150
1436370267538956294
1443597088550531074
1440802585108049925
1441762108404862978
1443133845222666240
1442102172586549249
1435256413568348162
1435183240285917187
1441041109325602824
1435320012374478852
1443696897902981120
1441472560525463554
1435159908874342400
1441333289906675712
1435191431883378691
1441467716481675265
1441698071541207040
1443662790145806340
1435246437047099394
1435174159273893891
1441306419936960514
1442521536141807624
1436434006447464451
1442610772715008002
1441707967129133056
1441356295756414976
1435218262162345986
1435211937810456578
1441327478136459270
1441295560250593280
1442436523790639104
1441126241868791810
1443694402375929858
1441099152813817859
1443631767525773320
1435267838588096512
1440400997050847239
1435172684019679233
1435153892111573001
1440274706116988936
1441824874335514632
1442051673455796225
1435276301762322434
1442588893732392964
1441396623230181383
1443698398092222464
1441110157178466316
1443620726712512515
1441849446157934593
1435242566346330121
1435202422788472837
1435287195376660482
1435360382177189888
1443533632375857157
1438828367948795905
1434878541577998340
1435389725687304192
1435943324431622153
1435151724042465283
1435214546990473218
1435106638105567234
1443656045306523649
1441834428859404288
1436586901012627458
1435202174506749953
1435209298636849158
1435207733549191171
1441696463193583616
1441136295321899010
1443637709952651268
1441705897055567879
1441375289427193862
1443691695476985865
1440260777261219857
1442445793256869889
1443552543368531968
1443596942576168961
1435355064412082186
1443680610485252097
1438218039351291911
1433425324935565312
1443068626894995463
1435348108641280006
1441494269248761866
1443663650418569217
1442810333920481281
1443496934191292419
1443619262174728196
1435167678608691201
1435215823774404613
1442590293996548101
1442537962802139137
1441513537118085123
1435199277643485185
1441073306770173962
1442900931289313284
1442572126347800581
1443574141655740432
1435245836192079880
1441827157936795649
1441698589995003905
1435019027328507907
1435124596680929288
1442921302398885888
1435503788828332032
1442085799688691713
1441085295718383623
1441387369161269249
1441800130563350528
1441279924136906758
1433128209193840641
1435342505051140102
1443649444398895110
1443663962940350468
1441530193017856001
1435324737006284806
1441721583769464832
1435223507596632070
1435220118506704897
1443562511874277376
1441427037751689221
1435191258193055746
1443600647102898177
1441681049403146240
1443649511998558215
1435253562951487493
1442627616490536960
1442549329927950338
1442235740532916234
1435274469908566018
1434980483365019658
1443003967466840069
1441676066905591810
1442906376015994880
1442234575422435332
1434998097583693830
1441371212995706887
1443653471845113860
1441549497277034497
1441415903233544192
1440257295854686208
1443594419756732424
1439956390882287625
1434467500327153667
1441102187984142344
1441301385727774720
1443650870118391808
1443643475824676870
1443510472481853440
1435140682818129920
1443695071665262596
1441832400624013312
1442402220528504832
1442223866152046594
1433623629858750464
1442584683527606278
1441477961501196290
1435222328133230592
1442962577080795143
1443626143085645835
1441893696190832643
1441650813198209033
1435210629355352064
1442820559289602048
1435199535811375109
1435286290828775433
1442962383178108928
1441301060035829760
1443510194810589184
1442543668229926912
1441648959546560521
1441302877188853760
1442435467635412996
1441151972392914950
1442523800478916615
1441458012087103489
1441836805347811328
1435036754516529152
1441404885040254980
1435199779617837059
1435170875704229891
1441335736343547904
1442641218727555074
1435221949068808198
1441336089357160450
1432952600572350465
1435303488645439494
1435125958063927301
1443637097651445760
1435282962929504257
1443590283170439168
1441311423762604035
1435168866297163780
1443507941223641090
1435168433864331265
1441429558041907204
1442792790660947972
1435244742779052038
1433028246526889984
1441331276091322375
1443120071191273475
1441273896125091846
1442056089302863876
1439079823041781760
1435223288708583429
1441513393274433539
1443546416173957120
1440423383896789002
1435203604546297859
1440798823161352196
1435337775394471938
1434773789431173120
1435209036568449030
1441539409757851651
1441503907704983555
1435151771807141889
1435211422158491649
1435156667407159298
1443641006914773000
1441162798466220032
1443611680689332229
1435332639578152960
1441448297202270215
1443705081136824322
1435224904035602443
1435167512279322624
1437413868020641798
1442207158469279748
1435218599220744194
1441664209717129218
1442747230868344835
1441404594165194759
1443616133991571456
1443014497443123200
1435344111352139778
1442520355403407361
1443618439365599240
1441135395593359369
1441269871199784960
1442992519982182406
1435507243491942400
1434890865936318464
1441315052234018828
1435214453268750344
1435117886167715842
1435360596657065987
1435248719151173640
1435187385445277696
1435167038075547653
1435269343512723456
1443672725445357573
1435192885192937472
1436240973487558662
1435027322038534147
1442871502198607874
1441672130144481280
1441375118068834310
1443574225000796164
1442548084290973700
1442524880688324608
1442961872727203840
1443657839659073545
1441470499607826434
1442949190527565824
1441513709105451008
1435195048266772485
1441662879078490113
1435151249452814336
1435183819007709187
1443608229376823297
1442835634671038471
1441673907384291329
1435190151236497409
1443498431322939394
1435153937452179457
1435279951901728770
1435225698378072069
1442060578655178752
1434576162945216526
1435234609000820736
1443584394887761954
1441085571875495943
1443622507144269827
1435211836647952389
1435170952803979265
1441403993356324865
1435205234599550981
1441652187805851652
1441250384228409348
1441030074933841926
1435601993465307138
1440792196471406595
1441430745348780035
1442075217828868099
1443675498895364102
1435177468596473856
1443568394981318660
1440438860287148036
1435228648181620743
1435158800596619265
1435340357491904515
1443608973731586050
1438075667116142599
1443504739954667521
1435246114056417280
1443608148271587333
1435171446494539776
1442130197818617859
1437671964622131203
1438150435219689477
1441774978668638208
1442138666336342020
1435283022325039111
1435172993223757829
1441910578105233409
1442164947652263939
1435173263676674052
1443629077622108162
1443617017030975494
1435199187524669441
1441651199619518464
1441446512060403715
1442841644068388870
1441353432334360581
1441535435642187778
1440447321867620365
1435234195148787721
1437652043284553734
1443600411856932866
1443598566577119241
1441296739877548049
1442023099348578307
1443625280191488001
1435032643737903108
1442599916648288262
1442942977966444548
1435224010225328134
1435201176836915200
1435220971892400134
1435200770216022025
1443712508020277249
1443695243484934145
1435156032095916033
1441399212776857600
1443653585364045825
1435256624445329414
1435272454415568899
1435243071529230343
1435244483596197891
1435409199287214086
1436755086970171398
1441349351830261771
1443510981913718788
1435393970520068096
1435167905327505411
1435290745296941059
1441348128435683334
1441349857357156355
1435239426150604805
1443696167615881216
1435213214841720835
1441458858967240706
1443613811307651072
1441128459003043842
1442957172195745795
1441339446524137474
1435304020231458824
1442601594944557057
1439906144982536195
1441650387916894210
1441815916514357248
1443633766304522245
1435170954213302273
1435235064925859847
1435261888120623108
1441171031058620432
1443613313653477381
1443188947782447117
1442925421608067072
1441492770351366146
1437382808817778688
1435224832766001154
1435163373554094082
1441357514914902016
1441471228015939588
1441843799731417090
1441257428817887236
1435185094562652172
1435142851290189826
1442065642920710144
1443109997588717572
1435234162143899650
1435175710264545282
1435154371424231426
1435046620903706626
1441533378377965569
1442627547641094144
1443499662011469826
1443640426410434564
1442249656755531777
1435251086948982785
1435226548550963205
1441080362327740418
1442066037554368517
1435341605481943050
1441392823169859585
1441153705584185349
1435243847425142789
1435113132674977795
1441166948608450560
1435320308794331140
1443555693563453445
1435251547307454465
1442517344794906625
1443697091528757251
1442948852705730561
1443647470064517122
1441819716264374272
1441138971229057033
1442518933987336193
1443242713239990282
1441873518988120073
1442076569686663170
1441490032020230144
1435239533679886340
1441122993954983937
1435163790451122177
1441114048045608963
1433025399840251906
1442846169764335616
1436004632027963397
1436744997441789957
1435229307593314305
1435281447678615556
1441842182814461952
1442952559413452804
1443633067722223620
1442827954355163140
1441072202078736388
1443611926970441732
1439660575802396679
1435269186402533378
1435285558503350280
1441856838237106179
1435190783364194304
1442547514272583680
1435251446543441924
1435361297353293830
1435211061431504901
1441127727445078017
1441121937418248195
1438858652761329665
1435476313532424193
1435213662017441795
1441662842332123141
1435317627136745475
1441437136742277133
1442947042465116171
1442528764945047552
1442553865681833987
1442677953788321798
1442741808539312128
1441586122493157376
1442525198490681349
1435234634745405441
1435174235278819330
1443593588999286795
1435318084231995394
1443593944550494211
1435346470467690504
1435182830120804360
1441512428076949505
1443693788761821187
1441790911231315973
1442592936575733765
1442443791147970563
1443614382261407753
1441762505454325777
1441724689492160512
1441835604782747648
1443696792978219008
1435254782533513223
1443696659385528323
1441482203561594880
1441782835598315528
1443615982296182790
1443605491045838857
1440941144876232707
1443577955871911945
1435181775077191683
1443588067286081542
1435723179088093184
1435217116991471621
1443620901908590594
1442968901705342984
1435615162623565831
1435236480763449345
1442244233847443461
1441078715040083975
1435275392630378498
1435180723011526658
1440396706114199564
1441294573284831232
1435503437555372035
1435209787931770885
1435153054475640833
1442429696449392642
1432981718034694147
1443671247624327172
1441529053165486086
1441405334745145347
1435191863867318274
1442753148829982720
1435345605824483346
1438875194924355588
1443630570479755265
1442522627264811008
1435372604341243905
1440394326412959744
1441654283527606272
1435244218335866882
1441645913026531328
1443571517430943744
1442569881304633345
1443663521703763969
1442743629697662976
1441439235127480322
1441876895939760134
1435243105561755649
1441372950460915717
1441481076958904320
1443196992033808390
1435166445344804867
1441878674224074754
1435402376224116740
1435205340367368195
1435237189680603142
1435258351567392769
1435220405095124993
1442955941570170880
1435330675222134796
1441276598955565059
1435254313555795978
1441130096308494336
1441432357320511488
1443537100058644481
1435609358910595078
1441421407720726529
1441558905075634185
1435239142171058177
1443589712443162631
1435151633034457089
1435233252059537409
1435154361320198148
1443653935718338561
1443496729089822731
1435217299301146638
1442084308487966720
1433092202117410816
1435229449604186113
1441620393882652688
1441456739669495814
1441837024516849667
1441747370866315265
1435281406423228425
1442435967231696900
1441475517392343043
1437847190408417282
1441391077349412865
1441648342904160275
1442585017293713411
1443072725019471879
1441261577886392320
1435371509862879232
1441780350472966154
1442951226727952385
1435211092549152773
1435160269735530500
1441676708336181248
1435181824016257028
1435225239156400132
1435169067397271554
1441778303111737348
1441574200024698886
1442431867114848268
1443602162962010119
1441296671154085888
1441849954637598723
1435175693093113860
1434916804757889027
1435338649835642881
1441847382254129154
1442252785865609216
1441106325975416851
1435268792892919816
1442547352867414017
1435184227356643328
1443637009201967104
1441395660130033668
1441761651703697409
1441429856844009476
1435207423858462721
1441666245925871620
1435226541915525121
1441679210582396931
1435119619358986240
1435330384301109253
1441409103163584512
1435195403574693890
1443676085275828225
1435340513444601857
1441683295922708480
1437819880569544711
1440448271772622851
1441692684658294785
1440415712879599618
1441492141046333442
1441321715267555335
1441425402665349122
1435202118550441988
1440945074003714050
1435022009373708293
1441789474900529155
1441839117784997888
1442521566848245769
1441799084264890369
1442063515175436293
1435126454120062981
1442530910352515080
1435174406314237964
1442739090194063364
1435236371992612871
1441503204856979458
1441437833613414403
1443565140767543302
1441607814066147328
1435197865874411523
1435238714037440519
1435207399376232450
1441149421299789829
1441074737111830528
1434925589681643521
1442068330412662786
1441330123379122184
1441421776702033920
1441154383392034819
1435176301896380418
1442958212395851778
1435351227534090244
1443536773074804739
1441383061946449929
1435362453156679687
1441362383369216001
1441855147571773445
1435194978372886537
1443603518389211137
1440334015026774016
1436004175738023939
1435194197968048133
1441401687860645891
1441620041951240193
1440405465855234054
1435328398377816064
1441178038532673537
1442520232220938240
1435113148793724929
1435247904453767173
1441411244821336073
1441154456888823822
1441798697361285120
1441458361585778688
1443689668013436929
1441099301413744645
1441093257681784840
1443053689506340867
1443622935365828609
1435285247210532872
1435276806056079365
1441429449057218560
1441671638551089152
1441300778304491526
1441531659107672064
1441381418236579840
1441725736856002560
1442076127292387331
1435243055301410819
1442588622805291013
1441115203337220100
1443709724738924548
1434927944690962437
1436219344716025861
1441429611976396813
1441440099473010689
1441374645261934592
1441134688580501509
1439074761150242816
1441304173216088067
1441819065165619202
1435256098496421893
1441443663545085954
1435251378427936770
1441673801469677568
1435309638950473729
1435163057320247300
1441442126496153602
1442924895214526465
1435300130803044364
1442358346351202312
1435299585082150912
1435164579609329667
1442860787278786562
1441877913595416578
1442588474595414017
1435223542740791297
1442527278756515843
1440262005261160458
1441133172087951369
1435188777417314305
1441674577051099136
1441423617515048962
1443079373419159552
1435223793266462721
1441184397164568578
1443549290639642630
1443668789661511683
1441320220325384198
1441693452656263171
1441065572922441729
1441136886433517570
1441676146224115712
1435238837492535298
1435309443386855428
1435246317647933447
1441314411856084998
1443536674986897414
1435211793828401157
1435338518105034754
1442541370028093443
1441068405847699456
1443318530351456256
1441328086180515848
1443118320090337281
1441129759421845504
1441369287952719881
1441643625373478912
1443607533613199363
1435525325966950402
1441464452713369606
1435243571871981571
1435383820304388099
1441838427427774464
1435226083897618435
1435306714895720456
1441303166524350464
1435120680673202178
1442962015287271427
1435236617799802887
1441295198558904323
1442416458076676097
1441518301784510466
1435527213823270913
1435240323505086467
1435297029157277698
1441369230360727559
1441712538538807307
1435177709878054913
1441339175744114692
1443675047051341835
1441443656834093062
1440945249661112323
1442528039561150464
1435251254586978312
1441300278293123074
1443651855050067970
1442793954651648009
1435165197547683845
1442735767369961472
1442942802015375361
1443544858094981121
1435170175070973952
1438822830616064003
1443589345319874570
1435219882556248069
1441438398984556553
1441640318584111104
1443495583050866688
1435241085081726981
1435889108216393729
1442572009007878152
1435932603434033156
1435144326472929286
1435177998936903682
1441153333956431872
1435158189922787328
1435239117806346250
1441151694801235975
1443602898114514945
1441081024709107721
1441473674079608836
1433235645519044609
1435266665072054275
1442356151090253824
1441499081516453889
1441136614349017094
1441154476363051018
1441674955012386851
1441313619082301440
1440921752863924228
1435327890967519236
1443610241560719368
1441380110414741519
1441705569409245187
1441070411232522240
1443666394915164169
1441460107175473154
1441483766053019653
1443513077652238337
1433027520425779201
1442769117887582210
1436323799776088066
1435219976235913225
1441837932411715593
1443205223716171779
1435234558836977671
1443577190013038605
1435248784083140609
1435316041429786624
1441651168267030532
1435184345191522308
1443686040166965251
1443693598147596288
1435202863848902661
1435246539107192832
1435161697770221571
1435175529053818881
1443587421916962830
1435260046926036992
1441385072255504385
1438073033491681283
1443548307310120962
1441466005918666762
1441303807141502976
1441096381788131334
1441600095384973312
1435195263656906755
1443668598803861509
1434981022333034500
1435355770099486720
1441895589839454213
1440966329721368580
1435197591969533958
1438058482851368961
1443564163570323469
1435228533220052992
1441275474538229767
1435296228959571974
1442535818292121600
1435312102521118723
1443498254918995971
1435258460548091912
1432961569273565186
1442230768441327621
1438875753488306182
1435206694007721984
1441333369577476111
1435182565569273860
1435363598616965121
1435346563103170560
1441664247461597186
1441364492105834512
1441704090291998721
1443628439706165252
1436230038827982848
1435039171727536128
1435256442555097090
1435365416096964615
1442477790138302465
1443700770646470658
1440944145040908288
1443605479834505218
1443624031723442181
1441465135915225091
1435205307882422275
1441649354675081222
1441586098241638410
1435239567234412550
1441369739641692163
1434992303991660551
1441452289311522817
1441294986465710081
1441331250413793285
