1533753807947055104
1534288317591736323
1535396570170023936
1537812983249764352
1535549084613890048
1534231594898268162
1537914174595969024
1537751491339075584
1531868203734925312
1538599541338955777
1535346114160885760
1535268660247416832
1534588296143200261
1535544655093370880
1535531774335492097
1537902848133853186
1538083672691204098
1535127771927674881
1534249400800878593
1537923138289209344
1534807461194088450
1537834867123265541
1538554641843093505
1537996727843573760
1537854256761421826
1537767582853476352
1537914069402783744
1534191152756310017
1534860860673376256
1537743997896204288
1537766642859614210
1537767149909037056
1536506283678912512
1537782158697369600
1534892597910687745
1538155838623342593
1535269036002508800
1537756874250002433
1535319245214695426
1534231834179035140
1534243021646094338
1538086177013645314
1535394052832632832
1535183112216449026
1535760247155040259
1535196723131437057
1534945262644432904
1535562070393032704
1531928862153920512
1537853735283613697
1539303585112104962
1535338946418421760
1537803276112080897
1538037071465553921
1535585011398737921
1538910211313909761
1537847663894401027
1534540517526183936
1534277457020432384
1536343399028166656
1536121524335550464
1538302207916900352
1537876358705070080
1537837809242873865
1540555792503513088
1537771247374938112
1535527288653111299
1534563863886192641
1534871376011591680
1535546733563990018
1537948913000251394
1535321990705340416
1533106820209852416
1534301907467939840
1538262640816013312
1535342713532448769
1533738877252509696
1536076957074464768
1537893628919484416
1540360248434855936
1535569884884701191
1535897131789307905
1539049812535951360
1538054837107146753
1535279982330761218
1537503213112500225
1532648467734093824
1539219274086195201
1535316722256957446
1538128053611778048
1537458252287557634
1535634486309924864
1535292058629447682
1533738694145884160
1536630297546174464
1533790839700443137
1534233075114287104
1538859881981173761
1538091613267890176
1537874332541562880
1534272477928599563
1537914812499275779
1538482654022094848
1537962416444567552
1534292626941288449
1538656792531587073
1535549610030252032
1533774552995708928
1537914499151171585
1539124788010049536
1542042321075806210
1535379091884498945
1535382476708642817
1532785607449137153
1533824875860721668
1537901263773323272
1534960150850719755
1538068959408410624
1539258156056039429
1537976454784266242
1537808202846412802
1535331447149666305
1537822405359456256
1537739635832537093
1537820210614489093
1534290364097495041
1534232433733910528
1538082765501079552
1537805479916740609
1535543878471778305
1540146232634376192
1536107601104093187
1535543116878471168
1535551836333166592
1535558483583582208
1537825810043772929
1535299010386436096
1533772082563239936
1534255970817302530
1538472222213517312
1534237097892237324
1534268130926727169
1535399584389812225
1534294865219026946
1535598222781054977
1533819379569262595
1540285541236736001
1535371508528230400
1534990989244481550
1535550605242126338
1534341187657777153
1537590107120836611
1540316973820674049
1537860021635227649
1537884007190261760
1537738882602655744
1534808665840033794
1534297664132730880
1536462524736065536
1538054229922918400
1537875021196140549
1535346438632361990
1531891170590306304
1534260122096214016
1537740734467555331
1535322797894942721
1535686771828215808
1535313825217581056
1535561033825374208
1537852790663430144
1534236333207699461
1534269869314695181
1537825889584566277
1533925180464058369
1539034445566689281
1537375276065296387
1535554684533997568
1533675479391252480
1535281036111794176
1537767109467508737
1534588112852201474
1539927422669582338
1540472047779848192
1535960712891322368
1535366684642451456
1535309349907746816
1534956460626563088
1534238911886725121
1534878459524153345
1537750292325859329
1534863758358724610
1540609166737391617
1537780389829304320
1537889503594983426
1538305355163258881
1535276156064260098
1535319224708628481
1538058450223214592
1537830603940413441
1534877924838592513
1538049058392227841
1535593555477110785
1534318769669038080
1534804780580802560
1537861512794095617
1538474942303436800
1535363883510251521
1535366207997677571
1539735092930674697
1535086563318800404
1541478197707112448
1537839034516615168
1537762686829678592
1534317804312219648
1535543963737808896
1539962080417267712
1534391138555133954
1536615577523036161
1535156775070093312
1535871949066457089
1535545728239534080
1539029242280923137
1537918909101117441
1535852439802355713
1536027624602058753
1539993949812805632
1537957235350831104
1535460753540620288
1538761150485110785
1535474073593061376
1534976969321979904
1534944219676254214
1538057541661384704
1534822033061822466
1534801535720357888
1532974904693366786
1538563582236966912
1534438632521596929
1535565127856050176
1535626731880689666
1534246505439182848
1535531731587039233
1537804845461151747
1532377461824098304
1540759154855247872
1537856031451144192
1538107759803219976
1534359737315237897
1538058562815107074
1537919115943219207
1534243183680446474
1531875887108562944
1534232831957774342
1534232145056636929
1534830028067950592
1541350318503493635
1535369360382267392
1537797011671498755
1534421177615147009
1531930086030680066
1536042524606857221
1537913802838052865
1535565485634469889
1534181292065144833
1537847737219162112
1535294004589363200
1535302688229199872
1538883648472199170
1538047220859248640
1537765168012267520
1535548302678183936
1534232769890504710
1535393906107482117
1539701452557402113
1534270689003413504
1538229495274119169
1537738079074766848
1538807978320662529
1537845074004004867
1532787088327954434
1538117909733580800
1539547923737894913
1537846962476797952
1541848984385462272
1535295226255908868
1538552729865711616
1537790568432025602
1534550873350803457
1537899221642203137
1535645444558266371
1535411313588969473
1538207265274011648
1534232823321747457
1534250833017290752
1539921124812886017
1533839969562894337
1534462926890885120
1535320572170850309
1531888214365052929
1540007995668561921
1535555583536922626
1536217917725020161
1537769703107661824
1535624251214114817
1534254969309773824
1535595888642596866
1538454200379637760
1534254686433312769
1535761486471102466
1537885693191413763
1536088524549660673
1535519963187929088
1537888899191648259
1535384436241465347
1537871071185186820
1540599338639958017
1537537095144718336
1535357172116226048
1534411762967126018
1538803293534703617
1539015033656688640
1538066354510647296
1538129899336122370
1535197552454287360
1533891929506824193
1542134558203715584
1535536407443292166
1535347718293536771
1538127620403040257
1534830078785425409
1542076367780577281
1534245850121220097
1535584323713355777
1538564841920770050
1534977446369542151
1533889257152053249
1535271264109137923
1535400470105280513
1535316807967559680
1538509853844455426
1534241699739860993
1538476482477051905
1533222001992687617
1534060871734988801
1537768796097757184
1535316801797644294
1535384685941071874
1531863810486767616
1542466686225358848
1537734685710766080
1535555794162286592
1538089609435009024
1535537125092900864
1535366256454410240
1537821072560644099
1534441996064112640
1534232312648458240
1537917098369855488
1535564768412590081
1535564366904446976
1534220430151757825
1537904341956210690
1534877304513605633
1539955134368727043
1534436714432843776
1539132461187203072
1536476526723604482
1534238126880743424
1535622615796170753
1537952152559095808
1537835366719311874
1538056058161307648
1541841072489390081
1537832300985057280
1537856574739337217
1535273844625362951
1537957080341962753
1535318704484929540
1535423614157303808
1538105815894265856
1538089580410413056
1534403899142152192
1540005465073094656
1535451571332464640
1537904411900424192
1534404284166586373
1534822130470293509
1538043893228482561
1534824943036338176
1535672243778375685
1535609975271309317
1535545113815957504
1535545595959644162
1535920065912221696
1535350213912801281
1534190762505785344
1534248627035594757
1539951056179838976
1534434110764158977
1533914096256565255
1535283467205980161
1534997506194554880
1534190500453941249
1538038841839329280
1535373501242425344
1535315216015179783
1535292875889688578
1538251019523706880
1535563228708749312
1539920489673547777
1535338791979958273
1534272657004404736
1537783087584759809
1534189702865211392
1535293986386022401
1537870768775872513
1535588109588516867
1534894214475132930
1534911206636630024
1537750967973724161
1534547286700720133
1534864022687862784
1535562053955604481
1539593884157837312
1537768885751279617
1534342516375420929
1540378439936798720
1533836103693778944
1537804537859346433
1535295497891717120
1537850779155021824
1538501447985266689
1537859327159156738
1538023852239749124
1539031364695203842
1538518375667798016
1536639028958830599
1534253199800119297
1537346696518197248
1533143621767159808
1535790064940515328
1537832238343151620
1538881707981656064
1535636786822713344
1534258437189672961
1535517148952645632
1538805111098679296
1535411149390364672
1535350916571877377
1537880718684041219
1535506871901118465
1535323998027927552
1535553996043190272
1535293121881378816
1538074582669832192
1534240732113948672
1535350993789009920
1539430426959298561
1539932092179546112
1537867632455589890
1534250399456182272
1535490460772405248
1535297535618826247
1538556551987863553
1535580598785523713
1535624137254834176
1535294775850680320
1535305804580106240
1540267736755994624
1537684982076002304
1532740667633455115
1537804136334467072
1535373508133343232
1537811153979641857
1537772276019511296
1537736613681414145
1534268482480754691
1539932535949598721
1537798859665068035
1540682075711217664
1534415903630282752
1535320698117406720
1535285848870100994
1535398455635587072
1538895961401053187
1534388569875394560
1534305234008387586
1537872656036397058
1535392857707667456
1535744830596423681
1534243847634558977
1535275353689796610
1537751110143856640
1534518780965027841
1533942780984188929
1535318159124750336
1538500916143345665
1535480216440782851
1533905342521909256
1540386075700592642
1538563494743769090
1537898730023620610
1537364401623375872
1535355406066888704
1531869424986337281
1537820799482089472
1535538799660437506
1536425073732685824
1537725380068614144
1536114478105886720
1535516582843240449
1535524320520327169
1535543929902403584
1538150089994162177
1538054693947047936
1535637892411834375
1535560888920440832
1535306687065767937
1535879811507408897
1538084294366838785
1534953197491605504
1540472096958054400
1537762683176509441
1537910982059495436
1537906292496355331
1535329271920709634
1537740062829551616
1535558768288845824
1537770437291257859
1534241046779002881
1537832367943032832
1538813898685657089
1539005566416297988
1535666623155167232
1537847766180831234
1534886752728539139
1537847057024696323
1535315289188999170
1532418328576380929
1537894393398456322
1533948230161027074
1535407236104785920
1534231320737480705
1535692240856694785
1537839065801826305
1536678531807289344
1537877819006472194
1535704396566257666
1535559993725964290
1537868964218429440
1534513641520873473
1534929843111993347
1537858564433268738
1537926826739105793
1535319064087863298
1535280760978132994
1538672258872385536
1538552256433463299
1533935244973416448
1537740130659729408
1534271948909428740
1535598901335572480
1533880727166668801
1537767378997608448
1535065613017550849
1538052950387478528
1534998037109649408
1534292145598779392
1539863760441151490
1535543395330015234
1535357563872624640
1535268247896989696
1535530150179250178
1537791531964309506
1535548657243766784
1535852256423190529
1535451862152912896
1537918204973940736
1535318040270733313
1540000558102216704
1538042809244078080
1535350394381033472
1539922950517833729
1537886815729770502
1534818621268144128
1538106549117366273
1537750408591982592
1534252350898053128
1537810597911355392
1541542542008881153
1535399525992521733
1534288331731013633
1538130150444908551
1535640752965001217
1535537099667132416
1537753770536443905
1535627934580764675
1535294977206632449
1538049509938405377
1534851582612865024
1537794806830833670
1535468695929102336
1534285632813645824
1537815500377538560
1534415318759751681
1535543123220303873
1541834682999906308
1542447212357210114
1534244664215228425
1535327203168231429
1535305674556579842
1537827711149920256
1537764610757038080
1535544186950262784
1538074768355770371
1537844531672104963
1540009084413480960
1535273034722037762
1539218485586317312
1534243092819329025
1539921040226279425
1535651158873804801
1534239025673936897
1535887309098434560
1541858770246139904
1535747611050876929
1540459532937207815
1537783861605765121
1537805318587129857
1534979385769484288
1532667374398230528
1535658341099352067
1537956774984044547
1535554511456157696
1535259689084243970
1535600391714480128
1535558497382936577
1537922190993108995
1534594895410774022
1534300204039553024
1533787460920025089
1537766640053526528
1531894331149271041
1535352283604598784
1534288946297020425
1537765097845706753
1534046157667811329
1535318321641443328
1534846191866941440
1537809381592547336
1537920391972200451
1535466934988378112
1535777907339042816
1537824442679959552
1531846507309195266
1541038534949326848
1537828964328169479
1534305719054438401
1535666738523684864
1534443792299966464
1537963651440574464
1540611248714354688
1538774693670420481
1537812504193138693
1539259970692210695
1534439848496533505
1534267277339725825
1535243384222363650
1534823429773619201
1538120552627507200
1534908469551169537
1534526587902775297
1537767385956073473
1531868753633366016
1535298617577193472
1534336160348229633
1535176964797083649
1537853204167331841
1537853695043452928
1538789958760243200
1535349156189028353
1538840873298972672
1534244917966426113
1535620908169273344
1537899448151330821
1538862572459499520
1535954950806814723
1535155392979804160
1535540124603260937
1535490322649718785
1535559001269846016
1539960453836591107
1537895982225948672
1538455552602284033
1535552908527288320
1535274460051275778
1533791889564045312
1535544205384327168
1537816223467061249
1538604394761048069
1537868601310470148
1538577067511529472
1535315340892184576
1535644615415578624
1537808509814951936
1535401259619983360
1535744631723409409
1535385517679955969
1537761553562345472
1535650359649128448
1537782966453141509
1537803550092365832
1538043089520058368
1534289538423693315
1537865465195798533
1535292765814284295
1537868055182721024
1535640051790618625
1535316448360398851
1540705206236614657
1535669190752931840
1537896133262880768
1538477788944031744
1534141712012136448
1535548627451510787
1535412040516485120
1537902882883653632
1535670636743475200
1535576347933917186
1537847934267572225
1535284237204701186
1534248371824861185
1537799817665060870
1534499007988367360
1541436015650476035
1534184726025621506
1537880341456617473
1537738460789874688
1537783999195623424
1539924958335455233
1535397526400024576
1535541455791566849
1535500116479684608
1538043052450791424
1534306783191343106
1534429262966833152
1534201028052131840
1537968938411143169
1538176271829590017
1538057018174496768
1535191238856556545
1539513056899878913
1532803088209289216
1535839636962295808
1537767288639827969
1535349762903670784
1534539650915868673
1538108878176542720
1535274286696505345
1537903921716293632
1534989067225645061
1533154037218127874
1539217867803176960
1534233021838147585
1535629254075076608
1534317844984365056
1532982319606284291
1534787126461702151
1535582045149310977
1540019307920478208
1535168289353105408
1535337938938220547
1538033508756914176
1536091796954042368
1541669777961357312
1536094587411898370
1535368992696696832
1538036651041165312
1537798580936790016
1534955380278710282
1537827777088565249
1539707145205293056
1535567500548636674
1534219219344179201
1535963987015237632
1533776357087399937
1535223636138901509
1537757755796234246
1535565791126511617
1535299329052778496
1537905189335683073
1534920514925481985
1537733755275726848
1535723285400494080
1537808768582524931
1537745476300292098
1542515046277713926
1538776501604257792
1535643353424986117
1535340810438426625
1537919537785364481
1534241545293111299
1534231682282311681
1534434487777603584
1535053209986793485
1534884150385201153
1532652279555309568
1539969746786869249
1533180370618834945
1539034819199438848
1534242698990845959
1539946460053209089
1538052617640857601
1538077990042619904
1535364419542257669
1538899417071329281
1538063460193427456
1534323579130728453
1535293870245916673
1535327860709380098
1535626473649881088
1535359598185545728
1534827958375940096
1538521442144468992
1534265952803729408
1535626160876535809
1533928679981690979
1534816073748447232
1535327818233614336
1533764732187983872
1538578917837180930
1537930597720395777
1538187002050498561
1534634156839383044
1535335820277731330
1534875664796553216
1541894437814558720
1535351129780936704
1535548500146003968
1539496001395994626
1535316227081572352
1534869462012284929
1534890587417194504
1538648303897915392
1537792767279214592
1535656983008796674
1535306715591282688
1535515384635346944
1535578455504453632
1540062161820688385
1534921547219181569
1538093513904111618
1534543785845309441
1535552676590755840
1536018443761242115
1538563556639182850
1534449164511232001
1538626324419444738
1532074234729877504
1536798555582734336
1534283188578750466
1534283073419890689
1533979546151788545
1534490470105108483
1539926398198026242
1538057515052711936
1535635994493562881
1535386722326007808
1535232097039917058
1542648532838060039
1535441643071016961
1534477296945569795
1537934975739170817
1539922122608463876
1534496944537714688
1535398234432102400
1538595393340067840
1535363076983234560
1534289172806127619
1537890647369129985
1534235550517010434
1534960722886676482
1538659021363761152
1535344888165851146
1534241493715759104
1538548414262149121
1538074781844656132
1538518118825439232
1537831273405743104
1534286497821630465
1534316004821680128
1537907397531815942
1537047188941033473
1535271371168784386
1534293124985540608
1533732923886772224
1535870499615547394
1535316461685813248
1535513323235581953
1537927480408887300
1534594924083040259
1537869982423560199
1535663035116933120
1535525857040781312
1535293242283118593
1531892063263936517
1534827086308859905
1536108796245860355
1535507643040677888
1537779093315502082
1535652183269683203
1534513836086153218
1538522260306370560
1537858742624079873
1535153213481041920
1535343066927845378
1535172832388386817
1538070723960373248
1535591360518053888
1534242824220291072
1534240478945763329
1534195120756736002
1535555072565862400
1538485214799855616
1537923365939269632
1538115536462262274
1537740654532509696
1536428404345643009
1537827289517461504
1534271749747003392
1534799901091155968
1538452938833657858
1535489272656142337
1535303748414754818
1538009609964638209
1537804272796061696
1540469859317866498
1534594031354773504
1533884913338011650
1535335513019895813
1538092211946012672
1537893869148250119
1539924214387539969
1534203052055531520
1534808320644718595
1537917010130051075
1534268901860810755
1538452858345078784
1535311853877960706
1537943996084785153
1538808469356265472
1538060207472910336
1537787728007421954
1537849806957203462
1537809369932484609
1534242488654897155
1533805284417753090
1535272747655364608
1534243009574862850
1535291208171388928
1535391170104270848
1534228159410933762
1533881349786030082
1539033895563403271
1535514001253322752
1535305244103651328
1534232297926447105
1534244208827056129
1537793283627286529
1534240891547881472
1536781966913286144
1535558525900005376
1538524564761718784
1535554954047459328
1534255135559385090
1534971269795434504
1537909580381814785
1533948004184489984
1534886650211454976
1533471950156312576
1535298739954401281
1534894228513468416
1538166220402335745
1535677764904312832
1537798576692252673
1535582324666114048
1535520860869623808
1535392841639264258
1534642302332854274
1534306815630053377
1535330050723176448
1535604640301174785
1537782210404687872
1534886835930939394
1534257043456069633
1537838971853627396
1534217965536698371
1534636263986298888
1538010302180077569
1534488805042003968
1537796035724075008
1540468890752393218
1535378739462545408
1534875288236134400
1536476292245250052
1535565339118927872
1535672082339614721
1535589926904938500
1535606586240114690
1537916009666863106
1537924922596478976
1537738362458710018
1537747903648878594
1535497348981440513
1535358440268345351
1534286050683764736
1534437022567391235
1534811176353337344
1537858514835718147
1535388248872304641
1534548361407352833
1537749180654952450
1534485997249040384
1538505601466175490
1534840638973386759
1534255973191274497
1535312205754802176
1534421197340958722
1535781037468418048
1537741447461576707
1534267298479054849
1535291304652963840
1535268047598014465
1535557524702765057
1535737016775856128
1537808949134729217
1535353520517525504
1535268548943220736
1537844661913526272
1537863842822250496
1534279038688190464
1537784878258966528
1534278547724017667
1535384648414646272
1535317961334038529
1534252755921121280
1537941991706660865
1535326452622688258
1538274843833126914
1537503177112797186
1537937270493171712
1535189906779152386
1535522324539228160
1537803450096009216
1535611615059578881
1542189528215068679
1533790277261004803
1534232762869219328
1535326264990523392
1537986389278502920
1535758282370973699
1535709274214735874
1534862453422661632
1535329188156264448
1537745150277046274
1531944679260008449
1534862043777474561
1535628870128488449
1534255956669911041
1538014402737188865
1537908382559940608
1537861552426168322
1535415203994783744
1534259745330167812
1537936632686313473
1537886646191808513
1537831819231432704
1534892636250726401
1535395865250172929
1533757512113172480
1535536624905371650
1538048353233248256
1535753284702638080
1537901161373569024
1534291809769340932
1537816837043396609
1535270634904854529
1534553623866314753
1535773707129524227
1537765523445915649
1535353262752567296
1534920389037592577
1535178828288499712
1535432787280416768
1538857662758236161
1535650952316964865
1538805499638030336
1537913239882780674
1531866551929999360
1534236121378471939
1535652845239816192
1534847898210516994
1535360684669685760
1534190103949627392
1537764359044210689
1537839430081421312
1534455753934786560
1538497206130458624
1534236693989138433
1535946934116143105
1534636125192605696
1538005153730555909
1535333926113357824
1534823695574781952
1534270193928753164
1541158401731878918
1538047347653062657
1537856665671946240
1540104853342519297
1536431613088870401
1534231953293066240
1537914745251975174
1538816128922836992
1537764296431747072
1537890389201367042
1535390738531467266
1537844505705078784
1538126867202510848
1539593301908770816
1537762943181508608
1535692904810876929
1535499374234566656
1540974730756460544
1537932915241152512
1537803543314419714
1534232191596695552
1537956318685720578
1534447036921257985
1534268317380263936
1534425084387020801
1535353697596760068
1535326299509739522
1534282244491206658
1541117339944591360
1535560654920241152
1535547146312851456
1534232023547658240
1533971803412078592
1534237237369614337
1538561050123149312
1540060783425486849
1539929664239636488
1534280248367390720
1537767433011871744
1535321524760195074
1536316972912214017
1534268965266116617
1537774837816492032
1537751712496291841
1537866531534778368
1539732309745836034
1537850241793380352
1534782722534785024
1537916054956961793
1535611329914060800
1538517562257981444
1539254396055433219
1537765381380751360
1534644886347124736
1535707042803064832
1535493442364751877
1534993901936951297
1539626596717543431
1534182966812876801
1537910096985870338
1538057008259137536
1535658503242752000
1533870862604058627
1537766917192269830
1535627017760251906
1537767415416774656
1538065458758295553
1538762913690828800
1539684417785962496
1534862434510454785
1535268392449495049
1539244552506179586
1538141927769616385
1538053774920536065
1535584780238176257
1538536425053904898
1538275419769688065
1535612616059543553
1535013757600030726
1537911834027520007
1535302989744840707
1534330516815724545
1540303078175408129
1537781188265398272
1534491018397196289
1534949860041965568
1537811699931168771
1534284904825077761
1540061200595095553
1535607343085494272
1537818076976136195
1538811948409683969
1535624253562920961
1534066220441423872
1538234321517043712
1534246986114863106
1537843517409611777
1537817751955308544
1534402905998036992
1535153808963158016
1537871117196709892
1534645787736563713
1538453313435353088
1534239978460520449
1538231993015623680
1534219056085143555
1535623123990634498
1537842309752053760
1532796090076078080
1534616020807208960
1539600370196008963
1533738774705864706
1537740535376510976
1538046982568169473
1537815523748093952
1538840481865650176
1536431736523001857
1535300516594733057
1538458378363609088
1535364241288462336
1537918394594250752
1534891301996482561
1537947304556081159
1537914143847505921
1535372414913216518
1535492571161628672
1540063837147258880
1538907809462493184
1534233412021649411
1534232964833456128
1535392364549791745
1537774185082241025
1534238209244274690
1537774115448410117
1537834224471969792
1535558892356345858
1537909396499378177
1535543302820446210
1535646672621019138
1538877249704931328
1535374200990584833
1534180028061294593
1534239612301975552
1533369964551458816
1537798680119590913
1534940890556407808
1537772373902082052
1534248735722831872
1535388932141088769
1538038631100727296
1534864884340596737
1535310545011736583
1535302310208983042
1537926290304475136
1534811426409390082
1535596682414632961
1535335949084897280
1533758852830748672
1534231791762120705
1534442602807820289
1532680218086883329
1534411711234682880
1535546316041998336
1536108720555495432
1539837306630295553
1537827529981104129
1537823091895808002
1535305963296768000
1535319772535087105
1535788317165637633
1534238769586524165
1535390456959352832
1537891811892441089
1532677755590033408
1538121683512483840
1534189725589831680
1534277577854050308
1534833194792534018
1534819118423187456
1535728527206756353
1539940489973088259
1535304041303089153
1535395744575807488
1535399745438593025
1535590099823517696
1535351480756092929
1535315569540464641
1534444673309323266
1533738849050017794
1537855165944012800
1534657669893656576
1534823501999251456
1535274508084715520
1535314782378766338
1539863872781389824
1537931202182598657
1538505953296977926
1538064345208442880
1538094361510027264
1537183328679235584
1537869985850085381
1534853107003408384
1534819788501000192
1535307148770562052
1534252167124729856
1537752757372964865
1535388649335947265
1534239870020902912
1539363882195640320
1537919278552190976
1537809883554250753
1534209594834272257
1537471894303256577
1535650342943195138
1535337387353595907
1535339057936474112
1534232385889484801
1538636257106042881
1538132088859283457
1534257284892835842
1538197794875494401
1534286267973779456
1534237751700234242
1534185598273130496
1534860659552407552
1534278783099887616
1537768427183607809
1534630815145000962
1534539730863501313
1534805536302149632
1537856819523117059
1535269232384036864
1535435457827422209
1535500189267533824
1537794248568979457
1535464738548764672
1534800579813224448
1537835035029553157
1534265868280020994
1534237485869502468
1538201258535931905
1538035244569337857
1534271900666535936
1535545279977594880
1534910392358535168
1539731958099476481
1535622556857794560
1537886157144350721
1539987827869552641
1537927253551509504
1537976515102527488
1537825136228851718
1535369854793854978
1537802092844396544
1534293157898248197
1538553920259244032
1534810621660827648
1540025131921285122
1535212912746409984
1534268465313366017
1535312703337766914
1535407454149914625
1537825315946483714
1535309115580358656
1535544772949073920
1535277345933864965
1538759899462651910
1537785891413950464
1535278792658255874
1537798528663183361
1535023726831587329
1534030256130166784
1534430543848292360
1535166451044257793
1537895562078347265
1539972900169519104
1535394275281801217
1534255061832015872
1537766308422504449
1535697861278519296
1537936346072768516
1532100420163756033
1534202256463122432
1534190195456737282
1533864098370408448
1535268510720483329
1532350466109087750
1535543664423870465
1540458630293737474
1537847396624998401
1539031971321479178
1537835680117755905
1539002373686927360
1538514224347070464
1535294316167544832
1534233120043679745
1537751895594487809
1537751884336971776
1535303737459318786
1534483300198268928
1534609602016428032
1534474880602750977
1535412051706888192
1534248292313333761
1538932870575710208
1539924582626459652
1535292242155515907
1537858023401705479
1535315793944236035
1537769617220845570
1538814679602036736
1537546791146643456
1537928198284906497
1534503862656188418
1539981689090359302
1539032302407364610
1534284142996869122
1537827736386928641
1535520083195441153
1535400036334542850
1533865418493939713
1538050793164644352
1534240697817214976
1535610085770158081
1537863148346163203
1537799171176013830
1535421002435411970
1534496122277969920
1535589251601113088
1534251297767030784
1535442651155243015
1535000479926722560
1535558941211516933
1535551054783434753
1534920601017667588
1537738710330007552
1537836978942746625
1534295678788194305
1538533980949164032
1535373446141837312
1534481931471310848
1535350692369600513
1534531717951782914
1535292423391281159
1537957577589284864
1535316453590720517
1534266528601882628
1537797891128958977
1539152788277678080
1537748568961953792
1537851860132020226
1535270232885014529
1534491818536189952
1533190591424651264
1538480961821745153
1542411399552434177
1534498333607268354
1539950099064918018
1537794582901039104
1534237247243001856
1535504226280939520
1538024480231936000
1537822036864770049
1537843370558734339
1534550714990661632
1537912040307601408
1540833791681388544
1537764911580864513
1537873738548621314
1537762093520257025
1538091613712531456
1534449528706826240
1538912269957996544
1533894899245780992
1535545810586329088
1537805029675081730
1535860727008862208
1537756184945606656
1534219052259938310
1534446129684926464
1535545383606276096
1532772059067125760
1539671577783984129
1540500043899305984
1535513983213608960
1535281712866918400
1538057474833620995
1535301022536585221
1537861684206895105
1537742490844942338
1534236972448894978
1534262278295638023
1538088290124980224
1534827646554603521
1535659594831257600
1535577165772861440
1535388398000693248
1538887649942982657
1541847820675809281
1538512264495616002
1538065097339322369
1535332654421356547
1533421594659459072
1537831324878356485
1535561751097491456
1540293498699644928
1537803713577984000
1535296272143462400
1535326867502387200
1532662398456315910
1535554873978241027
1537765379417812994
1537843458160963585
1534371894778114048
1538893412161802241
1537781408491802624
1536773387858714627
1539984511647318016
1537827581059284994
1537153984204619777
1534279839179542528
1535649919008231424
1534815476349534208
1535718465444651009
1537927118360760322
1537734880162873344
1534247194303373312
1537773870010212352
1537793091293552641
1538470550779092992
1535338002821615618
1537857015128772609
1535503679155060737
1539919495732535304
1534810814879866880
1534232774449692674
1537772763888472065
1537023238567518210
1534544463191744518
1535461507814903808
1537739221879906307
1534259097675104258
1537841529376714756
1541435664712990722
1532518488425775104
1535513904926928896
1534239824315564034
1538037507606052864
1536094968728940544
1535295520515801089
1535314593597337601
1534460723102990336
1534261530526613504
1537803328301592576
1534307224025276419
1534242684180877312
1533949324140457984
1537370755205414912
1538658011127889924
1535380696222806017
1535314020651126788
1538840854676348934
1534286023815057410
1535562500195901442
1538047294418853888
1534826016593657856
1535317019045896194
1534264113744031744
1535392837998678018
1537824713967280130
1537811093543952384
1535308445456400388
1534443520710397952
1534025742505414662
1536024655349403649
1538819366032396289
1535569281366298624
1534242627729731591
1534293969680621571
1535297174027870210
1537734800043294722
1537892644642205696
1535533963057500160
1534970177133105173
1538139762476912641
1534269990186131457
1534835405119430656
1538488122178260993
1534624287281360897
1538963411966406658
1537888641770369024
1534244084184907776
1535315725417586689
1535543715367989248
1534969916671021092
1534402299900084225
1535564697453441026
1535384726361583616
1541762781921349634
1535316405570228231
1534123335986077697
1533949558190899201
1540253154629062659
1538130036477378561
1540264646422167552
1538137674959265794
1537783616314408960
1534563674538508288
1534899942199803908
1537815196194033664
1534193044089716737
1534921012214644739
1534871354683580416
1535410134175842306
1535376401049829376
1539272153018810371
1537961420695871489
1534303735106744326
1538097143885463552
1537760606778011649
1541916418047983618
1534278282648207363
1533756427734589442
1537879139255918593
1535316063373729794
1537893591699161088
1535387115663540225
1537757456817917954
1534252626660950017
1534033682088005633
1538891639292416000
1535408722788376577
1535304724529946630
1537846981002936322
1537770525493182465
1535574613631111169
1535332209003048960
1533947723015143424
1539833663512363008
1535029435446984704
1535300361065574400
1535364913820049414
1538068058924777472
1535300066034040833
1539988031318507520
1541230368258392065
1534807340481921024
1535593030794809345
1534969448519585810
1535473979485462528
1537809911123419137
1534237340939522048
1535371030667350016
1538474218135986176
1537912788399468549
1535723533262893057
1534958724867149830
1535500126583767043
1534259260758138881
1542078687528587264
1537923970518831104
1535587026497568775
1536808727189327872
1537763309834977281
1534270408014413824
1534532674584453120
1535408213734182912
1537903091046969346
1534886261277728768
1534256380919570437
1536411685380050946
1535340672886128640
1538094299488862208
1536221049699835905
1537793772540637193
1533800135989264386
1537967035946217474
1540298898203353088
1535603822265090048
1534875884838170624
1535971355287597056
1532763457640079361
1537769456583294976
1535649303452172289
1537866550694354947
1535898158747865089
1537829575283159040
1535621004076240897
1535522536028528640
1535376159172706304
1535606590920871937
1538493286926761985
1537733346612203520
1538490666233339906
1537935079845945348
1537918854633902086
1538059628709351424
1535032858552705024
1537845056555692034
1534801514073673735
1534240535426351105
1537516945171533826
1537931677766328323
1537918522218557447
1534238432880431104
1534403990716284934
1537766616808796161
1535567714227568641
1536116236886712321
1533801381118849025
1535646272895565824
1534189457624162305
1535339134109335553
1534899844459921408
1537737914842488832
1535389899486027777
1537889198488682497
1535585784648040448
1535418329250283520
1534241871148498945
1535167286461464576
1535393655166476290
1537914357572464645
1537853944768118784
1535309692729282562
1539592940191989760
1534270300220792832
1535489873741762565
1534943942411792384
1539608051082297348
1534971486439624712
1535268704933535744
1539847481697124354
1538048474771488768
1534885249515143168
1539980119053303808
1535302154013052933
1535580613582921733
1538685598369718279
1535997914073513986
1534241173895892992
1537894546469625856
1533756730177355776
1535565542463004672
1538002195307589633
1537941753424056322
1535446307195736064
1532116943376990210
1534432290591461377
1534266730771582978
1535269256115650560
1537902888021655555
1534285684147732482
1537809694542204934
1535527542547009536
1534086350009507840
1533957463044771841
1537913667269718017
1535298415705436161
1534444879895572480
1537799268387504128
1535340941808115712
1537942861223628800
1538516125235003392
1534261999324041217
1538527828852998144
1533191869190090753
1537753119790186498
1532673270398562304
1537835872044953601
1535572975184912384
1535708872266096640
1537815299948421122
1537792034236506113
1538175831079628800
1537849027001298945
1534241551471333376
1535606754347819008
1539925670217801728
1535591969342234627
1535319645074382848
1535546983921946625
1538297367941861376
1534302638392717313
1534241353596559361
1535550424354328576
1538261770103668736
1534265666957623302
1534257632768405504
1534487610688684033
1538846718007074817
1541758708098732033
1535648379933425664
1534445609041768451
1538836229051105282
1538100943895646209
1533894588708139017
1535543896108941313
1535360136390270976
1535310299204669444
1535629261142478848
1535350972859486208
1539928955683278849
1535344962321240067
1534237297650065408
1538159562028638211
1537827452042592259
1534216454890979329
1535374243499651072
1540305190846357504
1535594170454245378
1535331838432104450
1533972338273837072
1537849089248972800
1537755869579984896
1535365810130149376
1540981109453979648
1534243099567964162
1538072811838877696
1534592350344859650
1535294833731960832
1534895222374780929
1535315606538444801
1535350871361478662
1534213665301442560
1535564681506701312
1535503764593025027
1535516615097335809
1535316605160280071
1537844801906810881
1536352992529719297
1540074339349004293
1537427107839717377
1538060750895255554
1535567822000103424
1534836594313678853
1539750050938626048
1535036193322291208
1534269315461132289
1541842399441436672
1537882342382940161
1534255511499161600
1534447094332899328
1534646792213635077
1534480174904918016
1537898767390633990
1535391635823022083
1534255615438163972
1535372932142211072
1537904908552196097
1537781776000876545
1532099796982722560
1535019915983441931
1534244050190098434
1532099652899721217
1534918670262145025
1537822906520051712
1535601104314109953
1538094061776781314
1535397766058344451
1537816496713367553
1540547675862466562
1534257761634160644
1537895711760519170
1534199389194960897
1535943021098942464
1535365675933392896
1535169058768822272
1535190095095013384
1535292680674193408
1533812145279975425
1534271172682076170
1534237754044911620
1538844682268069893
1535545613160439809
1535382599384076289
1535280893027405825
1535380562390798336
1536667362136666115
1535554317352112129
1535637089098035200
1534240043522482176
1540018525632430081
1533790945484935169
1535604298595319809
1537742948531585024
1535597610110787584
1538563374342189056
1537821416674017284
1531880562239193089
1533759130464305153
1537758064190930944
1535949564636803072
1534253188785766403
1537894477724995584
1534920867641278465
1535352792386310144
1535378113575768069
1534240113483464711
1534232083555573761
1533889426824253445
1536238966122373121
1535550918292283392
1535300947718688768
1535557033176580096
1534257600728031234
1537887366299324417
1537841265622011909
1535378406715580417
1540833291732910082
1535474647726272512
1536569152332255232
1535549400843419648
1534228605248622604
1537913578962817032
1535320258856230915
1538590907905236993
1535704983559102464
1538099985694265344
1536674214245240834
1535317664406679560
1534242799297634309
1537813829983227905
1535282703532183554
1535318183183364096
1538123679975997441
1540243377895227392
1535655149385007106
1535573608348667906
1538143882176872448
1535555726067875840
1535303876294975489
1537880493118566406
1535359500345024515
1534554074309222400
1535324758417473536
1538492713720586245
1534464910075232256
1534936302809915392
1539000648141836289
1535511771334721537
1535204511085735937
1539963211419623428
1535268350967914498
1534932875988160513
1535328394774294530
1537878013009874944
1535569780782022656
1538718476424069121
1538559423697887233
1537819935723991040
1534562945769824257
1538187777929580546
1537835211139997701
1535636290309439494
1535619390414233602
1535379177012088832
1538504508078276608
1535355549751066631
1534330236682346497
1537831082179043339
1537811544725237760
1533920940094259200
1537933875141152768
1537784611807297541
1534236561558085639
1535323584180146178
1539982668363874308
1535095795862708238
1535315241852186624
1539289392719732736
1537803260605747200
1534967891367448592
1537769203469586433
1539852700397051904
1535551086727254016
1535318396702703617
1534941993834622979
1538841195123818496
1538057338149490688
1537834504458588161
1538062297918324736
1534275705277661184
1534921152589701120
1534872389431046144
1534386262282575873
1538952811291066374
1538147546165567489
1538592743219503109
1539145275398307843
1537870105882812418
1537836541275414528
1535543570110767104
1532716284474974208
1537782990855712771
1534458212291907585
1537738656127107072
1534238190328061953
1537899240214564870
1535039447124803596
1535561223659749376
1534461143162527746
1534550439139713030
1537948702588796930
1534891757866995713
1540454377244315648
1535667552453640193
1534266484092207104
1535445335744647169
1539605652577964039
1535528528334278656
1534869276909346817
1537892174825541633
1534241856128679937
1535445205410713600
1535375081785987077
1535315487894142983
1534832410780737542
1535303710561259520
1537804999367053312
1535358430575312897
1532570930668572686
1537956910099353605
1535686030149443585
1534920633368330242
1535416148128317443
1537791293291696135
1540187799600734213
1534557335485562884
1534902802744586240
1535574200488022018
1535311756029046785
1537852962760015873
1535291454599442432
1535608409608929280
1540590953802731520
1538516801772036098
1534325325039034370
1537829792686407684
1533858137077436416
1537748673316134914
1537917991458746368
1535562045713702912
1535529661190520834
1534289295502200837
1535564582474895362
1534544062736388097
1536827963160797185
1537781636305145863
1537794219644960768
1534531829453279235
1535311414054772737
1531868569960648705
1534980000948142103
1537806291741069315
1535544337337143297
1537821141947097089
1538547857954951175
1535589786366447616
1535188412877127681
1534484442923810818
1535268455024365568
1538051407399501824
1534852107542663169
1535292215425175557
1534245608822915074
1535868921202581504
1538231441187807232
1538545609707343873
1535153776960602112
1538116290254188547
1535736005990440966
1535509348079779840
1534887932208852992
1535728175833133062
1535580930173243393
1535383506641203200
1535305395459301376
1534233070236225537
1534256888753360896
1537897675428810753
1535379763589783552
1535578189707239424
1534253894792007681
1539954291615666176
1537845981554741249
1537865109170798594
1537844453129453569
1539167362271920128
1535389588449017861
1534973800948846625
1537766736262574081
1538066292594417666
1535040162111029248
1533942566802137093
1535976458480406528
1538631687969640450
1537926312781705217
1537837299412742145
1537944883599581192
1536098439951417344
1535350743376531459
1534274785248780288
1534285642817064960
1535383894329024513
1537855010859536385
1534256864103436288
1533778847551954946
1534271557119492097
1537748942842216450
1540211327280488448
1534238262348460033
1537818081757745153
1538167716510683136
1535566189845286912
1535357053585309696
1534241662091898888
1531867875488804864
1531868686679740416
1533683233602273280
1535375683685261314
1534240953669668869
1535338011201880071
1536069747665690626
1534292890259709953
1535549316273676290
1539494751849807873
1537816482473705472
1535425170969702401
1537794015172734976
1535642672215515139
1538569058408349697
1538864778223001600
1536731352535642112
1534306434107813889
1538170011558223875
1537956408188014599
1534673464765841415
1535538212596236288
1535299039062802435
1541899505251106818
1536041985408126987
1538517487356203009
1534268480979193863
1535736795131961344
1538290619659034625
1539685535723261952
1540455647120134145
1537894778150432776
1537854049084755969
1534259633023500288
1537917866711740416
1535401239462158337
1537763341183160322
1537955138995859457
1537771670521380864
1534239798835257344
1535323376264298498
1535349788471967745
1535730959760629760
1535296710196568067
1535316529448988674
1535496163369132033
1534282907593891842
1537771205079490560
1535700976182632451
1534592475096133636
1535296975893057537
1534405484026937346
1534834574727032834
1538054718894768128
1537952172855373824
1535712557264412672
1535353728248709120
1534938501501820928
1538059506365747202
1537813203526230017
1537828812628574209
1535401396928905216
1535553248597254151
1535472693541314561
1531888956652015616
1534275683198836738
1537757759420219392
1539923642427097088
1535648044590542848
1537738919944519681
1534922154445258752
1537817039208849416
1538824315642302466
1535582725675040770
1535546719802478592
1535336981323993091
1540076970754678787
1534274773781446657
1534464332813287424
1535548070141779972
1534410481007468546
1535385774065176576
1535167495962873857
1534561975669346306
1535543266405404674
1537896000349622273
1535296727544217601
1531873421201661953
1537886978426822657
1538091606032670724
1535349437899341824
1535572026110648320
1535470542261784578
1535681414976397313
1538599213197574144
1539923964423815169
1539929921174265857
1538042181574971392
1534929837877604354
1535702129205207041
1534247758479216641
1534176271911075841
1535340504971239424
1534259158018576386
1537780369205886977
1537763086203031552
1535578145595826180
1534807930314412032
1535190761704144897
1534246997514981376
1535632483772944384
1537910281518477318
1535548847702822912
1534546533990948866
1538151683045433350
1535433238012911617
1539200350074261505
1537805781642379266
1537733858132692993
1537912609860485125
1535547407483781121
1535356295766855680
1535315237154455558
1538549267693981696
1535802734468800515
1538541377130217473
1538923913505275910
1534238045670612994
1539704599334076416
1538507499606880257
1535489208365850624
1537893248668037121
1534263318784917507
1537921239716483072
1534245200771555330
1535319364357980161
1535557254962978817
1538983293110177793
1534232595772452865
1541430531153338369
1538515445615144964
1538827644770435072
1534231504238288897
1535380193652707328
1537912486476648450
1538228856649310208
1539928897025757184
1538115458985086976
1535376553336504320
1538961645070069760
1538206908397543424
1537996410225713153
1535315126475182082
1537798831248637953
1534986105468006400
1538145354251751424
1535636467455762433
1535298661327962114
1538046273005264896
1539943730869932039
1535373071418376192
1537888942845964288
1537742665592328192
1538436188389908480
1538431700769947648
1537917591162826755
1537827655990579200
1535382553624039429
1534192820843597825
1537873943721390081
1537815527841726467
1532999849846661120
1538053061054193664
1534232027079364608
1535274784820543491
1534502629384011776
1539707625742503937
1537890497322045447
1537830470226006018
1537787792834670594
1537771660949995520
1537754490866114561
1540054214675668994
1533960188037943296
1538517890768543744
1535568307914407937
1534441138433703937
1535580635666030592
1534971227349078021
1534442022446170113
1538081620720230400
1537752234221613056
1535329368494510080
1533978032372867078
1537892563209728006
1538300357247475714
1535543815175643136
1535272339973324800
1535534397293740032
1539963428822851584
1535574209581273088
1535252603679805440
1537930952185327617
1537830454384021506
1535555922529067008
1535318355023904768
1538629660078219266
1537860596905000965
1538957734787403778
1537771064280989698
1533971892440387584
1534269159202246658
1533954639548321793
1533952028589826054
1538512555659894784
1536673861617467394
1537956512793956353
1534272939595644928
1540498224720613378
1535348460576198657
1532683232377970688
1536324757955698690
1538279971550003200
1540714668284448770
1538594552277245955
1538511624981598208
1535319309970558976
1535940998982995971
1535292472762540032
1535419047831121922
1537884000101859333
1535373106407419904
1539930436134133760
1535721208322396167
1535634488578940933
1536475362703589379
1535541859078094850
1535500779926298624
1537911617014272002
1535996374868697088
1535355379978313728
1537772068498026497
1535416392022900738
1538190790727548932
1536023297783111680
1538062273742262272
1535626468713168897
1534238879603204099
1531872307786010626
1535484927000694784
1535625460079632384
1537846484678344707
1537801425857691648
1535352086921093120
1540079237478113280
1540065776371122176
1535514204383346688
1537892543211315202
1535299604719316992
1535527364213497856
1534601002875293697
1535319541781233665
1534815802213515264
1540114744551657472
1536093025780244485
1538056287723855873
1538531265363816448
1535383919108956160
1537837462696992768
1538275442142195715
1533739643992256513
1535887644244189187
1537921230153474048
1537767527350259713
1537754853258285056
1534244639053647872
1535569122897035266
1537061677937598464
1538231501464252416
1533920004424572929
1538782193463484416
1537867335113101313
1535584451022954496
1535667195304456192
1535567162760372229
1534468503410991105
1534245289627996160
1533955179170652160
1537919846574280704
1535379926513221633
1538456127129755651
1537862712243507202
1534100991305555968
1535337329761591296
1535660507054604291
1539703123647905798
1537889094805491715
1537782465619709952
1537910168972763138
1539596629472428035
1537846073045155840
1534535875505360897
1534497530280648704
1537826129448427522
1534310550016036865
1537803906889175041
1537888291185274881
1535554335500812293
1535155356665622528
1533811311620067328
1537801326427512832
1537738419425759233
1537792555378696194
1535344204351668225
1537872996198764544
1537830989099159553
1537866729644339202
1538454026714501121
1537896697581383685
1538637230851428352
1534545634916802560
1537917101389713408
1535557825576980480
1535546918423736320
1535440748803497984
1537815680703242245
1535270333002964992
1534261822190141440
1535599121331003392
1538517475939307521
1534280934068994050
1539247936265150472
1538560256795586560
1538558214656118785
1535294468089339905
1534508848416968706
1536499590081429506
1535410844980355075
1537946324368117760
1537836562960072707
1535278833968066561
1535358777960148992
1535384189448880130
1533937544689328129
1535372822222098432
1534453746373214211
1538813911864066049
1538779913351745537
1535297517335855107
1535388434021470211
1535304264817467397
1538828523720384514
1534917254651027456
1535154311013011457
1538088751481733122
1537794980139393028
1535306440436588545
1537755432823005184
1537834479313641475
1537728664183484416
1535320868393451520
1534849157378211841
1538914733180563457
1538647443323113472
1534083951589003264
1538110091244752896
1535583278081708033
1534278274750287873
1535628018865029123
1532677719116349441
1537839839302778886
1537793554025693184
1538808939248332801
1538056266781708288
1534274844623360002
1535657129465479171
1537907608505356291
1534490209416626177
1534234090664251392
1537844693584826368
1537907094858260480
1534264788683051012
1537829331954810880
1533979788750249984
1540005938303729666
1538830032839254016
1539946024327847937
1538747079031390208
1536206842661150722
1533588087380619268
1535403125749821441
1534327484874952706
1535343318938296320
1535348517903941633
1537771938298445824
1537746144557670400
1535378081820680194
1535341373309984768
1535363792359628800
1537744116716556289
1534834846417182720
1535590176730259456
1535363497185394690
1538455153568894977
1537893784117125124
1537765851666989056
1533738828867018752
1535358087615373312
1535598823501881344
1535125265747267586
1538560063748689920
1534195931385585665
1535183940394266625
1537821508718018561
1537753235301273600
1535314091170054145
1537731853368557568
1539898731998449665
1535365969069101059
1534437475690635264
1536130207102509056
1537835376538157056
1537924045785550848
1537751054112198656
1535655329861713920
1534255556432744448
1534184605070270466
1538483715038490625
1535366701948276737
1534192564189945856
1535692263841480706
1538000685475561472
1535403047177838594
1535701930202345474
1535634648931438593
1535535975497183232
1534240423547441152
1535362989028790272
1534544733644660738
1534368389313048578
1540839746905284609
1538212913927835649
1538966286033731585
1536092543582187521
1533869851046993920
1537739738173538304
1535378438797897728
1538539830547718144
1535362474723221505
1535295884107386886
1535353410865733632
1534802584757739522
1535516987195019264
1534446490814402561
1535594716808486914
1535543321824829440
1535311204331278336
1534241043448741889
1538573488780460034
1535589255778549762
1535919392566956037
1539716350112940033
1535507212961042432
1537849776569458688
1534257473766424576
1535441273204658176
1540108219485503488
1534255640931192833
1534250015841038339
1535603426876325888
1537768853735866369
1535416035079241729
1537817247137284108
1535546033631121410
1538048150648266752
1532694776478371840
1537832132806164480
1534253211955118080
1537919832556851202
1534232488838569984
1534248650641137665
1533761866014633984
1537808608221601793
1537748180351295489
1538589299515457542
1537929454780985344
1539597484078637056
1535690419937456128
1534236478091546625
1534920689030938624
1534197796886159360
1537887447975010304
1535641741319102466
1540036974236639232
1537893976799186944
1533523493903532034
1537782576613670912
1534238002628677632
1535317135848886273
1539936744619085824
1540630838433415169
1534055598718963712
1535432866112458754
1535738791796920321
1535331310184677379
1535319595027922944
1539152853025144832
1535382913734168576
1534241378770763776
1538082794664079362
1537771444838481921
1538823279024263168
1534259637054320641
1534231794391961605
1531888426504552450
1535278961227350017
1535669318037516288
1538566776103047169
1537738199191244806
1537806947021471745
1537753901356695553
1534258132070936578
1540212901687984130
1538266172604416002
1539997509333966854
1537782605063520257
1534241335015886854
1535594086773755905
1537926088667459586
1535384756162027520
1534944254874857472
1535499523065360385
1535551077432664064
1534440286994186241
1538045408752066560
1535403910575411201
1535332157584965635
1535269050959515650
1535291892333744129
1538841327152005122
1537924566713937922
1536366116884422657
1537860560884310018
1537810564805709824
1534813459988287489
1539693852038238210
1537724905764048896
1535681296332115968
1534214788649086977
1538465919965470724
1538173008212332545
1538061022422089728
