1432459738994909187
1423190259563630593
1423030424603869188
1432348669206990850
1432453855472672770
1422981858837553155
1422101907464654851
1432641553600765959
1432303248199847945
1426617336098926596
1423128850809098242
1429160662492647427
1432314566009147399
1430831610103050246
1426136136100024327
1428881243668615171
1432271001052717057
1429112240175726594
1426995363983073281
1428956252391059458
1423417871712014340
1423647709291061253
1430608501076811776
1432713415269785602
1432322605940461569
1429040884293722114
1430803554814644225
1428861824603152385
1423032313437376514
1430987451632431105
1422997704481943557
1432270886544060418
1432282363518664707
1432336073322074116
1430612466749300741
1429227213963112454
1428384450765901838
1429408504385785858
1430620619935297537
1423083576707457024
1428996206714359809
1426221373240795153
1430692326851158016
1423182585098874880
1431351943843221505
1423019542650007560
1423006716069826563
1430491673054879744
1432264806141243393
1431272651822149641
1430574656784945155
1427956322394382337
1423317788819656706
1432267905207607299
1423033135923662849
1429228278645248005
1428850674389950464
1432548732512481281
1429162202485903364
1423295988526059520
1430622561889624068
1428972898207797252
1423011134240612355
1432271070334050304
1429086505386061824
1429388879212257283
1423192789169459205
1432350597890678785
1432450704287977472
1423366047034396682
1423654577015042049
1428847581153697796
1423773031869079559
1431187928114475011
1429092153624563721
1423269175242416128
1432734451994447873
1422976958284144645
1429010019748614146
1431559889730555904
1432682849161912329
1428959010095517700
1428601198836391937
1432458141338378241
1432434311651864579
1423062881952845826
1423704851133997060
1422991410748436482
1428970400248107008
1432447211732938753
1423192954815062018
1429402317670035458
1425840765717172228
1422971185197948928
1432318537285128192
1432454286345187336
1423033212679360512
1432361755322298371
1432450430836092930
1431966679240687619
1432356112389578753
1422980858710040578
1428352042070724620
1423560551108595716
1423000677194813446
1424723999339253763
1422974203075207175
1431395886316261377
1429450822572728322
1422982176262529025
1430674260738064384
1430831119059111938
1423626017835454469
1430944375404736523
1422990503604273155
1432714974103810053
1423673335301410817
1429064012449390594
1423887573257236481
1429490466790182919
1424024907508240387
1422986433065799680
1432628447952703490
1429483066729316355
1429021544651579397
1423297709486735372
1425457413885468678
1423034149523296256
1432288375231426560
1430780942147280896
1431000027946790915
1432289703320068097
1428954155419381760
1424697034062409728
1423013591372943360
1426856561360650244
1422288698272632839
1432452745257226246
1423736295432630272
1422980440626016263
1423596627768512515
1422999543310868480
1432432785696952324
1432454719906136069
1423753905083662340
1432269227625435142
1432429071812775936
1423188669058461706
1422984598636597252
1432301005522284545
1432255306227228676
1429467159617495049
1432453894261690371
1432286814212132868
1430891241147879424
1431262583198265347
1432313884891828228
1423779568633188357
1432398371961163778
1432549195500691458
1426292054263541766
1422989784671211520
1432406163358879749
1432256098040487938
1422976962377797632
1423006353136787461
1432401110099189765
1423036278547828740
1430576200523599877
1423368626527145985
1429122784513384449
1426223320605892611
1432641845784371204
1422986167440576515
1432276748322885632
1422973775440646150
1432313753874337803
1430600392367349768
1422997810329362435
1428740164831137803
1428386584655761415
1429427159504982018
1432259506965073923
1423055588376907787
1430827048776441856
1423008129168596993
1430868781677568006
1423629664560590853
1422976601722064901
1428933338795020293
1422996279299297289
1431365699998347266
1432463244132818947
1423913110528790532
1423057658249158657
1429134333001015314
1423571599450689540
1422976462865502210
1423731289795047425
1423019337040945154
1422995978102185984
1422968561648144385
1429516950569422857
1430590848228548619
1422982064077430785
1429494161699442690
1431571891202973702
1430840180441849859
1430828480627978242
1432546732089516033
1432447291374424065
1430618816552206338
1423300075309211658
1430746868229844992
1429421667110031366
1429411140417773569
1432603336889470982
1429138812119048203
1430594614185140224
1428994984183750660
1427661386029600775
1429094019066437637
1432463876503789574
1432600140775313408
1430999874179305476
1430568460501889025
1430203993796620292
1429208606868709379
1428880648593453059
1429095424179191815
1423580985359224834
1428991266616975360
1422844481452261376
1431034224266600450
1432028953217314816
1423378881642381315
1432313485673832449
1423654780572950528
1430659664241479684
1422999062723375106
1430937978139037699
1423026290752434189
1427382064094064644
1432530000549404677
1428969887431593989
1429483733686620161
1432621623094530048
1423001396165623808
1423693884463386625
1430623029634215939
1429824996843655171
1432633742334513152
1429512112007786501
1429508718492884997
1428865081782067205
1431337633943330816
1425907506354835463
1432384437719810051
1422976730764034058
1430602325912080387
1422973777441431554
1423369239650619396
1429839004967612423
1423375437502238721
1428327956993257472
1430924948625928192
1422996947611308036
1423019614666203136
1422978506804408324
1423584106340921344
1432450418303508483
1429084197822640128
1428982419571593219
1429334961874776065
1426614157751750658
1423013934190186504
1430609141861699586
1429467661990305798
1422998927113080845
1429501576612352002
1430626207092064260
1432364959070097412
1430945395451039746
1428381001819041793
1429067114162364425
1426248930711506947
1431909404648034304
1429039877958606848
1432296738413588482
1425417875846803465
1432158356425302017
1421697505964797960
1429467002285002763
1430753416335216644
1430619246229340166
1423020859921510404
1428732148429725697
1432453073012723721
1430581240537747464
1422999045228933123
1430589118245974030
1432642901549461504
1423003939331530755
1423003066136158211
1429582551832829955
1432378191201640450
1429313388056809477
1432340956347502592
1423406352878260229
1432327462424399879
1428977695053041664
1432354370469965828
1429427600502439938
1430651293031354371
1429022855497461767
1422114255021780996
1423381183623278597
1429170499268091914
1432264351772286976
1432281334622392321
1432263743921131521
1422997155929903108
1432296925156499456
1422987893535084550
1432390054857543689
1428292596414226433
1432268736459943941
1422969218568495111
1423371405144510469
1432384054989664258
1422988428661215235
1432269759219896320
1432345084398342150
1432267253848985605
1422972387067416579
1429437973062426632
1432371540067291137
1429705502183800833
1429426261537996803
1423735565061660675
1432279745966772226
1432328767087722498
1429021679217516547
1432348280344698883
1423147430619586565
1428678425020092424
1430595755899817989
1428964086595915778
1423199478073397249
1429003221981442056
1428851915236909060
1423403393293426693
1423680822805254144
1424010201796157445
1422974795168243712
1429493554204844036
1429578742565900293
1423406393575493632
1432265167212064770
1432358361928974339
1428981298178273283
1425855481105559559
1422989890405507081
1422989358316011520
1423779436361621508
1432268341889097732
1424771494484324354
1428916606219046913
1423003690307407875
1430596811484434436
1430791333107675138
1430762586350440453
1432443318907068420
1428970472868388865
1430946075184148487
1430736060976349188
1430950683763687431
1432312993954639874
1427582841165123585
1429388784303476737
1422968104745938957
1428989160229068801
1422967980183465990
1423008851872321536
1432454126487719937
1431292285006848000
1423180017350107140
1428970008735100932
1423009719766200321
1422971645543829507
1428699637586726913
1423739649298685952
1430832954910167040
1432433147287900172
1429417397836996608
1423692898420277255
1432404439227326465
1426254604954656773
1429027587498577920
1432295106405613573
1432363986956267520
1423626042665750528
1430950538678575113
1423770094728056836
1423634946451820546
1429038259288657925
1427669962722775041
1423680971522588684
1432583185603379201
1430649570372067328
1429040445208809477
1432044146009772034
1432634737877819393
1429047777187799041
1432620167956205570
1423034092430532612
1432459705226567680
1422973737327112198
1423279764073193491
1428952219987050501
1432740776560168967
1430635692384833540
1426852742027415552
1432459426590560263
1430403501218308096
1430597401606242307
1423360869052862470
1429161446118772737
1432657971104960514
1423362412250603529
1422975219870978049
1430602036819673089
1429580403761897476
1425718422630014976
1422985679622086667
1428436628276715521
1423374758427693056
1422999598365351939
1431365190554202122
1430608300517777414
1429535776396677126
1432617457903091713
1432408064586567681
1430886600976736264
1423652402398388224
1432261279276806147
1422995439951958016
1432788585871257603
1430186403497979912
1429442771924959239
1432517263777837058
1425851605329530883
1429481148950982660
1429496366695391242
1432484046576263170
1429003856067928064
1422995901606469640
1432391209662754824
1428385018716512256
1430594087632179204
1423021773164060678
1422974838734479360
1430834249943375872
1422838172606738433
1423361879632760836
1429456105504219136
1425836590081863683
1423299664338722820
1432573793344663555
1432587594831966209
1432413310968909836
1423039922466873345
1428867912941686799
1432620528607637506
1432308031581212675
1432344095758995459
1429509835935162371
1429449030636015620
1422981327553433601
1422989862454575107
1422476432761106437
1432349289179713539
1432299855150473223
1423405870684200960
1429100865332391941
1431029013523337216
1423003650809548805
1432570579643686916
1431385281773686789
1426222275829903360
1428981650734583809
1432329764984008707
1423001291882737671
1431362377010892803
1429123068409139204
1429145772159811594
1422991793654730752
1428951001868996609
1429085338077696006
1432281858247643136
1432226224517046272
1431263028515942405
1430185904044380162
1422986976253329413
1422967988035198983
1429491798754353154
1429040701879332870
1423029232977031174
1422186892645314560
1423004434246901761
1432349575956910082
1429009588024713222
1423026229444218885
1423894055310741508
1428863342496698372
1428859588112232452
1430624128445427715
1423082525732311044
1422985001377873926
1423570968220520448
1429080825426026496
1423652672440348673
1426065027581321222
1423001543679352835
1430650596005228551
1430575387717812230
1423335400043687936
1428665472447361024
1432259986177073152
1430288285578973185
1429331895498723331
1428847152026034178
1423268170710888459
1430576434729340929
1428905490420019209
1431068971072098307
1432643407634210817
1422113195385401348
1432272504127635460
1432441621631602690
1432406378111541248
1432324786949140480
1429141939732066316
1423168990990512129
1426285356840898564
1423810589386756096
1432338196159991815
1430473231211933700
1432682860549390350
1423408230634594308
1429111531271344128
1432347370432434176
1432438025838075908
1429029124312555521
1432309596694224901
1432447595763441667
1423663640180412419
1423049255888035842
1423041195412963334
1423769683954634754
1431353891074027524
1422974779888394243
1422986852387131400
1423527207327211521
1429159070666264579
1422981806102663169
1422999085825601542
1428974255543308288
1432311878240378880
1432254490594455557
1426265562968113158
1432590758566141957
1422999323512655874
1422996276828938240
1432256807444025351
1426228424754991107
1432290881315524608
1425819376045809677
1432411289960206337
1421898004995444738
1430581799755915269
1432822396017332224
1429132101870362631
1429024426192932868
1429054051120033797
1423224037245861892
1429168268082831366
1429129517256388614
1432603742235414528
1423389459035402257
1422993130371141632
1430940911211589632
1423973063587139587
1427729559290527752
1432380631900696579
1429420424488620035
1432622593060769792
1432313917339062279
1432380571037089792
1432304089740759040
1429041475942289410
1421902973534363652
1429428751209746441
1428849735960604679
1432623761174536193
1422987213319675906
1432028305058844681
1426853347521351685
1431738883155312656
1427545137811492865
1422998900475056133
1423626453342642177
1423363027974361090
1429473597370900488
1422971351921528833
1421856475010502656
1427264890851442693
1432411092156919812
1432261199173931012
1423684954005901316
1423055484089782275
1428997644056244232
1423178444200988673
1431322339392823298
1431321926723588096
1423005220083277824
1423346680662044675
1423022158243106820
1422980254734462985
1430825216289165313
1423006241052413959
1429144540464783361
1422999550961258501
1429485456165638152
1429325213217480704
1432490634259144706
1432314348941320194
1426543850915565573
1432259423565717509
1422983157717114890
1432435178803277826
1427316819489169408
1430808421436116999
1429447557307056129
1432301476194529282
1422990583170220045
1432100830103097344
1430851523035254798
1430771766666973184
1430597137667170310
1426462954225029120
1430662762993160193
1430624099894714372
1432453325966958599
1430805179113381889
1426793333704306690
1432429275794313216
1432323304463941639
1427542903476400142
1422988905641619457
1428877364092620801
1432262233799680001
1423015618790449155
1427506682222063622
1430607153065254916
1430638952961171457
1430546454981091329
1429500695103918088
1430649548762984449
1425849989964738567
1430137790440824836
1426911815133540353
1426454926989873152
1432684291075497987
1429132855364497408
1429415979231195138
1422980268940529664
1429485107413458953
1429474099387064329
1428958645224607745
1432398726249816066
1429465022263144457
1423026920959221760
1423639028096720908
1427509900222115844
1432273065279467524
1425904350392733702
1432268752444436481
1430632194624589831
1422838107926319105
1432341121368305675
1428909083755700225
1429005734101016577
1432430997178572806
1423779070505070595
1422966401699098631
1431358815828643844
1428870678741200903
1430512680398462980
1423373918296055810
1432353388319096840
1432419550092464128
1432426193270226956
1430563220444549124
1432366074511638529
1428967021149097991
1423685508505481216
1423673814785929221
1428877634407120896
1432607069228703745
1432353160018989056
1423677815652749320
1432023994891395072
1429507803463421953
1423401481923870721
1432734110972272650
1432020777935818752
1432637091901550592
1422992121695379459
1427548814156734466
1423283634727886854
1432289005589209089
1429012662399250435
1432445923246886916
1423651787710550021
1429550823051309061
1432567431797555200
1432264957282988032
1427679971477237772
1432450116800159746
1429123074444742661
1430879629737398276
1423387578510856194
1423033781385060354
1423375469332869139
1428856513515360260
1428934281523564546
1430901080347463681
1428847208326213632
1432311273564381184
1428710505028493319
1430480670686687235
1422988523318267907
1430629995978924036
1432419010654752773
1430825061192192000
1430945695964569608
1429444266036707335
1432424279833030656
1432313691899416584
1422091022381813761
1422968643390951425
1424056052694278150
1429008331406983172
1432446546507968518
1429354448871170054
1432273422806134787
1423690404470435843
1430142511499169826
1429495577465794560
1432350811137482758
1423366182585913348
1428715087863418880
1429353844522299396
1423005302555881474
1432367690346291201
1422993746325540867
1429800066945110026
1430785289128120320
1423557105253036032
1432426427056627719
1432382071692046347
1432294837764739076
1428965493625470977
1422986811945672705
1432578058398183429
1428862158230675458
1426835441827860482
1432060193987248128
1423211828990128133
1428853731571998721
1432557059288010752
1432478615212593159
1422113969276325889
1423368591542530053
1432398921473658885
1429336481491980288
1428599758470455300
1432340333854183429
1429500907612422145
1430610053527134208
1432410341632319490
1432636376726577156
1429084945029517315
1423633964011507713
1427672898404290570
1429430322022715397
1423652301387010055
1427331179292897281
1430535621379084292
1430613162202566656
1424059587460751360
1423055184742260737
1423696664141967367
1425892928321359877
1423013665599627269
1422990463431282697
1428971274534113281
1431173178961932289
1423359626914013189
1421938408218365955
1423407027397726213
1429369911659356161
1423006612093030402
1430765040567730178
1429510515731140610
1425542761592229892
1423018280550346754
1429548626481606657
1432405688542810117
1429419754146652169
1432307563740139524
1430801026492338178
1432451770794528769
1429451246080086017
1429086151370067971
1432341669198929922
1422990732852404225
1430606338296623109
1428855528378281986
1428984256479510533
1430614298552897537
1432387145323397126
1427417434491965445
1422983513989656578
1423061885507747842
1422987888191590404
1423168030553612288
1422981597649907714
1432343051427631104
1430593821100945415
1429569657569173506
1429023105310203906
1428853133472587780
1432661022310027266
1432431187465736197
1422996167437131777
1432452617091833858
1425826320663990273
1422986421187584004
1432383842661376001
1429515272726192131
1429416063805108226
1432312009454985222
1430884246445559814
1423710425741418502
1432297897094270976
1430875732205506567
1430588512311681029
1422973094268973059
1432599716215332865
1432359648116543489
1432358453712990214
1429484770153668612
1423528225733545986
1430575063523336192
1430971061428965381
1428969139046125569
1430822326514376713
1432387499545047051
1430585777428250632
1423000566117150728
1430620953755717638
1432319703725248516
1429551337667276800
1429728509832933384
1429409750815584260
1426281390425968646
1421855845537751047
1429325978698985477
1432458609653391364
1428853718179536899
1422995552648769539
1432087173382254600
1423019074758627336
1429076520027447302
1423656883756359680
1432381287541657608
1429572106816213006
1429196609229840387
1432327927664943104
1432366116618358784
1430641554742464514
1432371980192428042
1429082852843565064
1432322485245169668
1430600285664202752
1429448432754864135
1428806396821245961
1429507046710317059
1423090761441099777
1432025115315908608
1422976554880147461
1423044124626853893
1423313562563395594
1430597891811315718
1432276097668878336
1423051873750241280
1432417850111713290
1429347193648001026
1429018008576532481
1432321228182798347
1430654704204255233
1427595680802132005
1424265006477107200
1432254582260895745
1429476771091697670
1423895002481053699
1429485891626672134
1429313877179785219
1429064973637099522
1429046214188838922
1432737515346317323
1430945482940067841
1432488042774863877
1432279628752826376
1432290467035631619
1429021035211415554
1423395297967869952
1429126419582529545
1432283332105080837
1430613969413328900
1429446302031564812
1432281206066909185
1429099388417331205
1432424173599657986
1423585066010267649
1423007475532505088
1423173557366951938
1423324433171746824
1431124844121296898
1432307266007584774
1428855696288673802
1423001394831937536
1423097411409375232
1423631108491685890
1432439374029991944
1422585032322043904
1421865422262087684
1422984968473649155
1422975384778330118
1430827255010365440
1422987843677327361
1429036198601936899
1430625879445721089
1423740424490037249
1432281356164288512
1423945486269132800
1422998971597959175
1429229675008700421
1432314272244195333
1424726041189355525
1422966135952220161
1422992054125219840
1426249618866810882
1432440082804379651
1432035370758250505
1432617029740154880
1432320102410694665
1428930899274575872
1428991063725940738
1429218735374602242
1423537960734109696
1423027844628766721
1423025293405663240
1428670057878523906
1422986934847254532
1429029088245829640
1423168635330342913
1422983118340956172
1431327182824124418
1429578969431646213
1429047491257831428
1432338722826096641
1432661829306798091
1432424733165899776
1432309758590078978
1423279969355001863
1432451641958182915
1428677725854867459
1429344199460196356
1424025937675497475
1422123546814337024
1423145372290101250
1423290979101003797
1423168783515013120
1430776906283114496
1432040454598627330
1429197136550371334
1429431229292679176
1432341328126517255
1432258065038970880
1431753794262552577
1430926516767150085
1429227080093478917
1427769003825565703
1428851715323932677
1432313499917721603
1432349491051511816
1429471503138148355
1423556090864840706
1423780122029666313
1432319576457584648
1429177573205024772
1422970829550272512
1432460713436536834
1432098822084349955
1430635375014432776
1423318934191755269
1430596699362365448
1423257389223059456
1423278929524183041
1432430950814822403
1429227411254747139
1432413132396371969
1431206744445886465
1427607545397628948
1427569452493774848
1430634302203736075
1429336067770097671
1432335376488796166
1432695866058489858
1422980151286063110
1432357745089552390
1428956704486658053
1422997444095262725
1432386174526631938
1430591300152303617
1424855844169076736
1426785156300480516
1422987406786113541
1422988308167204866
1432254777077993472
1423105596212056067
1423653128331796489
1430574762028408832
1425903371156955141
1422988655011016704
1432014211849367552
1428938884998651904
1430600188574539785
1423420155988742144
1429000248085594117
1432331745689546758
1429534137111785484
1425128517889572871
1429088646188122112
1423231159736143873
1430818258312105986
1432262167055765505
1432367633756794881
1429171210856902659
1430498220145262597
1429242840782102529
1432717096492929026
1422991326698672130
1429090370311360523
1431728044276953089
1423241400943091719
1430662742290190340
1422233353814675463
1429217469407932423
1423640987713277954
1423170917207842817
1426607720854077448
1432461350555508736
1429467126134452229
1432382071041929216
1430580604890980353
1422969601105833988
1430597803521286145
1431253795745501184
1422996089398087682
1423675460353921035
1429049865590411266
1422972249708142598
1423288292590571521
1430614848296169473
1422995558067810304
1430601743742681091
1429097041439952902
1423715154848518155
1432461107231444992
1432452755491282950
1430649787204972545
1423556075173859328
1432337986612604931
1428997569489821699
1429573742255132680
1427671885119205380
1428001726024540168
1429162399945396226
1425817478039367683
1422993302379540488
1432447080128208897
1429227661088460808
1429075998402883591
1422088756975349763
1430885474810335232
1432455854566125578
1432445174030946305
1423168623787524097
1432305405577867269
1423705453645770753
1429238351656374278
1423002651910983680
1432465972145934346
1432337896049086468
1422990377716355073
1431660996477784069
1429002971493412868
1428704027068469259
1423002539495247873
1428923837773647875
1431258233356922882
1432390989709201412
1432043378703798286
1429038638336286720
1428679973951393796
1429548914202533888
1432307048918757377
1432316580617150465
1423637135786233860
1423019612967428096
1429702614086791179
1432608205625040897
1430584415839784961
1432313659972276230
1432398867539054593
1432746210306240512
1432823878838018049
1423367678232829955
1428870269985230852
1432261673331609604
1427637973382844437
1430968339657109505
1430587065121583110
1423745328650522626
1429472256544083969
1432460460205527048
1427649228579524609
1429495475900751877
1432330496734793730
1428940360844259328
1428423189118468103
1423159849731477504
1423693317808824327
1423530200202104832
1430200023602565124
1430582860713431040
1429229807821283330
1430603944846311439
1429047386362597382
1432298773787648000
1431730517087592451
1422989072453275648
1432449749332922368
1428980642876907521
1429432178677534720
1422986055108673544
1430852606080000005
1430844018343227393
1432463742604828676
1423665535296933894
1422975825205514244
1423035790553145351
1432440076441640961
1425502989343657984
1432256564145033219
1423007795088183298
1422992551452291080
1423950103962849289
1430646551941206018
1432262515791175685
1426609811483938820
1427370163108786182
1423420154856321027
1432309766089580544
1429040651274969091
1429443350776664085
1423036344062853120
1421975623606620161
1432339981977243649
1423879203334807552
1422975210924412929
1432439430464278530
1423573518550290432
1422926344204296196
1428846929480404998
1428849080470487052
1428977273647026181
1428714749676728329
1426476823278391298
1432292159709982721
1427656074832789507
1432444141351456773
1426084219328073732
1423160047849332739
1423135213501231106
1432530696678133763
1431193389630885892
1430606889843400714
1429017464378167303
1432804168960520192
1424044179613790216
1422989533751169024
1432645275315752962
1423929298977763328
1432362575178735620
1432289707849826308
1428923542146519048
1422116745695961092
1422982742485180420
1423626114006671361
1431317566446874633
1430782803206156289
1426946858258255882
1432278596199059458
1422990120047759363
1429227161744027654
1432311887191068672
1423036118140964864
1423010182553079808
1430482256817164295
1423753466812510211
1423380839056957445
1430601720523071488
1423359133919629313
1429087214974214151
1426063004060237825
1432310374418853894
1423074888768688131
1428975335123656705
1424322192150573067
1425136354887970828
1422115254851493889
1423582212482547713
1430268177439674379
1432666780225449984
1430801459847782401
1429395941136773121
1428388292106629131
1429935629769523202
1429226946249076743
1430625559315374081
1428973458516545538
1428848412066209793
1429446272235212808
1430589692009910278
1430590976993734656
1429442244331909131
1423371792727609347
1422981756878217217
1428966604684111874
1423361324386594817
1432415796312084483
1431290380419575808
1432087684277800968
1430596890937147396
1429433028623863819
1422996750214836232
1432369178179158021
1429433983201382406
1422984886684688388
1427350312566894595
1423029355832385540
1432614494157561856
1423870682358636546
1430824705456578564
1428851183830147072
1429036767966076928
1430911004498698244
1423389488680669191
1422994008566124551
1429446628679823368
1432362453938188290
1428284915393630214
1430610104999686145
1430944235189059587
1423585566076149761
1423624031115304966
1430625787762421762
1429071728106409984
1423713818660724738
1431259684812607492
1425132148919570440
1429465507690958855
1432261882010816513
1422980757279150083
1423379563686645764
1428851787457499145
1423378010909126660
1430516482417496070
1422995062963773440
1429086275559202827
1432337684975005703
1430593911001653250
1429008295801540609
1422969338836004865
1423693048966418432
1431568329676832770
1429305068260573186
1423006382400364549
1430591262097301504
1423394245520543744
1430577788784988163
1432780973867995144
1422971769573478400
1422852767538946050
1423097021267853316
1432384660907122696
1432549496463020041
1432375220967444489
1429408778785632258
1432340280305455109
1423529638144454661
1432424472502485004
1429132517953703941
1428952118950563841
1423769200624128007
1430853185464324099
1423411803065929732
1425837226278195212
1423023745887838210
1429227366015016967
1432327793711501320
1422985520616034309
1429544668988051460
1429229488244674577
1423763613261582338
1429040984244035584
1432368703614685184
1432319857069015040
1432359391253127169
1432358256509399044
1432312416432492544
1432272688308015106
1432464323717259265
1432446720085041159
1432640870130593792
1423041974022643714
1423012991809818626
1423143439470927872
1429124715843567622
1432286389371015173
1430578028581691395
1423857682923012096
1431016444800741380
1432431733161537538
1430895372415631369
1429430540613169164
1427556396682420224
1430825015751159811
1423020962770038786
1427671378849935363
1431718964271501318
1431097099081420805
1423696389352083465
1431430324207112199
1425926127034437637
1429152515757592584
1429119978805108738
1432258593827561477
1432389705958625291
1432456596639076359
1428922020914401282
1422973304453881858
1423666987327270912
1427606529541292032
1423001120486608897
1429433268785631232
1429450536793821189
1432340934851710979
1428962837918015488
1422992942550159365
1432343683437932545
1423649454020825088
1428895106116067336
1428848059576897542
1432799506693869570
1422997339468349443
1430579618185089024
1429486275728486403
1431378454436515844
1428991033673715716
1422993762326884357
1432277003319848961
1423172985582768128
1423879424898998273
1422992331783999497
1429103559157616643
1430602429977010180
1429482744267038723
1423927891553923072
1429497282408460289
1432308117904236546
1422966445361836033
1430942171625140233
1422995034492788737
1432258434179731456
1428953171641225217
1426848263509053440
1432621976087040002
1429417038649384963
1429500004746530821
1432630225775513605
1423177854041432064
1432305568736288771
1430610458529210374
1429408038478356481
1429359128212869120
1423362313474695168
1428994964944343042
1429011595733217282
1423000278035480578
1432028594407096325
1429163469182492672
1432313814893092864
1432323580231135244
1427876622238109699
1429255113802199045
1426826104975892482
1429087656902803457
1422995425607442443
1431115913965809668
1423013242486632452
1430824491400122373
1429316602932219904
1430608839804690432
1423034935934439428
1432316448622448640
1432309335082913794
1432364966733045764
1432343362435227653
1428960677083889666
1426851765509672960
1428873352593219588
1432395351101779968
1429489309133025285
1424054464516853765
1426101252107247618
1430562535124656138
1429420487155847168
1427595968367763456
1423031807365156864
1429448704801624069
1426694030201606145
1423043499440721923
1423011750849523714
1431001556661460997
1426598878720188429
1430827478323539969
1432301025654890499
1432380115678371849
1430947827891511298
1432260256185430017
1432291111016534019
1430185337024925707
1430593911005847560
1423638204729724932
1430243627687612416
1429210149688909830
1430576033028247564
1423003751120572425
1428848015910088711
1422997293993799686
1429487795844878336
1422271242644643841
1430580363861057542
1423763125929664512
1429413179097034760
1422989262794932224
1423008170348273667
1423647442977832962
1432674881561370625
1430765856187879430
1432334827794178048
1432273149643706370
1428860666690121729
1428598585457795076
1422973157825204228
1428848077679513608
1422969524605890563
1423571619574910977
1431725379623006210
1429015781216595970
1422992579956707328
1424448739658317829
1432408562769219586
1427544450553819164
1432636224842436614
1432363109927342081
1429528421814743040
1422972111602266121
1431263625159794692
1429513537425133568
1432367343259226114
1428719243214864387
1422987268113960964
1432395946336325638
1422985526089486341
1432394077211856905
1428992005904949257
1423624609853812736
1430709024199217156
1432276275033485328
1430596766102081542
1423016099449352192
1428859383782518792
1428854624237367308
1428849422549540867
1432325311971135491
1426331804257198081
1425181555522220034
1431013846207107072
1430647562378358787
1422983832375078912
1428954391311228928
1430580585748209674
1423570643614945281
1430947601759838213
1432408734370832391
1422459020330348546
1430608056182878215
1429835634684923906
1431318111718883335
1423571994025603073
1422966134123466752
1428462697784528905
1429453325632688132
1422993372063707139
1432697794603724806
1422108665662873600
1428983492403253248
1431355148111130635
1423681900007378952
1432399021319000064
1430865739829989380
1423753124704043012
1432424563556691968
1432368836758626304
1423692851427385346
1432474694914125827
1428985321195200517
1422985997231525892
1422993195554705410
1422998676289597442
1428920351828987907
1422844046498803717
1432617695162286086
1432358097637593090
1424692343760896009
1430647664430002176
1429449624717299714
1431373523151462403
1430241967645020161
1430633585745223687
1422099551117271044
1432320032932048898
1431996839608393728
1422983769582186497
1432423518143143942
1430817581661925380
1423633891043258368
1430548356527443969
1430575050651062274
1423039547773005827
1427595839074144257
1423052570969481217
1431469034193793027
1429258015719501829
1427665373843927047
1431331071816343554
1429369208656302086
1423169191264329731
1430783777303941122
1423371544101855236
1428382846444621827
1432391108349288452
1426489299898355715
1430579923425574913
1422989425311719429
1431300324350992396
1428389788588064773
1430623370236895235
1432429511291940880
1423329850681610241
1432467242604761092
1432428871010463747
1430638024933711874
1432421783857246221
1422984791884980226
1423045789560025090
1429509097754349568
1428804450458742786
1432396970623176705
1423044127864786948
1429030013848936449
1432253919581847552
1428993604299726853
1423324855852834818
1425854072897347594
1432336219472605187
1429017532745277441
1423021786287968263
1428985761198657543
1424321486794502145
1431955845424852993
1432280391398866946
1432268884858572802
1432029715452383235
1432332954752200706
1432588057576976384
1423002904676474885
1432492109609803777
1422991537496018949
1428977380174008324
1432085976583651335
1430634740047138822
1422965829428207618
1422998221438267395
1428856718574952453
1427644744822308886
1423359465852657673
1430594791901904898
1431522158648381443
1429256042777612290
1432664364591591426
1423721242197168141
1429349973427097603
1422979324794359816
1422983571896209412
1423569061619937280
1431741729238044678
1428854168773664768
1422996182159220742
1432380929390043143
1422322109431300105
1423020262925156357
1430558957567942656
1428956746228375553
1432437675588558851
1429470382952701954
1429072353737199628
1423649409041113093
1431967525571551235
1423003748318826498
1422187907859812352
1429008470062346240
1427351672339279872
1432300442785132546
1422972262114906118
1432296820571521025
1432054455176990720
1426573733154725892
1423056750970867713
1428977286263496707
1422965991298977802
1423001266163261446
1431567733653639171
1423739369303777284
1430575332868993025
1422999747955154947
1432346899647025153
1430608138487713795
1430629701849075721
1432461507204427785
1432672481240887301
1432457008997933064
1425820627714273290
1423292901962833924
1422983014984847361
1429044721364647936
1422978138464735238
1432456716348805127
1428866450433978373
1423670683549282309
1428997408965468165
1423299341628985347
1430601218913710087
1427623196195426308
1422971996657364994
1432271088445104128
1432420574479929353
1432456373091119104
1430577507036770310
1428062244047409156
1428932663977693186
1431973018545410050
1422993596354109448
1429002307832852483
1422984294511882247
1422993936734425096
1430497444060618755
1429520805831090179
1423102565726760962
1428466263374942208
1423361027480113154
1423166125672644611
1429115630406578179
1429683002746023939
1429140941521235974
1432368211819909121
1423680216547876875
1431193371138199554
1423000580121939971
1426484425882312712
1432333372458770436
1423573517463957504
1422667766369247232
1432277378059886602
1429149300685213707
1422971532675100673
1431068658948784129
1427304204213882880
1427901578653143045
1423205797983629321
1430225707851034625
1423002519928807434
1432308631043719173
1423944012541595649
1423181598288134145
1432493504157134848
1432398804410642436
1429695481475653634
1432620015967158273
1423011331616161798
1423010768556105731
1428889163735212038
1429548279361048580
1431991485164138502
1432326983296425992
1422997250020712456
1432090123697627141
1432465949412765697
1423360630455771137
1432271884196978689
1423584330497118210
1422971780252278786
1432377444103819271
1422982633315782657
1432262447201759238
1430507679701667840
1429097731235135494
1422993404120686600
1427355966492844033
1422989510657388544
1432458773352882178
1428972873708974084
1428988767608639489
1423356016255717377
1422990986515517451
1424954477841371150
1428998907883925507
1423128749277646851
1430602653432750081
1429242980079181827
1423367441397256203
1432443470078164999
1428976320126627848
1432339922619445250
1429200804985061387
1423658886867951618
1432312191248633864
1429071866942136322
1432616407188049923
1432278702143021057
1423389963203252230
1422983898636726279
1423025309914435590
1431188565795483652
1432260963558899712
1428937372318806021
1423060133073010688
1432293645185658883
1424368505965666308
1423375237748563974
1428385667566952453
1430610793901568002
1421983296867770369
1422966387371352066
1423006958051811337
1432027652894994432
1425827535510638603
1423854046947856391
1428862508345999366
1432630031147229185
1432264393035853825
1430824222901915648
1422990061302394885
1428697916508622848
1423224565128380419
1423088463679823880
1432388752681410560
1432381105173319692
1422998694580867073
1423365756872495109
1426558167484452869
1431225808643936259
1430838231008940033
1425844639341371394
1426251153679978498
1423669471667970057
1423534874632327168
1428852316892024833
1432261114667089922
1423182962556874753
1432385692454301700
1426463801164058625
1422980971670933505
1432474299055620096
1430625205576163328
1427390073784475652
1432812776091631618
1427378844235964421
1432361393475526663
1425162913132777477
1424059117132517377
1432369570476605457
1432254641660731394
1432322405867925510
1429130361016098819
1431652049490427905
1432266045255999491
1423362348698513414
1423602734012502016
1432343386011414534
1423366037697974278
1429086134097809416
1424067571654008835
1428975736946311171
1423049951085580293
1432464017075974146
1429332317454077959
1432460125399306242
1429489568684851201
1429718909356216326
1432302607511523328
1422109155633111041
1425932979147321344
1432284822794342400
1431364213147119619
1430257826040004616
1423033595602608139
1422983901748895748
1423040845935226880
1423625032971034626
1428707655040786436
1427562067448434688
1432393484116414471
1428881055474462731
1422973031291441152
1422973778439639041
1432341743375093762
1429420130967109637
1429093303895613443
1427956111567622146
1432453567525400577
1422984840819924995
1429516942893801477
1422971144764809216
1421777741444272147
1432261776750653441
1432405012886478854
1429336896338022406
1430957430012354561
1430633027693158400
1430608577190842378
1432331815042310145
1432254154488090626
1429082917456826378
1432465834048430083
1432453418065485825
1428864938521636866
1432454044778389506
1423636831866925057
1430776333919993858
1428956459640016898
1425893316131008520
1429407774413365249
1425841930496270341
1425840719680335874
1423925055554297863
1422983931612352513
1430980957549510670
1431385968448258048
1432280815799570432
1432427246778822657
1428860514092920842
1430659343758856195
1430655748808261636
1432409756975652868
1423032864204103682
1425918340443299843
1428950605230444549
1422297456440713219
1432366515429548037
1429507846870294534
1432267831828262913
1430834274681380865
1430601125984677889
1426964142301138947
1432451256447082500
1429879071383642112
1432256997483765762
1427547589768065064
1428669272918798336
1432775191231438849
1423654620426117130
1432303013331443712
1432695160043888640
1432254668797841410
1423008831475433481
1432339566552403969
1432421602164101121
1432410967405649925
1429194685462073348
1423044614827782149
1432440131424866309
1431411055176163329
1423167098017107968
1423093250831917058
1427385852225806338
1430188574167678980
1432254802029862913
1427633482709323783
1423154694508134404
1432308185956814853
1432320315229679619
1423021212649852937
1422975405217230849
1429149181403353095
1432353477532000262
1430601180850401291
1430838333584855040
1432393188954841094
1427599948619603969
1431350132583411723
1430608327554355201
1431263307567087620
1430837147913834496
1423208094755086336
1423068609476186114
1432315741819314179
1425839888860024843
1432622371983314944
1423152111555121154
1422993733071609858
1428861189300305920
1423017523952463877
1423379353363226631
1423013794595356675
1432308979393253386
1430604649782972425
1426288145448976387
1422995122606772232
1432445320542179343
1431318494633611267
1430917986307780616
1423359650750205953
1423189027415597059
1429445294161375234
1423126255126319108
1423008512796397570
1429040196511748098
1422998656043687939
1428849510105686022
1430500917044989952
1428805181005836297
1432267687699308545
1430604377971122179
1429231870718402562
1429430751225950213
1431917829423566850
1421803503421362177
1428496711744360451
1423028835881299972
1429207888564826114
1424014428425629696
1423670874788536332
1422998041108299777
1432331591137771523
1422994912539205634
1430924278074068999
1429189643510161412
1432290040021929985
1430598130869882880
1422967474513981442
1429158195835113477
1425945115831508992
1432465960326373380
1423629100367978499
1422990297362018306
1423924372444782592
1430576128691945474
1432358082328342536
1423363098245795844
1432453446322503682
1428853225558585347
1432469584578232330
1423180095930474496
1432422918919688197
1432454507837988869
1422973583580663808
1431263978840338439
1431254550825086978
1432626107610718209
1429085221882929158
1432263038116245504
1432480680047489024
1432268642490716165
1422992003583905797
1423019482524573698
1429136306983030789
1423004375908327425
1432443164531601415
1432342012582416388
1428859023407845382
1423653113546821636
1432281754518360065
1423387100985106435
1422974440422453251
1432256692700471297
1429422891410632707
1422978132206817282
1430578690849746945
1429375588628942848
1423278806765248516
1427322184398168074
1430621105530748929
1431516123770626050
1432302908712886274
1431254578561966082
1432255381875613697
1426670401988476937
1430611540852592640
1423034356533170176
1432586656658436101
1430952588694986761
1422993884284702720
1423001975449337861
1428670110277963777
1423652833262514184
1426889094899159046
1425821932067328024
1423232071292628993
1423381169970847745
1431708386270359558
1429420043998277632
1428865494669533187
1422998972059226122
1423700827785637889
1432261826230865923
1432696777937915908
1432466827431530502
1431718502700826635
1430529704147161093
1432348933901197320
1422975507923079171
1432467259386208261
1426285495995310087
1422977797052567557
1428989525812989953
1432612476533841922
1428914779993907200
1430577158511108111
1432352099845693446
1422999601653719042
1432265881695006720
1423026534110146562
1423764066439401473
1423726472871780353
1423032973968957445
1432538824291274752
1431560182421725189
1428971327071965194
1422630464272150531
1432307006921187333
1422996069642817542
1428866744765095946
1432332745376739328
1424030080221712387
1422973752745287682
1429129841996189698
1430577551559307264
1422983898183704581
1427365854556135428
1430636013429329930
1429121883006439428
1423694005494222853
1430599475169570819
1432039391225159687
1428992687529734147
1423070552219164673
1430577978174496775
1423760667216125955
1423591498201894923
1429025881712910337
1423240221731311617
1423632264190205955
1422999763264344067
1432670077053284354
1432283993672663044
1431321477337567240
1429078136893939712
1431739507548753923
1432637729620254725
1423649957492494336
1429511866968166402
1428846926607310848
1432466778408558592
1422990275769769989
1432371646313205763
1432333562112626694
1432263984388919296
1432320659858894848
1430984587707129861
1429417934317920264
1432272010143535106
1429452896287010824
1430645352043061259
1423640575673348098
1430195240489603081
1431329985600577536
1422975222802755587
1422987896844337153
1423714018968100871
1432373339834683392
1432303360326127617
1427891943393140737
1432292325313683460
1427613656091607045
1432459378704228359
1426511196543496193
1429535126095024128
1423241108423946240
1430616807392649222
1430589502523912193
1429445882655789059
1431380202777686018
1423002639269253122
1429066280649347077
1429225108196020226
1432278657213640705
1432306617584861187
1422999876158345218
1430801117206753280
1432411705917718537
1432463031011840003
1432269253739155457
1429411376343232515
1429167248300773380
1429129303933992961
1428990314564440065
1432311978752712713
1428853912606498818
1422100203448975360
1429402474406887429
1423538997658374146
1429088604349927428
1422997843304923144
1423679128864235520
1430574789400399874
1423001364918063114
1429696512511160322
1432596564602724352
1432317702383849482
1430591929717231620
1429691101913436160
1427009448371838979
1423010575156658180
1429031469574406144
1432344771041894412
1432850450680848386
1426287765499547651
1423181197157486594
1423684932300414986
1423639249283395589
1422983813572042752
1430921651164794884
1428997923078090755
1430944430694060034
1432450221204717575
1422991134448623629
1423678551254085638
1423199402244644866
1429420041108434946
1428670670536429577
1429119292327464960
1432347019859922948
1423038737148153858
1430991599077580810
1432561030064975873
1429442614974107651
1423043419727925249
1432462104422912004
1431274301659942914
1432282863869775878
1429351328954867714
1430592448753963012
1429124020725862403
1423210544803237891
1423586721556480003
1431947635984936966
1429503613160804359
1432587263901421568
1423041939188981767
1423811130414206980
1422997047389589509
1423400644862414855
1432588677339832320
1427934353439481856
1423624643110440968
1432322956189970438
1425906592684335113
1422995731883962374
1432615394880204800
1423248091621302274
1423006023544098819
1431256842848583681
1423362326384844803
1431137148611317761
1432411151757942793
1430626537133465607
1423077883149496326
1432397474627530760
1423570127287619585
1423324239558582276
1422654187628814336
1429429799131488259
1423910556755447809
1429024655130640386
1423243877310476298
1432443471323881475
1432334498818048013
1431272893342756864
1429508021210779652
1428993906033766404
1428971623391055877
1422969262092738567
1422972085769543680
1421893695209672715
1423000675403931651
1422978494221410309
1430492585840189445
1423010668089860098
1432086500208951301
1429598422898778117
1422982110508421123
1430627517598162946
1423623985665818631
1423549910410989568
1432401758823792650
1431332784036007941
1432411695947866116
1427763701445275660
1432456135202705411
1432289956098191363
1425912773561753606
1422975408228667394
1431350701272281088
1423371527970607111
1432451161064361985
1431539635193319427
1429022956378902531
1432247294234185730
1430630018707820551
1429128061157580805
1432352134390063108
1429409923893432324
1430943590109356043
1430939301777395718
1428979486737981441
1430652861143261184
1428867512771481602
1426867483923959808
1423654489630953472
1432425491256991752
1423190191884357638
1428847024980566020
1432266656718499842
1422987501522853889
1432271652767809537
1432324364444241928
1430814985328939009
1432367349231935488
1428865980655185922
1432280975627669505
1431977210714394634
1423685031785025538
1432294445077221377
1430858623274688514
1423912986847154178
1430909359228284941
1423046931065053194
1430645622881849355
1432322677050691585
1430632827117318146
1430625570329595910
1428946214456811520
1422995384897581058
1423232195993423873
1431145801431101443
1423569381423042561
1422990768726319111
1428958503159402499
1425817468891648012
1423524039671402499
1428971745072058370
1422989765406830596
1429443180076965894
1432314846012399621
1430782110391013378
1432571631440961540
1432324114333806592
1430830429427408896
1432247050473811973
1423012412240932876
1429121873607016450
1432352223468589059
1430804492174479360
1432430024548827145
1432330177644793856
1423363813089452035
1428968248993894402
1422982198928478215
1429415929587322880
1427552259752275974
1432819785205682182
1429073807223017477
1432338976925421569
1430842776091045890
1423053842560737283
1422972500506550272
1429491984503345156
1423747069265817603
1423054290390769665
1428703463505072137
1423648137529470983
1432249721096126465
1432275648756781056
1430492059870404611
1432540470459211782
1430575967748169741
1422999700463104006
1429564983982137351
1429375613354262528
1425754656412774400
1429409682507063302
1432339769875484673
1423630754966278148
1432086188786167809
1432638572209885192
1430622093603917834
1423324889784754177
1432333747479777284
1429420921476034562
1429339781452926976
1427669211476893707
1422981619749642241
1429455147122446341
1423707356945342467
1429040044317286403
1428656648059559939
1429687801981939717
1432331993950396416
1429455495602057225
1423757960984121347
1432453015185858561
1423130529667371008
1422988714322665474
1423006165290659840
1422967903142428672
1432389246594293761
1423041774650601485
1423617487804026880
1430663015364497412
1423597074562625539
1432289411161600002
1428993699623620608
1432449557317705728
1423782855402983429
1432408459832610819
1423597026512674816
1422969006617735168
1429035477030604800
1423542813589970944
1430615985657196545
1430508767620255747
1432578707378610179
1432304077589864450
1424052242882174980
1423366708438388743
1423215223801008128
1432487507015475204
1432777876399665157
1429079869967806470
1421737214115975168
1432365248007266304
1432334367901331470
1423649310600794113
1423177939152211968
1430896228447834123
1431567513880514568
1423145585058762752
1432431151218630656
1422240673210765313
1432458164465717249
1431324486758973444
1428847044052017152
1423022875230019589
1427654343008956435
1427317478150086660
1432289151265673220
1431741938865262598
1429324152117342212
1432274915193917440
1432407946806415364
1424059604892270596
1423054870861471747
1423535962005573640
1423045851447013377
1422473435557605408
1429467243771940868
1422976406250790913
1429090884851744769
1432388613774397447
1423605594229985282
1432379551305322502
1425362924202250250
1432670317135241218
1431199869817999363
1431372728511180806
1422985407889879043
1429477781218410500
1428962119014289408
1423014342543482884
1432685620795781121
1423005841033252864
1429495987521921030
1432531239978811397
1432305362145890310
1430967392344084481
1429486288571445262
1423016251471826951
1432452961263931396
1428866321362694155
1432332115304136705
1432258033221001218
1427581750616723457
1422981940152524811
1432375983663890432
1428685757921759233
1429146492909068294
1432387718508683269
1424045116671643649
1432393580014972943
1423671891496247298
1430668367921307656
1423013075419123713
1423031658404630529
1428973530633342983
1428950954020327426
1432420984540254208
1428994381114187780
1423362629117022214
1428969703666556928
1432313170304114689
1432620759084634113
1432308858320420873
1428863317255364616
1422121298906558464
1423183829079101440
1422971081925840898
1423271024372690946
1432334961701425152
1422991508916129795
1423007242807386127
1423377914100396038
1432588997805711363
1432443504555433989
1430596194925953033
1432455008012865539
1426476586107289604
1428920012794904581
1432380460051673095
1427541121039802369
1423425224897347585
1423207922209902593
1425249019467636736
1423416999292686337
1421888813291429894
1423175209943719938
1432422572793159688
1430580145006563330
1423098673890742275
1430824835714895874
1423842142699417601
1426190989304213508
1430635058281525250
1423611021839769600
1430578353162043396
1432309762746732545
1429497370266509316
1430577810565959680
1425817915580952576
1423226652893630466
1429492596058075141
1432043168036540417
1430890804080365581
1428972611455885315
1432460926402367490
1432258642510761984
1429087578419040256
1421746266397102083
1429081887813816322
1423879969646669824
1429454340901777411
1423624513972015104
1429348224431763459
1429095060390522890
1432375809122131972
1429074833070043139
1423679223127068681
1432530783319871493
1432353081262551047
1425845712483491844
1432574579743072260
1429330125749985281
1425837061186097152
1432377545773797377
1428691845618540549
1432453331880972292
1432448959931428875
1423026799475232771
1423629436784685059
1427311044628733955
1432454044652560385
1432354534735728643
1426474112038408196
1429093260723642377
1430652737562333189
1423044891907665920
1430593050909331457
1424450917202604037
1430594707474759688
1423750425916936196
1423001988074283009
1422267427031760908
1431275169679613952
1423245990388281347
1423757944072675330
1427556477921857538
1432279493239050241
1430584108116283392
1432258055576727560
1432317869665267712
1431324285294071815
1430506050189414403
1432290352862466055
1426778163493867520
1428848226053017604
1432262107513360388
1429038240821088259
1423369969232977927
1430642521898692608
1430578981468790791
1430588259156041733
1426665038144851976
1423682204748722176
1423101033937575938
1429523209796337675
1429439751346606086
1426251896067592195
1432391158345441285
1430863174098632712
1423628689879838725
1432397450019545088
1428925842630000640
1431694714202468364
1422991724155133963
1428995390867755008
1432412454340993027
1430838841821237254
1430724965872066564
1430612439624732674
1422986182040895494
1422983323811463169
1422997325534973952
1429154069290029059
1427551138845503512
1423040945948446724
1429464659346735116
1432255545558380551
1432411597859966980
1423013428470370309
1428987894409179136
1423135589076017154
1428865623858237442
1428846674588405761
1429063128554381317
1422997501523726340
1428128415190761483
