1350793270520066048
1354938092029943820
1350783162994065408
1350793869781311488
1354035311333040130
1350798060067151875
1347480487242174464
1350478562713853960
1352242114030166018
1350918545711001604
1350923039945453575
1350825726455459840
1350924643855691777
1350775033271099394
1350770483210424320
1350825841371058176
1350762230506250240
1354002771431845888
1354807818428157955
1354147294329843713
1350867982260596740
1350862520840572929
1350760588805369858
1351143263705694215
1351230865377026051
1352368377097027592
1351486644059332608
1350778384658407426
1350775896781643776
1350859165372133381
1352495225642635264
1350853977760542722
1355225395851886593
1352289423501762562
1352287537121914881
1351089661226184709
1350874965114019847
1354713355139870721
1352422550521999361
1352333037934170113
1350867146910420992
1350803893542936576
1350874365752201220
1350835185626058753
1350766285689380864
1350847286641889280
1352367528870293505
1348564591538819073
1347253627744886785
1351158467248189444
1350895289696198662
1350751905618812929
1352912113229029376
1350814813883129858
1352381715105402880
1355582972511088647
1350857092609949697
1352334244400541696
1350742494884098051
1350789223994023940
1352273372785344515
1350537614965821442
1352526810597228544
1350741765393932288
1350793092840960001
1350777359448862720
1352366882012200964
1350774589408874497
1347309337648259076
1351094115581227010
1352257025141563394
1350878322398539776
1350866272519647234
1353653951669927936
1350863854696341504
1352500188544446464
1350763571983036417
1350909378082336768
1352305629956886530
1351107868641140737
1352262839231246336
1347245839232737285
1350753465564323840
1352369152741306369
1350796510729003008
1351156834405638147
1352582626255757314
1350754811478728710
1352440532425961473
1351094138406658049
1350755782585942018
1350934108948623360
1352238722503241728
1354720475075780611
1353290808842186753
1350723937995526144
1352172822861385729
1350821404753727489
1350878150432075777
1350758742716014592
1350814388291334144
1350761448901902338
1350794769006473216
1350935375309639683
1352529116042559490
1352406180770017281
1347262126730129411
1347244273448660994
1346545877150650368
1350965215152779265
1354067869001199616
1350938943248867338
1350787334573338631
1350825684487307264
1351294504091996162
1352298006272471040
1350744099532505091
1350753544379498497
1354078275522408457
1352787958160625665
1350915424876163081
1350810051372601346
1347653868772061184
1350773894626607106
1352334037902368775
1352338998597988356
1347276220728299528
1350793486124130304
1352456624158486533
1351125169406939136
1350908854612205570
1352504658422603782
1352263061726326784
1350744141995634688
1350875588106575872
1350799288159391745
1353981858963460098
1350751526072053763
1350743406855782401
1350969339667767296
1346504319621857286
1350918996976148483
1350783301401894912
1350885918945783816
1347308406797979651
1350888139120893954
1350784054183006209
1346526153289424896
1350787249470926848
1352350606103605248
1350732109145649152
1350812126949072896
1350796197653573632
1352455071594930182
1352365664330272771
1352244551294083078
1351198668494405634
1350822278955720704
1353996507314270210
1347662200442388484
1352302540902330370
1352287585612275714
1347253758728744963
1354112159945515011
1351103994182176768
1351239133994348544
1352267510687682562
1350757025173659649
1351949040666222595
1351247500242546688
1350725380131450882
1354065774869143557
1352251837777399814
1352307555100459011
1350824916623482881
1350439860973281280
1352366676239675394
1353331623140454402
1352472015169597440
1351085359665459212
1350754543819227137
1351121793503924227
1352243769509351428
1350857749136080898
1350923471640010752
1352276125498675203
1352311111094317068
1352350998581420035
1352267277174005761
1350940662611517441
1346404417160024065
1351165885034196995
1350903858411819012
1350896246794366978
1352262573480153090
1350760982361100288
1347563879166058496
1352361163313578003
1352252701762007040
1352427662959124486
1351264383951888385
1350743741548687360
1350773451703930880
1350842063881973760
1350798072641687554
1347428880441876480
1350771870455508992
1352490670066438144
1350885858124165125
1350884543893561344
1350747368317046784
1350900286659944453
1351172135608332288
1352362990201413634
1350819721093017600
1354171144870506497
1355858170527297537
1353763767985827841
1350782719832305668
1346440502258921474
1352209830673592322
1352237485980594176
1351107904863170561
1353690385307066368
1352265934103261187
1350758995590574082
1351089628154126343
1350973726297378817
1350763547261882370
1352380460563890178
1346887937003286535
1352420236503506946
1351086393766903812
1350775318236303360
1351480205848829952
1354115307133087745
1352405353632329730
1351697189593108482
1350850284617142272
1350771171885785090
1350871343936528390
1351289036422438913
1354064613860642826
1351415935710715905
1351305516232880128
1352300708821925890
1351239659863502848
1350717535042363395
1352329954055348224
1352271237058342917
1350764714482147330
1352533810286632961
1352234354995568640
1350770538101288968
1352334488529940483
1352603263892336641
1350884136622444554
1352379961353625605
1350848180678701058
1350905229542363136
1351112830490193921
1350463770083127296
1350479110192193539
1347684482355224577
1350864554415239169
1350873331520708609
1347497877325688832
1350769621549391879
1355583208579076097
1350843914262106114
1350832022059700227
1350751851130609664
1347459888381915137
1347300973232992257
1350779797279027202
1347293540641079297
1350791764827910151
1346563876079464449
1350767594169630720
1354215675577978881
1350754174267514881
1350793506202267649
1350841897825292292
1351180470726389770
1352358561247014913
1351294311049154565
1350906245578948609
1346428464996429825
1350784407456649216
1352425463931613186
1350921548719394816
1352781857805524998
1350921686439358465
1352276864426008579
1350751294206717958
1353985940130328576
1350764461221695489
1350857773416898566
1350768614417326081
1352303940285685761
1351083762919092226
1347512720539734016
1350746233724411904
1350762315910688769
1349752885794451456
1350820180654501889
1351248411266310147
1351492541754056705
1350925073197228033
1352347322542419970
1354829330375839746
1350728461002878977
1347472855215255552
1352434693954809856
1352350957544370182
1352189313820319750
1347805652916305920
1347274509922021379
1350780062015086595
1350775833665921026
1351097688079659013
1350935507140816906
1350765737519042560
1350837631337304064
1346452663395905542
1350794426428305409
1352131570769924096
1350740266571988992
1350494204745674752
1351312016770813961
1351084237903032324
1350842746223939591
1355074697248047106
1350805119303036932
1350876265042092034
1352240241176956929
1347818022875131904
1350977628010909700
1346662325349199874
1350738484978397186
1352174677205147648
1350843034091610112
1347264978248728578
1352254306779607042
1350716863429406720
1352338428701061121
1347296957249814532
1352928265212731393
1354718377890230272
1350807943604805632
1347310636565491712
1352408739203207182
1351111829141991424
1350797156077203456
1352262943547793409
1350740706135052289
1352610805653581824
1351086317434757125
1347290975320879107
1352367988117270531
1350741029641715712
1347481500980281344
1352253057665560577
1350797306434646017
1350886712994631682
1350714403604361216
1352367765693345796
1353375192517648384
1350840730688827392
1350774287645483008
1350826232322129926
1352295954305716224
1353991668102553602
1352353641919897606
1350971528129753089
1354480976819331076
1354210169253720072
1352852962087989248
1350454476554043394
1352364125486198784
1347402446386196480
1352207074621534209
1350889310233489412
1350443042533158912
1352275848972427266
1347252088250769410
1351085074788331522
1351114282281349124
1347243685549891585
1346473525981265921
1350716204764323840
1350873017396715520
1346463227354472448
1352358627261247488
1350771105523519489
1347563927824195586
1347456493587746816
1350928372235427845
1347247344400691206
1350910930687766530
1349899826129940480
1350923142663974916
1350809774351380483
1352413015048658949
1351978473892536320
1350755867348623361
1350437540646572032
1350830061759438848
1347260414472679428
1353984339885907969
1352527827560771584
1350741008858943489
1350775975991238657
1352261634404847618
1347617788169498624
1352471451853611011
1350993240997195776
1350770676433645571
1350766501280833536
1350937947567235075
1347622410946805763
1351136929774006276
1352343386276179974
1354193350912598018
1350897934334885888
1347246337453076482
1346780648514662400
1352311834716614657
1347249362422931463
1350946652174114816
1350728178160041984
1352384571908759553
1352416276753362945
1351255655353643017
1350898146608611329
1350834227550564353
1354097614183165952
1350947386315710471
1350833260889329673
1350907801120501761
1350835075047444483
1352369301429362691
1352183398480142336
1346457178257940480
1350882742377078788
1350905091646218246
1350885162020646913
1350803011178811392
1351223108829638656
1355556438081499139
1352334517978210310
1352288233879707650
1350872621680832512
1352257060046565376
1350758054300692480
1353986421334409216
1352381383608586251
1350843032850063364
1350834186702217219
1352333945959018499
1350773447367012352
1350768021799890944
1350790836208988160
1350437300602339330
1350780479037972481
1351156235987537925
1355839598711201793
1354716420236574720
1354062954015186944
1354067583503376387
1350819400539131904
1354043537025871873
1352346349774249993
1352343922186530817
1350757936960835585
1351258430128971781
1350765054371667969
1352311649982689281
1352239898124840962
1352351901040455688
1354716950585335808
1350761138808610816
1351287283757027328
1351085971194916865
1350728268425687040
1354014919507775490
1350742953707380736
1354858815389392898
1350795670328897536
1350752372205744128
1350771674279522305
1350956558671343627
1350758770108997633
1352225602544218113
1350823932950142978
1350793979852431360
1352245215717941248
1350920591570825218
1352450865446215680
1351497577447960576
1354092954932150272
1352247837099220998
1350871465940443143
1352253328592424960
1352232157465505802
1350761893837864960
1351118165464526849
1350748583482503170
1350823498072129537
1350757516662202369
1347315378746228736
1350780182517469184
1354055247354875904
1350771836536172545
1350791931811475467
1352648633817190401
1352781928114647041
1350762722540056577
1347301748487155714
1354075622742642689
1352481005060448258
1350804542305275907
1347460058309943296
1352365668331630592
1352244523339018247
1350525970210578433
1348046263833518080
1350859142639054857
1352392881319931905
1351177241158447110
1350809787378888707
1352371584972050432
1352257933971697664
1347258265210646538
1350779497684086784
1350794490152427520
1350584693067018243
1352596400840843267
1351494264421814273
1354792792363569152
1352345528483377153
1352248344668737536
1355618162461601792
1352329508322496517
1350843474917138437
1350884436372500481
1350746412326203400
1350746940477214720
1350539620447117320
1351201983420637190
1352252595432255488
1352270866239934466
1351666825420005379
1352154541500870658
1350858060647030784
1350820193375817729
1351104167633444864
1350799542292258817
1350772895354654720
1352243446430519299
1352854361681125376
1347270143492173826
1352268372067627008
1350764594046922752
1351156734279233540
1347265161124589569
1346514093566554112
1350455801748578306
1351156888772161540
1350736374337564674
1350848270042599427
1350776604625162240
1350765526780358659
1352292088839360518
1347274660287836169
1350769411511222273
1351494360983023618
1350771791535484935
1350545410092396546
1352302429115658242
1351099120463863809
1350891461290680321
1350803783555674114
1350778000372084736
1350722435511955458
1354810447573045252
1350437274522165250
1349084474135482368
1352325372419989513
1352239160845873154
1350595552883441665
1352529389712519168
1352404668345946114
1352396644566921217
1350782345939472384
1350986845950242819
1350796353803333632
1350781884435980288
1347283225140461570
1354846880564457478
1352779307194732546
1350812619289096192
1350906478807425026
1352289841724198913
1352238531901612038
1350759204882153472
1350739275571224576
1350948776601661441
1346441999558316035
1352388002660671489
1352254520806535170
1347313903290753025
1350876784326270976
1350763869988392963
1352272753324339207
1352907042269376512
1351159757277687816
1352309874252800001
1350886602537652225
1352280598270906371
1351077497950130177
1350855379253653505
1350772599173885954
1353517787801595904
1350815568249675777
1350773280379179008
1353977933841494016
1352283740685406209
1350726146812473344
1350799792637681667
1350718078691241984
1352888173198770176
1352319090707361793
1352287186088034319
1352277700342374402
1351140433896857603
1350792609187438597
1352445606845935622
1350889160840785926
1354715728218386432
1346695949951905800
1350907932322516997
1351118751228375042
1350814316325449730
1350867779856060424
1352488843107295241
1352329700153155586
1352420758824226816
1352528709601927170
1347318410762453002
1354845020424179713
1346525760518021120
1350835131758608384
1354806922495496202
1352456924449669121
1351093989366235136
1350783965284720640
1350750702893674497
1352411353751965698
1350811171503403009
1350751991002259456
1350942667144900608
1352325161371000832
1347433454422646784
1350835785671581698
1350764645984952321
1352290701636218881
1347292722894434306
1354804979941302272
1350742818789216257
1350869318049914883
1352789707453771777
1350859566830006274
1347265257245466624
1347243783621107712
1350787357394554882
1352250863918714880
1350740575566372865
1352366810692263937
1354813805717385217
1353427931960385537
1350835039400034304
1350761872920866820
1349753349277675521
1347317521368682497
1347267542314872836
1350722639812288513
1352321190187200512
1347244170369511424
1352271466201559042
1351100103415783425
1352394004403519492
1351090850185551873
1352282903242182656
1349776313134014467
1350775849641979904
1354122941735313413
1352549531909566464
1350467625009217536
1354025698361487360
1350815960240943106
1351085583880302593
1350798059714846724
1350770985759346693
1347241926601404416
1352317062832660483
1352297908931059712
1350796378176450561
1350766928604913664
1354713314450960384
1350795298621321218
1350896008016879625
1352310561875361795
1350738435858956288
1352955968804548610
1347241829582974978
1352239186028490752
1350741509906325504
1347468213446193152
1350965910044028928
1350865128640688131
1350919640986349571
1351230897656393731
1352516257409605632
1351247711627079680
1350749939891113984
1350845583964205056
1352344051832512512
1351070025856253954
1354799648704090119
1354017323334709258
1352360064313651200
1352355150254518276
1350814977133846528
1354729202994601997
1350843215264567300
1346885922139365378
1354063157245960194
1352864678062518272
1350866206752870401
1354791950222823432
1351261820250681345
1350826672686174211
1350827981464346631
1350946876607131649
1350437476553396227
1350875813185515525
1354808044857696260
1352428869501005824
1352205355913252864
1352234057262895107
1352267899126358018
1350768654762323974
1351088067042549762
1347242754670284802
1352404425688678402
1355545342494830603
1352320344179281927
1350830053983195138
1350841100706193408
1352863684771516416
1352376175646138370
1350856540752916482
1350807034329968640
1352280197006057474
1351214725691023362
1350895613437767680
1351296218736029696
1350752888528760832
1355180704410324996
1350858376784326657
1352352910701682688
1352906813998592002
1353006646805622786
1350871729028132868
1350777089734168576
1350815424359899139
1352278158544932866
1352265811713544196
1350779753075245056
1352183123644211202
1352331011137429512
1350908405431607304
1350790492309626881
1350780361031213056
1350721868282654721
1349673853312708610
1352314792120348673
1352339879309541377
1350898309142085635
1352377924515745793
1350785198011674627
1352318084846133248
1352248516312260610
1350798407305220097
1350912003859214340
1350786310785609733
1352278220847124481
1350804528925388801
1353277631270187010
1350720192528191488
1350766826607796225
1347246514247237632
1350741563425624064
1354712267141623809
1352242673638322177
1350763993170923522
1350839637640667137
1350842663466106883
1350746915420430338
1353387104114503680
1350838181734842370
1350736682589577216
1350770072546123778
1350956550077218818
1350796485504495618
1350868079438389254
1346442062699360256
1352263270506373121
1346409977158766592
1347900659560017921
1350744819568676866
1353712437351079936
1352992446444134406
1351530531733856256
1347264119976636418
1350849990218960898
1354796068299550725
1352417125370114049
1351021755582865415
1350010751159840768
1350889875218817024
1350746569780453377
1351246953632456711
1352238525354287105
1350738915775410177
1350801295481958401
1354370629043167238
1346895207405662208
1352284415620222977
1350958638836428805
1350838749471649793
1352240938031185921
1351202329517842442
1350813319230337024
1354014159273398272
1350762451827109891
1350746949465628675
1350808900468092931
1350861134358851584
1347266083150057472
1353498180634222594
1351286876586520577
1350831178291552257
1350923724237762565
1350816014062260226
1350781552582676482
1350765623840813056
1346504382490288129
1352366597571272706
1350907738516299776
1352328007650865159
1350857914706227201
1346494799600349187
1352861429788004352
1350785809692172290
1350789345846980608
1350919704181927938
1350775172106752002
1352377999761547270
1350735165081997312
1350826605028007938
1350776890022367232
1353281031990890496
1354402958805446659
1352398315472748551
1352335258088304641
1350800645092225025
1354714788086108160
1352256875237093378
1354789917130416130
1355627480359596037
1351173494441172996
1347265055923068932
1350776438681718784
1350758313730977794
1350810200660471810
1355805806109863936
1350948781165056002
1350776417584340994
1350767929667809280
1352908285704364033
1350805527492751360
1351115966026043392
1353409040362180613
1346558289291730946
1350828695661981704
1354096833744744450
1352242636397178881
1350736803687489538
1351505944555958272
1346894626582654979
1350773800548372480
1347684216251838464
1350766469097943042
1350816193347780609
1351091036777492484
1350462122900279303
1351220170799390725
1351103867526774784
1350815795736096769
1350747519647674369
1350814289179901952
1354737597365571585
1350751587044618240
1351254937343295488
1352160474427752448
1352218448076664833
1350923656801767431
1350772853877202946
1350909255713488897
1352404970881089540
1352247710028603393
1347451084411990017
1352788383010086913
1352514912640241665
1350771788599488512
1347378317381529601
1352343555520536578
1346011403468025865
1355796859575529474
1352865010511470597
1352412047674368000
1350797323358629889
1350787229396967426
1346405343488839680
1352290393610706948
1347254774366949377
1347242754041065472
1354724671556608007
1352402235142115335
1351154389277417475
1352241628350701571
1355553935076036613
1350954666205581317
1352252183098642432
1351208456926224388
1350836453224361985
1350765714408411136
1347263949746663427
1352332455185932290
1352481930705559554
1350766128776286209
1352275176516440066
1355578516755132427
1352358097919082496
1349319015697702913
1352401708350140416
1352239739806633985
1350876957601386496
1351241888360243207
1350441393131499520
1347298975636975617
1350763394152984576
1352262570649018370
1351099518285189126
1351127209180852236
1353997848459829248
1350940534546825216
1352403118567383040
1350844521911902211
1350824927549673473
1354725618458513408
1350829294583472131
1354716208097013760
1352295186240561152
1350842477712965633
1350759220174598144
1352943985120202752
1350868055350538240
1350768547828477952
1352429287996067841
1352329690468540416
1352248797418684419
1354937733194592260
1351060480215937024
1350553351914729473
1350875112824840196
1352131571592044544
1351232203594878983
1352363165275852800
1351135760771067904
1350774808599011328
1352905881504141314
1352224920303001602
1347521590129524737
1350925073637629960
1350764872624185345
1350739543188713475
1350906761490919425
1352409767772352516
1354721458522628097
1352522157214072832
1352261432000344066
1350790825463214081
1350807138327736320
1355515990377979904
1352368464787345410
1350730642066182144
1350437611731611649
1352377107112976389
1347250366371475456
1347249995431489536
1350829545482547200
1350923134027915271
1350804135499755520
1347256139025588224
1350875092465704962
1346457549822959616
1350870139101655040
1346505407867576325
1353627876575342592
1352275890512797696
1351345454668279810
1352262022323466241
1352324582020153346
1351089389166800897
1350727832268378114
1352291481252487170
1350868186154065922
1352381379342970880
1354375979834204162
1350860877461921795
1350836941030371328
1354149834404597760
1351185849241788419
1352239524320063490
1350771864021438464
1350791792665518080
1347252245944016898
1350923774653325315
1354207341084864514
1350795176189505538
1350949222607155200
1350824832464789509
1350729955760627714
1352219815616909312
1350823525213417472
1349754675311030272
1353642922705522688
1352323187900620801
1350784676173131777
1352697318999515136
1354134630115508224
1352268441516912641
1350758383750623233
1347529841202098176
1350904353230610432
1347328792897982464
1350830509610442754
1352372076104003586
1352269316952100869
1350880032231743488
1354038674867052545
1350548273283690496
1350806949596717057
1352780926070173700
1351095549936730115
1350050223398248448
1345904175490674690
1355903693263138820
1347500082707525633
1352382852818722821
1350780129211985920
1350853370102349825
1354075854427615232
1350914124964917252
1352344605077942274
1352350891391778825
1350764651764719624
1351095974060548102
1355849479279288323
1350736569871818752
1354813249678524420
1352362547714908172
1352143351513026560
1350764606051020800
1352525965965066240
1354071172388937731
1352254128790130694
1352262536071098371
1352254971178348544
1352521817035038720
1350836129248006145
1352893951053869057
1346525852943708162
1350891906365071363
1347272416813346817
1352301867355820033
1350888860360830977
1351195540801937411
1350782466034954241
1350930222883995650
1350816900817805312
1355105515139960834
1352225834531221504
1353984728253214720
1351222266059771909
1350852869348593667
1350809310855655425
1347280214880120832
1347453182264418306
1350733747486941185
1348246513022087168
1351792933914226688
1350919688138731532
1350809059985915905
1354838267376627715
1351289653769478147
1354088592373592065
1350820373277913090
1353742204590837761
1350889766330527744
1346806208410349572
1352938541647618048
1350818666603016192
1352784887749742595
1350873373472129031
1352231877952856065
1350850829285265409
1351213288496001024
1352952422445019137
1351134366437683201
1350882113587916801
1352293133766303749
1350799165274656768
1350792551427661830
1350789492295290881
1350827843123638272
1350765595986374657
1351146014967803907
1347707958965239808
1352207083094028290
1350854432720891906
1353424223751053319
1352307043965804546
1352744565019713536
1352355734458163203
1350925430107365378
1351527597889490946
1352391624517709826
1346871740979437570
1350765373667352583
1352245558904320000
1350872551354998786
1352490543583023105
1351101149659738115
1352372441578876928
1350837845485899778
1350782158126899207
1351133483645755392
1352966875689463808
1350775078150148097
1350890725945339908
1352314760973459456
1350819555690602497
1347514782019182594
1350799551196749824
1350567828638851072
1350917263583571969
1350857030915993601
1351111676620402696
1352272969293324293
1349101296750637056
1352304235354927109
1352284695862661120
1350779403937206274
1350720276590448640
1350906190373531656
1354713720778326018
1352284325971177475
1352397561517236226
1347262578435756032
1352273535755046912
1350913894945091585
1350868743992303616
1351113147407593476
1347259542820761600
1354802063801274368
1350740799915438081
1350776711139438592
1347322660653588481
1347255951892639744
1350796081223884800
1350732919128678401
1352290276082122755
1350758404726382592
1352267638072868864
1352263471493230594
1350753901709041665
1353716649279553538
1350758631935905793
1350750446701465605
1350765960010072069
1354843784538943492
1350994518640893953
1351084492417609728
1350858096604753922
1351446316702982144
1350801534825717763
1350453694911959045
1350798601451089921
1350719117398052864
1346492319491616773
1352267117429731329
1351852590724771843
1350882973097353217
1351090550146035712
1352276846210113537
1352368225628123140
1352329680150552576
1351203000279326720
1352245888475914240
1350851888745484291
1352270354627112960
1351165044332130307
1350765706556661762
1352347943672684547
1350921821059747843
1350803867202703362
1350711452395593729
1350761661603459073
1350742103719092229
1350869557876031489
1350920134299426821
1347247888578080769
1350779242091569153
1351059411813470208
1350990431560065024
1352350962934042625
1355531365740064769
1350483240738582529
1352722515098013696
1347267088738562049
1349361196718321671
1352317264037634048
1351087439457218562
1350921195127001090
1350760687405051905
1350596368079998981
1352356348302917633
1352304004949225472
1350981824584052738
1350784318130450432
1350769391613296640
1346475140498898946
1353981902609391616
1350859497464619008
1352579932908630018
1352536453314711552
1347685157931806721
1352215112539656194
1352862852818890752
1350584950215553025
1350515158410530817
1347278436939792394
1354024642063831040
1355504637340749827
1351083697311784960
1346416629010341888
1352273455618654210
1350574939401822210
1350801964511195136
1350752544813940736
1351084080293666818
1353706812462288896
1350450855615594500
1352352466453618690
1350754920115425282
1350773080713527297
1350737130071453697
1351143607550533632
1354794636175437826
1351255296648294404
1354714711376490500
1352325756328816640
1352319301999591426
1350803350367952896
1350888167486980096
1350783277645365255
1351142929818124292
1354817845553635329
1352350210345852931
1350740580389826560
1351513644190863361
1350970681245229056
1350777227135381504
1350863990319149058
1350943161309417474
1350809546390986752
1355136974030569477
1350849994606190595
1350456925285195779
1350867993920737281
1350755465307820034
1350840621100126209
1350853193236959234
1351169234957725698
1350894746059886600
1354021465377497095
1352531662756835328
1351090230674268162
1350878142836191233
1350924172055228417
1350751944571281408
1352428251742932992
1350887828348162052
1347478895902265344
1350857237640708098
1352201332539666436
1346888697661313027
1350785087927955456
1355952023280214021
1350730253598154752
1351153874355286016
1347525079236825089
1351089302491590657
1351798157001314304
1350774496089829382
1350759860380565506
1350820465619697664
1352289534453698560
1352287974315143173
1354793016792383494
1352273114684657670
1351164795970576392
1347435483358486528
1352356412492570626
1352350976636813324
1350890143071268864
1352370877900460049
1350843100038623233
1350849732617396225
1350774271082188801
1354159918329319424
1347246810381901831
1350781952232742913
1350777822227427329
1351253123940102150
1351157860474839040
1346507827863556096
1350837863382974464
1346411850725019651
1350770569386590208
1350869047798337536
1350749022760349703
1350750290778140672
1350728685440151552
1351087379906519040
1350738142995873794
1350888919282442241
1346433242333913088
1350835911441920000
1350769963318042625
1350728413531791361
1350776762880434177
1351087998662799362
1351176245430669314
1350793905311248386
1351250980726308870
1350871768542695424
1350769527701852160
1350868758064226305
1352277237886836742
1352281687519092737
1352596878404288512
1352331760055570433
1350780686718918656
1351171389454241800
1354479472045682696
1350765106028806144
1350865369179815939
1350720048965558273
1350792198032384001
1350745516976517121
1352341472528527371
1347245868093759492
1350816099705774080
1351072840947216384
1352231663300997122
1350893377664000003
1352538936468529152
1350769561231110144
1350729578428452864
1354713046355161095
1352411102106296320
1352608440393355265
1352409823229468675
1352276008989306882
1350439493199941638
1346507968465031177
1355799969853296640
1352311666889920521
1350871654352740354
1350762995757019138
1354754462452219905
1353980818843172864
1350834640555290628
1352475349989412870
1352266617154113536
1350926804798877702
1351256493681729538
1350757433405222912
1350830333151883264
1350768364440924160
1350447216851353600
1352963892016779268
1350835561045618688
1350813289735925764
1350935842160783369
1352266140647641091
1352406012091904001
1350861284431028224
1350763302029316096
1350798337906241537
1352296778679410694
1350841571508424705
1355517680481165312
1350441337712242694
1350762339507843072
1350738725819580424
1352334624605806592
1347411603264835585
1350769152592654338
1350806848316837890
1351041112614580224
1352502106431909889
1350776761357840392
1347244671588818955
1354027172265156608
1350837479755145216
1347258043088695299
1350885892160946198
1351203208736223239
1352264361335795716
1350928968074088454
1352222995356540929
1350797444934742016
1350723040389304321
1350593379562905600
1350773710194692096
1350746627359780864
1352245634791858179
1351098589590786053
1351249332587139072
1350822505938878465
1350766365976588290
1350734711535104001
1352249217234956289
1350767456923607044
1350720938158002176
1352194095326916609
1352453622966202368
1352270795377172480
1347241922713288711
1350836501135941634
1350824152308080644
1351373595847622656
1350772519884742656
1352327756990742528
1350738575621545986
1354824428027322368
1351125855595081729
1350751617457467398
1350732050886627328
1355487988919242757
1353366882384896001
1350870597455249408
1350849313082142722
1352379019023495170
1350829871929438208
1352255751230779392
1352348882878009348
1350849934858313734
1351057339386896386
1350891313957363715
1352550663079817217
1350527282692190208
1350762595171631105
1350784565128941569
1351313833932038149
1350818797406609409
1350804022308052995
1350799432795754496
1354718209530802196
1352375270431485958
1352258240801886208
1351173087157493763
1352208258866548736
1350767717264089091
1355232197440131077
1352283009857298441
1354038000330698752
1351087817192067074
1346464849845497857
1350934726207549444
1355614682619506690
1350835788901134336
1346394450319339520
1352283728597430272
1347242962049241092
1352417603503972355
1350740630390059008
1350785827723476992
1350796762332745728
1350762681943404544
1347256348073996291
1352289065220124676
1350925102918094849
1350835965925986304
1350766696408166401
1350753180339077121
1350744004124672000
1350889595265802246
1354004452085280773
1352446713357856769
1354531100924792834
1350938067645956097
1347443858561445889
1352274352532836355
1350914457703219201
1351226481440137216
1350912586942967808
1350800892346458113
1352359938216046593
1349099360676622338
1352279262808707076
1355516409388949508
1350772119601344512
1351128499545911296
1348438273518149634
1350783986889609218
1350795373489627136
1351084904239534080
1352305062660472836
1347264391813750785
1347258566533672960
1352321052265885699
1351137783587491844
1352324359189377036
1352307965781549058
1352271184512114688
1350900816601878532
1352400851898421253
1355798674639642627
1350762421758136322
1350769077015498752
1350918124393082886
1352788399158140928
1350737746688675842
1350800793620918272
1352398764988887044
1352941757915398144
1352286740124459010
1352342466494660608
1350769828995469317
1350545630272360450
1351302292839014400
1347252883847340032
1355130575879811074
1352284917447729157
1352251841229316096
1350546402007511041
1352328355954253827
1352212245187616768
1349965718775885826
1350924532857630727
1350839011464634373
1350833721520357377
1352250541473222661
1350967297322733571
1352713932780281858
1350806950485880834
1352270118290661377
1350900947116044296
1350856737826492422
1350829348056670213
1350818526035144705
1350895742324453376
1349665787116711936
1346389826849935365
1350794207057883137
1350727087850663936
1351177367444713477
1352404834083864577
1351203169561411591
1350815297180213248
1350785069460451328
1352292488870969344
1350918608164159490
1352267157242048512
1352419231606956036
1350754501972660224
1354515123810009090
1350803633571586050
1352278490423373831
1350864376392265733
1352261906812211204
1350862586355585027
1351207445352345606
1346534020121812999
1350797765958389768
1352232444271988743
1352248113872990208
1350743460534476801
1351280125896224774
1346544339279896579
1350479878639017988
1354879151438761988
1351097706350080001
1354145963212943360
1352307961360773124
1350862055901982721
1350765779273326594
1350894138150023169
1350496397548777474
1351126689401757696
1346621143260790784
1352391883922792455
1350849110371393537
1346558302046609409
1350925105086476292
1350796398749507584
1350770079521243136
1350792537750073345
1352265716792176643
1352320305742667778
1350811781833355269
1350785764834103297
1354795883863400450
1352247448371126274
1350933408256552970
1350858325659934728
1351291370082865154
1352209045785079808
1350847590573744130
1355441059501912065
1354718006266494979
1352212417380577285
1350877382555611136
1350748196268552192
1350571328894545923
1350744919078547458
1350805756896026625
1351225840600809473
1352242127003119616
1347362583351799809
1350952997031993346
1352269244092841984
1347470834353508355
1350875877672939520
1346552853364617217
1353128176822714368
1350736496886751232
1352358082513399809
1352284691446034438
1350926289801269248
1350950307946233856
1350762245400223746
1350819550611329025
1350942040750747653
1347304023209218049
1350880453373341699
1350860571172884481
1352908141541937152
1350777326167085057
1354730730937589760
1346532291565256711
1352357212375691264
1350750009076154374
1350574775551356930
1350836771127488517
1352319896382808067
1347632537238200321
1352275139082248195
1350885043464499201
1352276314263330816
1350481261970804738
1352286596272418816
1350820726031450113
1350752641337405444
1352281716963110918
1352293806494932994
1354794612670521349
1350771448399409152
1350847281243820033
1350731391202430977
1350844710194176001
1352291391938949120
1350759072400867329
1352779520672202758
1352271229550473218
1355516339578953729
1352265099755593729
1351165499590270978
1354834535859560451
1352250776236806146
1350817358684823552
1350786239922888705
1352331442076921859
1351231817035214859
1350810337315008513
1350784208696975360
1350763831522422784
1352251356929781762
1353717575088283651
1355515881187667968
1349098064527695879
1350973780068360193
1352406561285693443
1350779259573440512
1352330036561457153
1355566789892186112
1354823980696256526
1352908513069117441
1347673107381760001
1350737004510793730
1351096102687272960
1350545593215700992
1350895037274595330
1350838496450256900
1352258648240771072
1350824355228504064
1350744288263630849
1351091576014073857
1352507587732893696
1351090217151836160
1350871167868002304
1353687999935090688
1355597743033643008
1352374689759432705
1350795630243958786
1352376844306284544
1352344864927711236
1347293637470810116
1350860534309126144
1350850696233578496
1352270845524242433
1347466202126417921
1352297561428811776
1346496131228979202
1354717753438072832
1354003614172372992
1350765695429128192
1347314372209733638
1350721119020589057
1352790802473365506
1352343932764631042
1351095263008616448
1350832154859757569
1352298438260649984
1350713263827382272
1347242683555786753
1351106544205705224
1351111660862386178
1351104216039903234
1347397002112413696
1353981812289245185
1350741065482051585
1350773049382105092
1350692028775067655
1350437310295375873
1352261989465206786
1352239328148205569
1350891280872693761
1350989067077509121
1350852229859844109
1350858469553922049
1350834942469693441
1350811521715208192
1350721130173231113
1352328048776015877
1350913455038066692
1351096384590651395
1350912800890228738
1350978891024904195
1350762147496734720
1351069318319108098
1350758864375984128
1347603226170961923
1350749429792387072
1350760915625533440
1351444353441529862
1351186353766232077
1351107387411881985
1350780321961299968
1351090939033477121
1350906105501806592
1350814627022696448
1351105764459479040
1347800305795272704
1352346194337476608
1350878466292539393
1352394237715869696
1350846918390386689
1350712272960843777
1351227336109285376
1350935354359091208
1350738669196500994
1350789924681879552
1352259731298123778
1350822643226841093
1351129738614603782
1350881873048842241
1351174785997352974
1351195025586184198
1351093375949299714
1350917918763208706
1350784475131744257
1352420769637269505
1351184668457136132
1350859862410977281
1347346937184464896
1350816954093867013
1351290162299473920
1352131444575858693
1350884673048743938
1350762934021062656
1354712405448777728
1347433497078722560
1350732992973578241
1350779809031475200
1352262496346906625
1347475554384097280
1353998393404772352
1350927937235726338
1350766739861233664
1350728132840615942
1350751222395973634
1352359248408301569
1346560310908477445
1352234088292376577
1352279845212999685
1350762176445874178
1352307961641709571
1347242933863534593
1350854495710957568
1350911897252622337
1353670056291536903
1352299390543798274
1346507708388810754
1350843592831602699
1351089856026456068
1350809311426072578
1350813088023523328
1355614342339833865
1350780190599819271
1350853512389947392
1350817503128256512
1352399507363926017
1350766480858689536
1352914624576942080
1350782785552834562
1350862031000371200
1350896168851615746
1352309045969956866
1350741805319520256
1351123741036716033
1351260628485341186
1351085537579433984
1347244965521403906
1354089798533865473
1352344799332999173
1352246023440232449
1347271046592868355
1350794543801774083
1350896730880012288
1350797339456372738
1350772579724898304
1352294950805843969
1347243500543336453
1352262759120064513
1350931475617755140
1355104970513788929
1352244247706169344
1352501126151757824
1350833799014322182
1350800701191028736
1352293785254961153
1351626221566779394
1352250129730990081
1351324989790834691
1346552507900768257
1350899071897186306
1350770284060676097
1350443698610438145
1352328223393243136
1351216584874991617
1352288992876756997
1351660250374529024
1345441456245387267
1350840018181492737
1352206881121595392
1350797069657796613
1352251513620586496
1351256735307214850
1350763017684844544
1350749421735190528
1354713376442740738
1350798967228035074
1350746468680916992
1352376869874769922
1350765564956913664
1350918190491185154
1350934819816022022
1352396006273515520
1354092550924230656
1350775558683160576
1351147493686472712
1351104645578555392
1350768217485094913
1350854320896487428
1351032942202650627
1350467513730142214
1351088338808270853
1350802994883915776
1350791677544439808
1350824909883236352
1352341865962606596
1351095323528146945
1352243238405623809
1351360964378173440
1350882704464764942
1352568083756539904
1345897806431727623
1352370445186691075
1355670234334638081
1350778901405044741
1351193698256740355
1350901991799726082
1350791780988575746
1350811362855964674
1347280845808295937
1346461987593719809
1347456625448247298
1347254341288259585
1352479954177560581
1354716671982899202
1350796936136294406
1350766191577624578
1354712312133906434
1352249549675487234
1350776433552064512
1352393949776900096
1347683327260692485
1347253978837491714
1352317369444667394
1352231393544331268
1350901956861112321
1352500672952983555
1354029959702933504
1350840919730364418
1351093798567354371
1352388788266348545
1352268955679862786
1350717972139155456
1346513285433188355
1352940361832914944
1346580829577900032
1350753112533979137
1350875676421840898
1350754165404917761
1347562329752350722
1350876103871766530
1346443315890302981
1354042932807032834
1350794194068131841
1350869108427022339
1351121137082769409
1352309755340066818
1354114957177184256
1347271814985220101
1350767654387249154
1350913520397930502
1346547284205563904
1350878428778684416
1353296616262918144
1350863349496623105
1352267842096390144
1352266889112809476
1347244965609484288
1350861431386890242
1350719511851393025
1347612780820623361
1352333009211555843
1350893855714004993
1351155613284376581
1350015053844656129
1351087798707777542
1350748189666779136
1352434722425724928
1351241839685345283
1353993854052130816
1351116078001381378
1350885551004643331
1352375040445186053
1351072338197012480
1350714006034653184
1352386754561634304
1354810805363982337
1348045091374510080
1351142206585892864
1353691543681511424
1350847184938401795
1350907679011692547
1350800623864836096
1350791268624904198
1350783429953118210
1352286922769637382
1350766427066806272
1349098655177789445
1351868579352899586
1350957274949443585
1350842274691878920
1352279289601945608
1350831379995648000
1352300011699236868
1350950961162936321
1350897750293049348
1352915502465765376
1351102781122355203
1354123375673802753
1352421087339048965
1350490762203570187
1347916784817627136
1346612752299806723
1347466809931403266
1350809856639459328
1350760938824151042
1352296346984861696
1353055463580033024
1350855278615556100
1354400340838383617
1354443459885735936
1351087073755803649
1350929707475337221
1350774150361722880
1346529961235066880
1350710575119134721
1350744416701526017
1350768522318766081
1350808781324759040
1352333943417278470
1350741658053312512
1350826522744147973
1352556658849959937
1349796120881459202
1350835307277672448
1347256760999038978
1352343808277671941
1346863326274465793
1351287501852434440
1350778547275788288
1352358510038757378
1352253553142865920
1350741260185849858
1352260716066205696
1351314576441274368
1351039555156238347
1347335070688927745
1350921026188832769
1350852754483400705
1350851239794397184
1354714817542713346
1350829995401342982
1347501712014192644
1349787344568803338
1347258517879738368
1350769706165284868
1350875768868532224
1350825128762945540
1352517091635720194
1354711803180294144
1350824663044255749
1350756902314110985
1350730049167761408
1352281881333608448
1354444287954612226
1352239685981057036
1351084148283367424
1347244619801776128
1350778138339454977
1350841544992038913
1350807206405566466
1352335998999519232
1355985135980732416
1351263765946368000
1351091286162472963
1352347787321634817
1352287148867792896
1350818742809350145
1352358622207074308
1352258288054919169
1347498570446999553
1347260761656217600
1350844228377731073
1350768916293890049
1353584719674429440
1350976978422292488
1354190593791029249
1352852798711484416
1352238420593152000
1347304065919832069
1350984013951991809
1350801576580042754
1354715192219885568
1352510194547359746
1350775931674255363
1350792050141241345
1351266342574424064
1352266347108048897
1350805883035537409
1355516208725037062
1350765683794202625
1352376417854644231
1347480758840160256
1346583714084626434
1350820929140617222
1350719334302298112
1350821459254521859
1352366680392032256
1350736916975652864
1346526547189100547
1352253176322383872
1351196539335675914
1350863770512453641
1350816842324045824
1350766136313475073
1351106339397922816
1350955161863286789
1352787909754155010
1352787754950733825
1347462953734447104
1350881060196810753
1346179069549940736
1352345783589359625
1351092351138201603
1350743069860229126
1351236937651249155
1350815605667082242
1353992837784809473
1352240607134158854
1350868839354036230
1347684804859453446
1350768227257905153
1347292554572804096
1350792931125456897
1352323149304631299
1352245484283453441
1351162870667603968
1351164255907827720
1350855282851770368
1350896390663254016
1350814662779138049
1350899870710816768
1350782748974342146
1351096124845813761
1354832461470060544
1352301348298108929
1352269283380912134
1350807999229677569
1351182145302253570
1351178372689358863
1350962565346635779
1350786082753949698
1354325402311929857
1350748682396852226
1352359461978038276
1350868408812924929
1350792795200565250
1352548857272561666
1350818551486181378
1350844629319614468
1352238359893209088
1351240342390132738
1354199821532467204
1350864319890788355
1352509799091605507
1352300937839316992
1350718906877534208
1352531374239084548
1350713644896681986
1350837776044978183
1350809210947252226
1351105796428488707
1350862796402139142
1354436769987637250
1354800363270852621
1350755265780453376
1350438293842907139
1347252709896937472
1350764148779573248
1350741971556564993
1350783227070472195
1347249171577892865
1352303447165513730
1354079182461034499
1351089835021389824
1350741577296175105
1352279562915368962
1350849180772798465
1347626106871050244
1350837366936711172
1352244781699706882
1351117517398401028
1351102654555041793
1351867912504672257
1352630456022413317
1352256797722206211
1351097177838407686
1352260678019665920
1352243211515944960
1352517404958609408
1350836315273764865
1352350519717724174
1352519086702534661
1350842789509136387
1350450368707252227
1350723511766155265
1351027935185141760
1354026773487480836
1350732593260605440
1350915032218038273
1352997123139248128
1350457008818966536
1352263223240761348
1347254417939165188
1350955915948793865
1350833657284616192
1352317397227724807
1350876140689371136
1352212943308468226
1354717255913893889
1350847266656026626
1350923731972067328
1350735397056339969
1351488721292554242
1352269141022023680
1350763864896495627
1352207075330433024
1351094708928454658
1347296046821613573
1350854176796979206
1352502072214761472
1354120634230398977
1352244426312196097
1352267545441693698
1350733481903583232
1352306997325144066
1351154693880295429
1351084346292260867
1354062363146805248
1350550324055060481
1353107955353341952
1350770098248822784
1350785297135644672
1348693662587359233
1355523558760439810
1350764037324345344
1351196222862872577
1350753770775441409
1350765332328230912
1352363952806785024
1352245731164303362
1350787470544273412
1350755601589145601
1350884571152314368
1350769541241049096
1351239434348486656
1350448769238786048
1350762827041091584
1350919840912044039
1350893589438590977
1350777250669539330
1352206062582173696
1352377707787595777
1352273844455809025
1350869670090436616
1350777983448047618
1354803402606145541
1347286770673709060
1350860649845370880
1350774210193403904
1350793574468694018
1350760161103773696
1351130669171290116
1350818080935522308
1350457144538263555
1350785591848411136
1352398009871589377
1352287759570972676
1352891177511563265
1351444369203720195
1352375072678440963
1352276956113494016
1347251628437602307
1352717005036675072
1352273500426416137
1352247909685850113
1351087256635891716
1350788179243257857
1347543891675930625
1350843446202920960
1350754871994159105
1350758487094079488
1352240215772033029
1351204902312288279
1350807249715912706
1350767804186841088
1350849510600302600
1350797593505386500
1350786849904726020
1351133016748384256
1349788312949682176
1350913711876280320
1350777315832328192
1352428570514231297
1350722908847562752
1350829268780032000
1350884370593275904
1354713383594037250
1350774275364560897
1350849334246600707
1347351249151275014
1346429488310202371
1354715212411236352
1351207844788510727
1352242935111315459
1351272490694270979
1351217331524030464
1352265155443388422
1350946659950321664
1350831730345836545
1350786331450994688
1350505717585870850
1354191305988067328
1354067837283930112
1352283892477255680
1352884843001032704
1350848540650696704
1352371271682699264
1350625692183113733
1350755139309740032
1352367428978831361
1350915698982330370
1350762388950298624
1354715257864908801
1352235959111331842
1350816205989416961
1347308645063618562
1352858344659234816
1351201306896199686
1347263496338210821
1351123162063396864
1350836407590379521
1352254319970705408
1350827862253854720
1350747756961390593
1350716984955187203
1347255616633507844
1350756933670739969
1352202531728973824
1351147672556744709
1347242127642812425
1350891164518461440
1350773273898979328
1352561329362661376
1352396225061007363
1350821585045827585
1354009435912417281
1352413635725955072
1351143757303980032
1352268343504474113
1350741429044334594
1350784543956021250
1351126876157333507
1352318654730407936
1352307172382814208
1352276983057690624
1347994787484479490
1352263330841436160
1350725227404275713
1352300218600083462
1350900882238566408
1350834728228761602
1351166772683165702
1350442955505545225
1350900852458926084
1350487971523424256
1350827414079889414
1349857750168334336
1350867734872150018
1350912611618054152
1346482709045018628
1350793655569809409
1350740739253100544
1350761668532461568
1350854352433541126
1350733341792890880
1350834277638938627
1353825079122141185
1352282160368152576
1350467207751413762
1347302039127289858
1346445587785404416
1350762966539493376
1350765900987826178
1354696707725021184
1350831912223440896
1350889022000934916
1350866165174775811
1350790306334183424
1347610353123926016
1352350668158345223
1350770217367064576
1352289383605563395
1350776097470820352
1352264322567778310
1355795652698120195
1352345163901898761
1352528868809310212
1347257561142218754
1352334276755415049
1350780941069918210
1350818497304006657
1350767042304094208
1347269547745824768
1352261391953113091
1352245983569186817
1350810210709991425
1351248690049069057
1351444601417162754
1352352903328051205
1351104108170719236
1353692855097839616
1352390439651979269
1350834507021221893
1352563660686827520
1350811833872109569
1351196989216727040
1347254389283708928
1351173809995460612
1350849014695145472
1350859355923636224
1350833106140454914
1350901058969739264
1351147559843229697
1352325141703892999
1354064128260907009
1350858726014648327
1355835273138069511
1347259105937907721
1352409759819902978
1346447127833178114
1347862298598256645
1351122392479895553
1350814995815260162
1350786891256356865
1354047057871462400
1350884880696168448
1347284057453961216
1350922738215608320
1350777273000079361
1350871655355179008
1350524987434819584
1349318126400380928
1350739220382556162
1350894261156409350
1346548774961901570
1350989474726105092
1347255408738627584
1350877729730785280
1350855368902111232
1352329234484776965
1350763557030395905
1350793500502224897
1355494779702956038
1350870042347515905
1350779327206608896
1350733886213541888
1350732167479869440
1352520102395203584
1350744780632973312
1347603482304507906
1352329319759147015
1350922186157154315
1350796598645813257
1350857525097357319
1352943833798074368
1352286110303576067
1351568033391800322
1352240226710802434
1351088062449790977
1350751816229777409
1350870582158635012
1353982297175953408
1350796495419797504
1350869773110931461
1346118011762176001
1350789767810707463
1350982423551619074
1352743817410195458
1351187762964287494
1352273838848036867
1350817332478832641
1350949493244628998
1351611007123255297
1350841868607746049
1350836490331435009
1350783474177888260
1352318248419815424
1347459807138164737
1350777118926508035
1351179034693087239
1352375882619498502
1353438967085973504
1354714045966921730
1350873271936425984
1350484276446420994
1354714388339580928
1350797412454064129
1352394095415713803
1350792238016700417
1352304779767279616
1355546831917350913
1346510831958294535
1350884075117158400
1350739060881547264
1355472569139404802
1352504588851683328
1350708223494524928
1346376960751104000
1350762441874042880
1352303361203331072
1352380283539042306
1351213693556695042
1352358761546063883
1350835466891882496
1350821514011152384
1352391147856031756
1347308614508310545
1354363078947856385
1347532981594976256
1350861934023815171
1350722034964299776
1350911779644329990
1351171473982033920
1350733940697522176
1352482071378358272
1350766172992659456
1350717310814838786
1354715624824561664
1354063273277198336
1352294289930379267
1354503336255492096
1352228880648712193
1347253616076316673
1352417237697753090
1352304629539856387
1352300581008891904
1346456811642253313
1352255874052616193
1347255137715318792
1352334375132803072
1350875168873308160
1351118200537292802
1351104949934030849
1350774885447061507
1350751346752946177
1350480844012613644
1347270014240436224
1352748098628554752
1350760959418245120
1352131243501088769
1351977791252803584
1351173736343478272
1347448155856654336
1355534210111516675
1351026935049162756
1350795749035020288
1350444495066845185
1353632666202107904
1352391337828605962
1354102378862096386
1351238628257779719
1350817947741282305
1350767582463332354
1350799561384747008
1352405100866711553
1353056687955922945
1352385016488222720
1354448022084706309
1350840704633876484
1352353121952014339
1347562122365046784
1350863193430765568
1352369787737944065
1350765978037198848
1347334102618431488
1351145242091802624
1350750991356858369
1352240508073095169
1350780229065859074
1350965693244698625
1351760875045195776
1352402852120035333
1352297632425799680
1354043238336880640
1350896071690629120
1354063293409878018
1350918849852559365
1352399256989159424
1352322970065264640
1350473010185175041
1352490425140051969
1347339355237486593
1351019158817959939
1350768469340512259
1347245330132295680
1346530446058905601
1350735723486437377
1346507864584695809
1350837604841881600
1351860380746842114
1350761286544613376
1350742695019491328
1352289673125781512
1352372666620108801
1352239243016466434
1351241450323914763
1347420021409124352
1352327599280836609
1353408986134040577
1350751448301268997
1350803117349232640
1350780231431417857
1355545940367724550
1350817181064376333
1350752084627480576
1352555265082716161
1350772005071675392
1347298323615670274
1350935006458355722
1346417473919344640
1352253489691373568
1350906752439644161
1352240772930809857
1350478606032658433
1350905396538519562
1351145393590034441
1350834086047326213
1351628924384632841
1350760481930285063
1351246950499315719
1350799257159294977
1352295729050615810
1354010240027676672
1352260090578034690
1350797086426615809
1350754908044193794
1350767394290069505
1355964218042933258
1350796267279052800
1350739093425160192
1350712497599344640
1352370310637629441
1347246561303162881
1350752430724673539
1351050905127411715
1347438328891777024
1352377982699130888
1351128433959587841
1350923387221245964
1350781333635784707
1352379065244774402
1350769884620316673
1350782404890386434
1350875302378012691
1352351340144549888
1350765271426990086
1350961327364329484
1352300358631116800
1350885283777159168
1350750226806677507
1352375176982310912
1352290047052099588
1350767813040996352
1350826467467399168
1350939270354231306
1352383852518502403
1350777098953236481
1350903728484839428
1352256437251158019
1346416314781458432
1350788515508969472
1351127567080763398
1350965137910476801
1350774872927072260
1352352540428558337
1350843428737839105
1352244822631981062
1354873097988562947
1352240263364833281
1350761404635222016
1355124945282621445
1352897055098892289
1352307749682622469
1352397916695101440
1355517182202028032
1352228749677309952
1352835228985909248
1350968670344896517
1350906751806304257
1350865004262793219
1350817029276790784
1350784235993497608
1354835936098586629
1350767216183148547
1351116514410246150
1346574524129685504
1354229237352439808
1352356179553497094
1346437481231745024
1350869372517183491
1350809353373278209
1350803301755924481
1352303363346542593
1352365618171883525
1352358524827934721
1349383645782552583
1352273839414247425
1350913359122554880
1352497481288974336
1352285880317337602
1352352557516140547
1352259635345039360
1352539320230563842
1352207398426042369
1351100005336166400
1354083336289980419
1352536946590044160
1351083554676105223
1347270874160902145
1354005309279379462
1350882387111141382
1350767253013336064
1352355569278083075
1350736764172959747
1350741666488057856
1352310738732412934
1347242099394146308
1352363799714660353
1350751264741732356
1351128976643809283
1352228138550493185
1347274887115599872
1350808969162461184
1350449163746615297
1352734388094689282
1353602843115212801
1350742941128683522
1352363124016500737
1352782165386391555
1350850032384286720
1352329391045550080
1350450336323035136
1352364841105764353
1350883647486910465
1350829498753830912
1350884100886945793
1350799773691949057
1352252571650580481
1351085466242723841
1351088048117846017
1352286766364024832
1351166805289676804
1350773004427550722
1350791974194962435
1347261282001559560
1347253771529814016
1355950856286449665
1352358211781873664
1347315618920476675
1350835444058124291
1350810791000338432
1350908869317435393
1352746022053797889
1352133652646391808
1352389257298665479
1350799866553884672
1352500827164979200
1350928355437277197
1350835186750128128
1350919845777465344
1350844851198300160
1350811336394088451
1352489211409084416
1352274082285424643
1352239938172022786
1350784128241827841
1350944837441302533
1352420924683935744
1352488162350739461
1352210048051802112
1350809627315871744
1353989865906561026
1350788571293245441
1347418982568046594
1352267058625568770
1350908394677424129
1354714926531694592
1350824897682038788
1352404465681391617
1352296709171408899
1346906111270596614
1350786751963553792
1350787456573038593
1350778277955330048
1350770800320774144
1352210153714700289
1352301183944298501
1346866589786845184
1350795355621879808
1350897564439212032
1352427567291183114
1350776378438901761
1352298281569824769
1350520849565163520
1354836615907180546
1350822104023900160
1350787491675168768
1350760751359733761
1350938343304015876
1353284415598845952
1350177117124898817
1351238723808190464
1350819308583186438
1350745589064077317
1352240329404145672
1353410911919353856
1350774607972888576
1346746468326060033
1350767447822004226
1352338406982955014
1352761165198327808
1350767138127097856
1347446766883528705
1354034531288965120
1346501433001172993
1350906452559462404
1350444999629037568
1350786343954239488
1350896791437398017
1351098470204104706
1352278849095131136
1353981811316154369
1350786292402020354
1353980659065368577
1350764095755202561
1350728754864250882
1350844752976109569
1347264969583300608
1350829489341816833
1347282785678061569
1350895048049762315
1352279627314700290
1352573613271113735
1351302862446485504
1350437091675660301
1351144285241008128
1350441268371980290
1350734295736987655
1350921278396502016
1350765771815845888
1352282189803769856
1350903259876225033
1352219099263348736
1350796208911085569
1346588955504996353
1350885159579643908
1352256527902666753
1354712116150865920
1352320423770337284
1351195714618089472
1352296190885457923
1347263841252597766
1350859440099090435
1351225445941981193
1352290422337507330
1350888031377633285
1350830565600198658
1350754411384074241
1347296390444179456
1351084102418620418
1354065255840829441
1352290205252857857
1350919631406510081
1351559405662314502
1350738524782399488
1354816196231610372
1354722742969511936
1352303732516651012
1351108823042420740
1355839978807455744
1355795571051782149
1350733498554978304
1350845119419850758
1353775775749726209
1346942203462103040
1350960018015793152
1350874821111001090
1350736216719765504
1352250643424161793
1352534291973074946
1352366177507536897
1352341174820986888
1351177461309038602
1350844117367054337
1350809587847458816
1350477844380606464
1352227093246054400
1350780086178476033
1351250063822114817
1350784885036900356
1350773176100401152
1352401426820046851
1347241904476475392
1352371736222773250
1350871786762752004
1351979330952376320
1350817344176746502
1350795181759614978
1352237414727692288
1352286514634489862
1352867214660132864
1350928634924724224
1354104360377188352
1350914653581434880
1350715037170737153
1350834965085380617
1351194415545675777
1347450227352023040
1351292408139493378
1350838454385569794
1347602206548226052
1350839619882020869
1354068889508974592
1350773291548598272
1353671947146637312
1354736432594739200
1350779668392255491
1347390373392494592
1352335397053984770
1352301862016458758
1350826876646912002
1350452613490364416
1352242333870297088
1352261165179691014
1347497962658787329
1347474078693806080
1350791148487520256
1350783279516053505
1352536387111804928
1352308817749487619
1350736534639681538
1350804608185217024
1347245228453978114
1350758415132405760
1350722808410759168
1350825341267431429
1350859486945308672
1350753619549814785
1355519598368608260
1353454190597693440
1352358640414560256
1347244251625746433
1353501826465804291
1352269226480967683
1350768796299124736
1350725503875997696
1350795842005987328
1352382521711931396
1350539319937798146
1351107023237226502
1351106178982572033
1350947011986677760
1350900404494725128
1350795034531139584
1347311184182177792
1350784729247870978
1350742926658326530
1350916091510403072
1352252785039970307
1350773359886409734
1352884567619858432
1348607376266571777
1350936575081930754
1351051091891335172
1350791295208402944
1352230238500118528
1352382131465580548
1354733526546063360
1350935113517965314
1350772951768059904
1352296893435535361
1354715092059906048
1347331674795814912
1354064133356990464
1350823541403430913
1347266100308942848
1352263898460778497
1350798780979929088
1350749791395995649
1350764733163573248
1350730752372199426
1350534730958204928
1350898356890066946
1350437023891521536
1350436309316333570
1350845119486976001
1354063775104688128
1355030015365292034
1354003692559720448
1347452089966977024
1355877981747617801
1350792079794966528
1350802055934390272
1350776474438139904
1350782727931506691
1352262746671349761
1350767244805091328
1350762252270514176
1351240799523123210
1354869886061862915
1350779605460905985
1350909902819045383
1351188465078120453
1352458570642714625
1353985153039822849
1350720746931318784
1350896701956091904
1352307519343964161
1350475454873001986
1350905785631576068
1350791127826395137
1350450819397799938
1352340965156139013
1354808165989109767
1346471552972251144
1350862730509623296
1350854646802354181
1350766074208415745
1350897197194366976
1352270324830789632
1350816878646669314
1350801870932082689
1351096391142166528
1350549496229490690
1352242180694433792
1350868127077314568
1352256562753134592
1352567088305614855
1352252934629838856
1350716110086299648
1352141642246086661
1350890899904098305
1350770127751573507
1351101218588917769
1352271860956803072
1350494412753805312
1346472157233127426
1350746121283506178
1352218395639508992
1352968639155200000
1352358025537974273
1350780115895132161
1352262370727522304
1352547072067702786
1352370663995166721
1352278879688404999
1351180568319455234
1347558544170692608
1350575693046968324
1350882142235090945
1346449299597647874
1350796909234024448
1350771974876913666
1350832732247613442
1353408486403575811
1350771717795422215
1352459141692993537
1347245450642993152
1352268020467564545
1346441723589832704
1350880812464566277
1350867352309657601
1354718303911108609
1350760496346116096
1350794675431632900
1352265580234092545
1352223652960489472
1350978780769251333
1352307336870846465
1350873110908698627
1350761813055590405
1350786013573079041
1350825449165873152
1350533562320244738
1350931179717931014
1350491844438880256
1350719056576466944
1350770444576710658
1350762468474298369
1351271997196693504
1352301109944193027
1352268665601859585
1350905533847523329
1352365859453460480
1347258352443797504
1347126641831661569
1352397696523497473
1352520281999486976
1350795611868688384
1350820078141513732
1350791389332844547
1347126240122175489
1351047328787001355
1355252596253065218
1346578531048947713
1347687202986356738
1352207295313293313
1350825579147390976
1350747633321709569
1350765780741324806
1352321172675944448
1350912606933028864
1350744810303459330
1351139261588901889
1350795915209146370
1352292750947995648
1350825948757823490
1350764290807123970
1352332904387530755
1347265398404767745
1350905669495517185
1350751255816237062
1350909047298531333
1350874485201793027
1350535255892094977
1350871335380070401
1350759201040162817
1350828115887607810
1350911941036937222
1350767321778937856
1347302641571921920
1351107662428188672
1350746382655758336
1350780347999465477
1350929176505806855
1352248039637921792
1350879212501143560
1350796317413564416
1347324518101102593
1350812477739724802
1350448233999380482
1351162711284047872
1350777242322935809
1354811385012580357
1347311584465588236
1350790437213237248
1350761623095570432
1347249828905029634
1355543916959956998
1347253601769549831
1350835908472434688
1352361849594011651
1352460471388033026
1350788882980364294
1352271768250183680
1350768387752927233
1352233977613004804
1352272650798825473
1350917912681467905
1354063187415625732
1350811184811925506
1347290079140708355
1346456975048138752
1350846000907366402
1350792478060929024
1350736013518385152
1353048548636381184
1350934752405106689
1350794003881590784
1350801139885768704
1346419780396449792
1351088120545083395
1354042781229047810
1352215848623218689
1351121835476344833
1350760342054465536
1350523361563193344
1353454553988030467
1350776648707272705
1347793866703953920
1350794962452021249
1350710277831073793
1350831251096268807
1347290977027956736
1352909400743305216
1346600823053312001
1352249667107631104
1350915032243081216
1350797367721783300
1350764191548903424
1351314281229332481
1355522416311676929
1352281983980883968
1350918860682178572
1350857821827588101
1351121783735410688
1350538088565628930
1355613846141083649
1350822402457001985
1354079182733660160
1352295270084718602
1350969576322981888
1352308554561105920
1350784090186854400
1350466304642314241
1347492608101265409
1350796750517362694
1351088574507180033
1350761098115477505
1350966898398294018
1350580781274587139
1352245858411143169
1350794523149017088
1346380729786245121
1352397984462483456
1350867009316253696
1350800592336203776
1352590922496815104
1351202679708639239
1350527918280224769
1347319134628028424
1350877293984559106
1350718409097547776
1350921455530344449
1354000735516688384
1352473855818936325
1350827478495997952
1351085456235102208
1353984659382788096
1347245534415872001
1350893440754720774
1350787104226172929
1350813226393546752
1352339526543413249
1350843842229137413
1354202284268335106
1351100318495494149
1351493687763734528
1350951495152390146
1352336191048331266
1351186229417680899
1347457057855778817
1350773128314675203
1350760964174573571
1352345162467389443
1351058061415350277
1350594668640272389
1347253840723238912
1350865329820479488
1350840036607086593
1353990748543320064
1354864223537537026
1352301306204057602
1352381910924865537
1350799482401787904
1350710634795704321
1350762460182097920
1352617978794307584
1352889681978003456
1352216021210439682
1352365550110990337
1346505827373486080
1350439062428119042
1352249218262556674
1352404925121224706
1352866277308715008
1350801751071453184
1352312058151391235
1352207273062490112
1353986879725723648
1354094623082352640
1352324540026810373
1347467669574995969
1352506604386705408
1350777908600700928
1350775833582071809
1350778620063715329
1350890919558524936
1350833120946352129
1354017805830672385
1350188074429513729
1350767088252694528
1350882821091553281
1350729561709940736
1352304236034457605
1350881248579870722
1350850695524720644
1350869476934361088
1354715292035899394
1352289883172315136
1351117101617045504
1350763312515076103
1350775176405905410
1352346410465832961
1352252260269613056
1351101700401192964
1350830349694205954
1352400953295724544
1350818530615287808
1350799063680233472
1354126928924581889
1352348649821503494
1351247522149363712
1351089762464129029
1350810666953830407
1350917749523050498
1350884466688991234
1350863016351453186
1350913050535206912
1352331156583292940
1350808918579142658
1351205326851289089
1350849290810384385
1352937986481123329
1350933487445020680
1350874525194452993
1352875826346414080
1350762921228439552
1350782641918926849
1350863286242308098
1354808519975866373
1350754403628810240
1350800531942477824
1350759629450600449
1352354782757998598
1352288049372274691
1346750538386464770
1350847863434190851
1352372661763141633
1350800974969913348
1350758919828811776
1355585483166920705
1352395317149396994
1353810147475402752
1351102037619044352
1350773293188587520
1350771661742764032
1350730817446830080
1347295689026510848
1352373578633773062
1350790386504130563
1350861069581955080
1354717288243605507
1354029987582652417
1351171496992010246
1352434243423653890
1349859965285130248
1350774779683463168
1351137562589622274
1349754572198260737
1352744789096226819
1350910435051106306
1350751445742718977
1354323621800538114
1352270626019545088
1348230271766822913
1352172320866111488
1350924443166662667
1346562794083201033
1350874907496865794
1350781959300067330
1350774578969243648
1352369458556383235
1350817570954375169
1352320653026865157
1352323043767549958
1352436940671492097
1352400610784653313
1350862382889885700
1350758793328680960
1350836174890393600
1352275359958503425
1352364460623745024
1350890088218173441
1352785579684077568
1355100805544767488
1350841975356977154
1350776852638523392
1350763805878464513
1350722304574164992
1350869397875937282
1350790590779314176
1352002118555750400
1354077369808646144
1354076422327984128
1352393228205633538
1351224961508274177
1347253101707874304
1350887225194663938
1352349596723400707
1354797351936942083
1352003137981337600
1352311877079101441
1352385643020738566
1352377552355123200
1350738268913082370
1347293154094051333
1350775860689842176
1350495788271599616
1350795771487133696
1352274774853115905
1353982360623206400
1346459212155678721
1350741051082993665
1352526707064975362
1350850844019859458
1353982967090204672
1350824496568164354
1352325995714523141
1347893763553841154
1347248777787269123
1350579300089659392
1350893991810752519
1352700283592302594
1352183779910180864
1350775087973208064
1350731347124494336
1350748239113420801
1347245144165261315
1352510660048003072
1347248277700419587
1350713716640243714
1350745509003227138
1352391715840274432
1351979216229773320
1352339384134201347
1350853435357343746
1350783982141665281
1354749463005454341
1350768562101751809
1350767261062201344
1350761387312754688
1346406949966008320
1349751535111168000
1352441247043104771
1347242984102891522
1347238024082501632
1352367471236435971
1350818550819287041
1350761784647548928
1350759228391174144
1351203078163279875
1350439524753666048
1351083703183802373
1352242368997691393
1351558674167300097
1350852203620294658
1350780305599324163
1350762992858763265
1346782838272757764
1355572063688413184
1352337334033928203
1352269694514978816
1347243796476678147
1352324754603192322
1353590952435347456
1350761071347437568
1347319540984799234
1350775280357543936
1350797142630268928
1354021435233230849
1350775422028550147
1351096139483918339
1354094590412943361
1351458625714319361
1352303335911682049
1350777115243925510
1350774793440817153
1352211531006672899
1350760468550463488
1352291919045533698
1352268500832817152
1350878646202937346
1354088632894763008
1350854798602596355
1350772057169141762
1350910442797993984
1352883807804928002
1346603138577530885
1350817340456378368
1350527798864187396
1350774958935465984
1350706413891444736
1346433371455561729
1352267365203980289
1352351421874774019
1350757649554550785
1354040220602261504
1350797961064755202
1354713877121032194
1350772138215677952
1352267188565114883
1351331685619671040
1350776356326539265
1350882015546138641
1350871308695953408
1350780863135543296
1350813036936908802
1350743124331655168
1352885446838284288
1351263126184996871
1352949082701107200
1351102325251854337
1352899175218900994
1350754121175994373
1350748773878816769
1350912394692861953
1350902909211435008
1350759027110793216
1350712985619210242
1354714179781980161
1350443196208320514
1350766923190063104
1353376968230756352
1350841864195338247
1352303629810728963
1347461361736036352
1350770417682833413
1350823804902240256
1350791335104704513
1352357123154448387
1351129720335826947
1352805434843918336
1352272277006643201
1350808718854774785
1351124439409303553
1350829838748278784
1351087376962084865
1347247366236233733
1350780795494031361
1350736381811838977
1350762676331360256
1350811650446778377
1350909357236613122
1350781147643572229
1350719532386684930
1350949741660676099
1352995902764494854
1350946201332572161
1352358267314462722
1350781848604053505
1350909890458509315
1350890135919992833
1347243384939884546
1354076428397121536
1351084316395237377
1346718700741808128
1350906525217394693
1352375156056993800
1352303230433325056
1352238262648188930
1351088789289136128
1350740536328671232
1350734265173110785
1355486491477233664
1352272252264452097
1352373314350682116
1347261959587192836
1350725568568897536
1350751573497049089
1352382630814232579
1352247440729137154
1352355866817736706
1352179740493422593
1350897537746690049
1350834609035091971
1354807593303035911
1354795943183441924
1350803118217428993
1350771457937301506
1354794620534849544
1352373412367380480
1351204133072723969
1347248910587351042
1346377028719751168
1347464381710393344
1351166900844318722
1347273226150432769
1350933257597157377
1354825852492550144
1350846701276430338
1350834436447875075
1351058834207465482
1350764431114973184
1350742723737903105
1352254036758638594
1354173947949043713
1354148574154657793
1352306385619447812
1351182414647857153
1352941554453934081
1352425300840357889
1352551034875502592
1350875997437104129
1352338786315857925
1350514474336321546
1352247044619063296
1351128604386725890
1347247350557925388
1350748546912444416
1355777926944452609
1351114268222115840
1350782130285125633
1350726104445837312
1352286422062006274
1350764065468067840
1352220159205912576
1355547055167590406
1350442395490512896
1352712754877104135
1350937334208978946
1350861643949989888
1350818030142562305
1350841972974620679
1355217102756577283
1347280330487713793
1350818939752873984
1347242231481171981
1352391844924190725
1347324001467707393
1352238898118864896
1352596270553165826
1350779726579851264
1354712710844461058
1348923105884991488
1347299224719917059
1350785965388922880
1352510455361785857
1350973614259101703
1350739330436902912
1350772256130166784
1350847861194444804
1350714365515857920
1347825734308548608
1350478371902386178
1350757492964413441
1355548527745773572
1350919756229042178
1350800700234727425
1350782515368390668
1350774228212199424
1352859381923241985
1350845108929720328
1350774298982531072
1350773290156089344
1355151039280852994
1350818821960040450
1352399978099040256
1350729845697871872
1352310840859439109
1351897486823194632
1350794521978810370
1355516986047000577
1351296329650237441
1350903244583796739
1351164401546653696
1353995406435364864
1350808448456404993
1350742628875325441
1350745920326033410
1350835773780729860
1350888306465251334
1350832866243047426
1353279108415946754
1347566514841522176
1350887272518987776
1350772725476941832
1346486528671936512
1354715452837163019
1352558540922249217
1350741364368093187
1347258588864139266
1350801386775195650
1351446219936194560
1354719503725326344
1350763212543848454
1350718508154441729
1352269827784769540
1351465662200373249
1350797805263196167
1351039067824271360
1355656178781609986
1351104102005157891
1352297127712534532
1352156498181435393
1351326623786799104
1354721722063269889
1350578255754092548
1351107151641661446
1352383339563540481
1349753811481583618
1352381046789197824
1352239670999003138
1350944675146948613
1347256527799857155
1352538742809112578
1352365029392322560
1351157296508805120
1350769245001576448
1350906211428929537
1350885955687895040
1352786695226327041
1351484772393086976
1352330267877388295
1350913782806175744
1350844666158178307
1350776074041389058
1347326377641570307
1350752380191694848
1351189440954310658
1350943733248876547
1346421962491490304
1350815376632905730
1350752299409436672
1350867681717661696
1350787070902628353
1346489754204909572
1352246178256199680
1350761148975611906
1350891048495689729
1350835139010560000
1351145613988143104
1350842587595370500
1352353622370213892
1347255737580462081
1350941417552687110
1350903363156766721
1350989612659957762
1350807275879981060
1350776540502634496
1351185512275587073
1350946513426460675
1350890159580057604
1352210862841491457
1350828536446263298
1350820164317679617
1350786775493566464
1350790564816564227
1350910292537057281
1352385099204096002
1350796175826440194
1352371979974811653
1352364518391894019
1350852623377821698
1350842636408680448
1350817674255859715
1352335624443985920
1352348161872945155
1352323936047005700
1350827744972701696
1352322921553924097
1346440733209882624
1350774491446702082
1350760869752397824
1350778851836755968
1351141484616179715
1347288580939517953
1352279625045585924
1354076910981165056
1351075108924878850
1351105117202894848
1352286286787321857
1351091306320302081
1354070039180292097
1352358737630130186
1350760968461168640
1351252486984773633
1351089921088487424
1352870081781489664
1350873119284744194
1350786754144595968
1351086035640479746
1347367670769999876
1350795281948962819
1347272509742317575
1352294922473381897
1352383810416074765
1352517899739664386
1352135049546706944
1352290192208654338
1350882172895440897
1350870717840109572
1350781134427353091
1351139284435292170
1352197992426713088
1350780525707984896
1350888808653455363
1352562929221173248
1345829250025324552
1351203808848842753
1350871026700320772
1350763616375603202
1350798968616349696
1350927567243644930
1350747655668977665
1350794641881391104
1352267398380924929
1347450986604933121
1355547558186254339
1347433537792843776
1350772634791895043
1350732051998265344
1350743158821367808
1350988704035315725
1345912033057923072
1351447190921760768
1351108200679006208
1350709116570894338
1352272754779840513
1352527541991575552
1350811886980378627
1354091823933874178
1350902190014144512
1350867415652065282
1350437719722360833
1352536463934697472
1350820618770460674
1350771059356803081
1350852997199392768
1350841084251926530
1350840071356899328
1352327924108718080
1350721634173407233
1350884955488972804
1352276144431767553
1352231108004425729
1347446536184197120
1350939235365302272
1350754653122809858
1350761116297781249
1351270403252121604
1350791438519447555
1350757430142111745
1350913922350473216
1350798090501025797
1350828443626303490
1350801915102289920
1350838070220890113
1354832056719704064
1353997800300752898
1347341524468707328
1352239865522495488
1350875789504503809
1350905986232496128
1354170855023140866
1347244308932526080
1354075894218895361
1352292285992595456
1350811687306358788
1347311976641400832
1350797109453328384
1346208419586437120
1352288157652410369
1350806578547593216
1350841010922913793
1353069496534097921
1352338887813844997
1352304517585530882
1350797961584914433
1347310179986104322
1351271535630278656
1347249303207731200
1350795757062914048
1354065197426757634
1355953781268164608
1349864277289684993
1350853781555208192
1350505669988909060
1351102182674870276
1350844679437357064
1350802175434379264
1352278185208131596
1352338769647689733
1351064297007362055
1347267771332251648
1350735930123030528
1354809963353313283
1350879548691390465
1353982406504685568
1352305169782992901
1350840566884556800
1352307565795942401
1350996359663542274
1352326290544730122
1352296901077557251
1352205081442193408
1352272255640891394
1351418291198296066
1347251097400995840
1352417649892974593
1355557896784928778
1352335510744805378
1352246133515563011
1350874563572281348
1351515347988467718
1352333993128194051
1350835301711806465
1350748570236956673
1346561030210674688
1350478724626583555
1350773288834920448
1350463982927228930
1350778662904336385
1352311119600381954
1355224914656161794
1350861723180404738
1346377221620051968
1355519366603952131
1350775759963643905
1350875828599590912
1350761438315479040
1352512513372512256
1350941405397610497
1352312664110858246
1347296107248963586
1350810871438733313
1349776230342684684
1354065500775600128
1352214249351901184
1350845314354327554
1350936627401674757
1350896276993409027
1350791205764923393
1347254698227675140
1351092886541115397
1350729611588624386
1350760293517897728
1347271117887647747
1353991728806719489
1352400554304135170
1352390388540170242
1352346387824975872
1352517668251832320
1351256086960099330
1350830211324141568
1350824236689076225
1352362605097185282
1350798366880522244
1351435288241967104
1352376025599062019
1350868567357587458
1350821208821026817
1350779729260007424
1351161805788352512
1350826122053869568
1350742645774159872
1352295121174360071
1350935135932329984
1350885049252655105
1351102146670977033
1350923536936873986
1350921792597200898
1350896688148475904
1354802118549360643
1352262935087878145
1350755730098417664
1352323798637412359
1350919667985084425
1350836300224593923
1350988316439699456
1352373298080976899
1352238457498832899
1351044871927320578
1350888892535341056
1350747774799769605
1350811603969708037
1351303469798469632
1347283649838899200
1352300729525006337
1350774249003356160
1347432246165319680
1350833510618173441
1354713957622231042
1350799674106667008
1350760524733177856
1352360299236642827
1352573098663546880
1350954036137177094
1350804801966256130
1352250528437305345
1351079123511349252
1351092234989527047
1352212894340046850
1350887892336439299
1352388424607682561
1352302361629356033
1351175235874283522
1353787854888054788
1352348245054337026
1352869324130816001
1352241990621081600
1350838256880013318
1350742954751700992
1350436723428380672
1350788078093426688
1350764905293631489
1350436388844531712
1346494466006413313
1350782988137746432
1351168986097065992
1346452839380504576
1352310525925986310
1353958187720957952
1350805685366378497
1353263839853293568
1352866994924748800
1350901460565942273
1354815414992203780
1353989947343175680
1352321957212127233
1354362348950200322
1354529342865502208
1351111585301983232
1352196753932640259
1350770996681322496
1350923807565950977
1350919475315548165
1350897262331879427
1352267426881269762
1350851389661052937
1351920209679044608
1350870581529489409
1350894134219984902
1352368847186259972
1350872932160065538
1354025206189338624
1350847245864869890
1354828233422856192
1350773622168842240
1350758217387806726
1346405512464756736
1350772598943191042
1350860974958534660
1350869263251369986
1345435286986256385
1350818868151918593
1350793217432760320
1352241675805065218
1346508203908075520
1350835174989303814
1350740460717957120
1350877525078106116
1350739717847969794
1350738192832540672
1352297391492366337
1352276157073420291
1350811046441873411
1352242346369445890
1350802202223407107
1350766699969191936
1350762194326220801
1350966272675229697
1347489730552885248
1350807781130039302
1352388289819508740
1352370897286541313
1350829182620749826
1350932064368025602
1351247014890254342
1350785251543539713
1352354607951970310
1350767119558987776
1350678214570635264
1352652622772244480
1352294834506260480
1347261687255199749
1355459228643819520
1352423932796743684
1355429572683173888
1353336683102679041
1350853249377726472
1350760676457918464
1350747801366523904
1350891917924556801
1352342590285373442
1350859306611208196
1352262577787707396
1350764881021177856
1352245107307765760
1350735903321423872
1352599295950778369
1352359080292216840
1346537606528569344
1353983321110425600
1350851316839567362
1354117986471317504
1346542871491584009
1354713557661868037
1350845609855606796
1350891485462482947
1352376761577836547
1352302628424867840
1350856772509196289
1347254619517366278
1350800401998766088
1350771115732455424
1352281880499019781
1352238513362710530
1352387695616655361
1350712722078519296
1352443041454424066
1350726812247191555
1350770324552491008
1351200793878294529
1350822861016084482
1350833196544503819
1350787674769158150
1350916193218154497
1350760260953378817
1350909202399703049
1346909635756912640
1346535879939149835
1347246947988598790
1352593050313355264
1352258758886490115
1348186649839206400
