1529906090216931328
1529440999503699969
1529481550399778817
1522280512156545025
1529786767334854656
1522646619031805952
1529792311521067008
1531366825103085568
1524323004943151105
1522694123622387719
1522624475425951744
1528676167045226496
1529639641636282371
1529443196333436928
1523195250411380736
1528851202770972672
1523519668874801152
1529817240958296064
1529816464827600896
1528706395725602819
1528688399686815744
1529494934021193731
1523282949860474880
1523294375551414273
1523938224095248386
1531710987040083968
1529384365372882944
1531744416158957569
1528963567587827712
1531190020027080704
1522889670547460096
1523212790517084160
1531217415043956736
1529508126466129920
1526606813663313921
1526501271405985794
1531288112395083776
1529404591661539329
1529378902375792642
1529579212075675648
1525016718564855809
1522566380981207040
1525257061025869826
1521535732434747392
1529455970061012997
1529678949869051905
1529448804327600128
1530070810706206721
1523194961218490368
1529499909145214976
1530304778416312321
1529380461490872320
1526134659180298240
1529445348497838082
1531574247675596800
1528709674924658688
1522488316251316224
1527588209089302529
1531256765525934081
1529453824297033730
1529447201524654083
1531709476469972992
1529573907451285510
1529439307450273792
1522532053094445063
1524628262000943104
1531710183507894274
1528670120201142272
1530094726464131073
1531453601989554176
1529432367529615360
1529457676849418240
1527704575049928707
1529440455355678720
1522505864191619072
1523302520751222785
1529685498716901377
1529502515879886851
1528753615594262534
1526694652782465028
1530379685212868615
1530109230325301250
1529806087116963844
1529423269568434177
1530068547929526273
1521018048521637888
1521528241227546625
1523775698476826626
1528709210229309440
1531316515278147584
1529426568744947713
1529544437042491392
1529402434900180992
1521541893682835456
1531263796131553285
1529414416441147392
1526826630982914049
1529437227893379072
1529384844161081346
1529585757479895040
1529747908760846336
1529525393627267072
1521607392399605761
1529468274659971078
1525188625301921798
1524639762849615874
1529445947083739136
1526830709918543872
1521574926431440897
1531359957215494144
1528669976009314305
1523960402027200513
1531263316324147201
1528649273943916544
1521017408596721665
1529380276740280320
1522274573592502274
1531503518560968704
1528464454807068675
1522998805850959872
1523237065017774081
1529421085661351937
1530075810215997445
1529954673674838025
1526789204268748801
1529502206566842369
1529403774179201026
1529557436486533120
1522324960320147457
1523404493664448513
1529846503782629376
1521017112470462465
1530123265003376643
1528690222342488065
1528794910027141121
1521808379466985472
1529467750820749312
1529817038969049088
1528868974024622080
1529455843531493376
1524643331317415936
1529436404920602627
1526842485510643714
1525060850700132353
1528791350719795201
1528764689626419201
1531605178989813760
1520814751718256640
1529415781926285313
1529416664374288384
1529515447774859264
1522415416819306496
1529453042650824706
1522298787821232129
1529017088945184768
1530198954914336771
1529470687924068353
1529414835993190402
1529387211329835009
1528756254742614018
1530084230461546498
1529454092963221504
1528867488687001600
1529452797774729216
1530056955942907905
1528645077102473216
1529573614386827264
1528696940799660033
1526859722925789184
1529436908295708673
1529424094361530370
1530585738915549190
1524186720987713543
1523345344699854848
1529034572234620931
1527046079585341441
1531316080924319749
1531358060064739331
1529243269137301506
1522338712872534017
1526135044842086401
1526145918940106753
1531505897134034944
1528645883633491971
1523113743596498945
1522442080647360520
1526830116470673408
1531502618488492032
1529027510708625409
1528839440323469312
1529425406033551360
1529421988741140481
1531496769556971521
1529956789466415104
1523298969127858179
1526961495892017156
1528676654821916673
1529399424648196099
1529396688548397057
1528709245516009480
1525041142559133697
1529443597841584129
1530862907835154433
1529395983121104897
1529586186460794881
1529487945421430790
1529422474936569857
1529407699242426368
1523644325740957697
1531245501131145217
1528641319152889856
1526125529560141824
1529760042139918338
1530296217636315137
1530122607663714304
1523342898565042176
1528868194383175680
1529220229108273154
1531690670561402881
1531257470978506752
1531708586715389952
1529204406658514944
1526927695325560832
1523597789170601985
1529541550937886720
1531714961566736395
1528676370913574915
1529691031494696960
1530286313236320259
1524308540252467200
1530802761427832832
1523289243828854785
1528696616261124097
1529510641190551552
1526828384420040709
1522305555322318850
1531404971413057537
1528822283871170561
1531320598634299392
1530114290379808769
1526589713288658944
1529420933395529729
1527006080307453952
1527680405113032706
1524049837720756224
1521528205659840512
1527158070773686272
1531592156481298434
1529434710359027712
1527027758861324292
1529404789695692800
1529430730983579649
1529363889988698112
1529443795649052673
1527326904772341765
1526873003086200834
1529443977270812672
1528683565738868737
1526809319043280897
1521574803479699460
1528696129684135937
1528649411819094016
1522302521527742466
1531530385569501185
1527156109945065472
1529458265225998336
1523295402065235968
1528650834241892352
1529464566257704961
1528694885741633537
1529387070090780672
1528671719656984578
1527894764225429504
1529531544448253958
1529594150626140166
1529516978301734912
1529458620886294528
1523218095078141952
1529476453628366853
1529467056713777152
1522615078201307147
1529419385923850246
1529469485123620864
1528713377949835265
1529599241940779010
1528689159854084097
1529415105292775425
1528728541285728256
1530606741716713473
1528755752931938304
1531353606133362690
1528709115291238402
1529374326134558720
1530858150680793088
1529406695687999489
1521708466728955904
1528743048628297729
1529714612236652544
1531534120295321600
1527018548123639808
1529440132473946115
1524992921786888192
1529502937902370817
1523311911588171776
1521528282155560962
1529404229089210369
1531516011895214080
1529431489800286210
1531611233497010177
1528704465745879040
1528703093155799041
1522298365874216962
1528818227157016576
1522298660004012033
1530925287877316609
1529460116331929600
1531499595410317313
1521538999164325888
1523364351398227968
1529922154615169024
1521528261355974660
1531707084688982016
1529419321881026561
1530092130718339072
1531405298266542080
1529413333790638080
1526126407679717384
1521931397652439040
1526826885069561857
1520724212020883456
1529560751605698560
1529404045437374465
1530229223297888256
1528752987866275840
1525041225660870661
1530510288142929920
1529505075269455873
1529395362733211649
1529207793839968257
1526250415288946688
1529512042322972676
1526805825309888512
1529607470355816448
1521781550030987265
1529491276743299075
1529440325911068672
1529374160081780736
1531584939963076608
1529488094457634818
1525041346406453251
1529977139839262720
1530216563122520065
1526214981984866306
1531708939729002501
1529383078375858176
1524756558147694592
1529412046785232896
1523555584473133056
1522267830737149953
1529414500394360835
1521612565230538752
1528667376383844353
1529241000736088064
1528751235389612038
1531662593869357062
1529452007060172800
1522273397085986816
1527236408821399557
1529433015298011142
1529556027829624839
1520657434280439809
1529421892653826049
1530635707185876993
1528875688098295808
1528702340664115200
1528866134770221056
1529747567491354624
1530522365951676416
1528648686758244353
1531666371830063105
1530961417997885440
1523356151701807106
1529459478634045441
1522714177906913280
1529399218217095170
1526370384441901056
1529455487393071104
1529443843132862465
1529379205468889088
1530017819567464455
1529502095119994881
1529489422714122242
1529511944876613633
1530288226497400833
1529443277870510080
1530013448020627457
1531745060362100738
1531276878639767562
1529382965230424064
1528690723683553280
1528071259006935040
1522647445422940160
1528793975611613189
1526829702433873920
1521528222428635138
1529371909237899264
1522272931526676481
1529382493417267201
1531118917946691584
1528754617504374784
1529431217816354823
1522587842643378176
1529763296101933056
1526369093233872897
1524919793379311632
1521716172101726210
1529421473798148102
1528874926026784768
1529482543719931911
1522536244961550337
1524402389582815233
1529452108562321408
1528674541903413248
1526857419653005312
1529440142276059136
1529440879747948544
1529426893895880704
1529081455732994048
1531319435025387522
1523552887041040389
1529394164110184448
1530095175497916417
1526836483851550721
1531516509134151681
1531274845534752770
1528643846028111872
1529420373166592002
1529481825789386752
1529555695611400194
1529462629026103298
1522506742793490433
1531714846537940992
1528720471474176002
1528668254100762624
1528708890883506176
1529541684593410050
1526108863694610432
1526829009639817216
1530084819249639425
1523360632052977664
1522328992350674946
1529429045355728896
1530301293507579911
1530181009836212233
1529543150427156480
1531708848989405185
1529601533070958593
1526847650292801536
1531783998367727619
1529416121186664448
1529203078641115137
1529936727787421718
1529466397235064832
1523342262402371584
1526160187790352384
1529703651660468225
1523181307076960261
1529441309559332864
1529388048546516994
1529863065625317382
1530170243305426947
1529974741699899393
1528726835512627201
1529434577697132545
1521119754605498370
1523447231839301632
1528694689716654080
1530135660618829827
1526475728308649994
1529448568666431490
1529403913866289152
1531258318383095816
1529520082463997952
1531712158568001537
1526844245151293440
1522518745436016640
1521563904312233987
1529487019197489153
1529075539268468737
1529476800807591937
1526828844111605760
1531277533928464385
1530959808454610945
1529703299770884101
1529445375534370816
1525846081631830020
1531615653739765760
1529905552809201670
1531274692966883331
1522649045411450881
1522178777966686210
1531604283438817280
1531335687684882433
1529574674438701056
1529402709849346051
1529379757493714944
1531665091539750914
1531400353890959360
1529542066002440203
1526827005861416964
1521204091480940545
1528761219921879041
1529406027912957958
1524076491310575616
1524084538414096385
1531341788778307584
1529652336766902272
1529370725622194176
1523389114477084673
1530408265670074369
1529433274128515074
1529379820492161024
1530099749117906944
1529004137572098050
1523347072568733697
1531202209236537344
1526827150770307073
1525928712021188609
1529409432815382528
1520856700403822598
1531258291325751296
1528734317035274240
1530094466119438336
1529399741305454592
1528904765194780673
1530069121270001666
1529467583983980545
1529510668948410368
1521788131854454784
1522525220317372417
1526150139542396928
1529503513868439553
1530133913947058177
1529772687526068225
1528675179286736896
1524075722322681857
1530177247851814912
1529418396361801729
1531745312771031041
1529582721894436866
1529530954074791938
1520725540323438592
1529560355092963329
1528641646962823169
1521708933915811840
1529424734844137474
1529804299286589442
1529749057505304576
1529490449722900480
1529500921562124290
1528764424495980544
1528645416874549248
1525495974835150848
1529532316451840002
1523143829351809025
1521202167490691072
1527271917849305088
1529431919133446145
1526111120196517889
1524082103587061760
1523221662820605954
1529377056739536898
1523637989544448001
1529381187755679744
1529384223504736256
1526835983173443584
1531320924548567047
1529493934048780288
1529420664318619654
1526911107918700544
1529481959210205184
1525826285901078530
1529687357582106624
1529387137292017664
1529386365435236352
1530997691563524103
1529491864302534656
1521528188899364867
1529392874793598976
1521118435622674432
1531594492335235072
1529411185145221120
1529379459941425154
1522646304790302720
1530157380981465088
1529431120160473088
1531329750941188096
1530118679442116609
1529411812642508803
1529553758899798022
1523208394210828288
1530302505229373440
1529475003208572929
1524993628929662977
1529390607994601473
1526170372059570177
1531531342311309312
1529415307164635138
1526826514414813184
1521786410507902976
1529558368418947072
1531713829721325569
1528708376053657602
1529887611204128770
1529450180759658497
1529402513564237826
1529406839754039296
1530275195738640388
1528658088772911105
1529769391159754753
1521974480230309895
1529595716473081856
1525203993097535488
1527021158855581696
1529450605277855746
1523283911014744064
1531328609167745024
1531738661984907264
1529483378629689345
1529657130432794627
1528675417783259136
1528662273295802368
1523418400852103168
1529516069735780352
1521507841802227714
1529438364759359488
1529573650097180674
1526830594440716288
1529443527729500160
1528715906561544195
1526838025015148551
1523357827246473216
1529566381032845312
1524107049994539014
1529421047115747336
1528689102652166145
1522613020089851905
1529501221605744640
1531315203811512321
1529411202354397184
1529463110263877632
1531563459355283456
1529414160316088321
1530281290347515905
1529916028611874826
1529399823924961280
1528704802238119943
1529494213028716545
1529541513864220672
1529435889704882183
1529929601237061632
1530160437622448132
1526869189247569931
1521631814460268544
1530423417765232641
1531264991155855360
1520674034144403456
1528663765885063168
1529799156369334273
1523202132186320896
1529401394503065602
1531378305051525121
1528727623257440256
1528673637745696769
1522590854225043457
1531706907483901958
1529504334630768643
1529449249066344450
1531709652387483649
1529439238957281280
1525436372030570496
1530067083400204288
1528670865797394432
1526829310870441986
1525096975770824713
1525893259003936771
1531730959929905155
1528716603893989377
1527925181397843970
1529486210263130117
1529626006247682052
1529398975777890311
1525854206967554055
1531318937283182594
1524515367158177793
1529418315864719360
1529459420857618432
1530286707412815872
1522460070658854917
1529435962991951874
1529411355371089920
1529391799638302721
1527205326889619457
1523399442753155072
1529443870618140673
1531744905747480578
1522954802027716608
1524029424420765700
1529872050638278658
1521535146603778049
1529399794074009601
1528866735990145024
1528627484333379586
1529418174101340165
1529564409592434689
1528644445339541504
1523158621361946624
1525274001873969155
1526987668134973442
1529381029265518594
1529467644574896128
1526371688325296128
1524356803894648833
1529567290756325382
1528720130565459969
1529690199420174336
1529458886155153409
1529403658466648065
1528664315506700288
1526958900758695938
1523360680962785280
1529473595268792322
1529529994124337152
1529534623772028930
1529464039637762050
1530494072980242432
1529449614260289536
1526912400573796353
1522580045520330757
1527358676620615680
1527027211378872320
1526342276418621443
1528672779255554048
1521018149390401536
1522279008532111361
1525491142862721025
1530283976107212801
1529445538546040833
1529407805958115332
1528846131333062657
1523115208637566976
1529424790498467840
1529520916295823364
1529483413606084610
1529990834984308759
1529463823698210816
1528638739324469248
1521561716500406273
1529462643731447808
1523298489077272577
1526135665280307203
1529503373719896066
1522350751783297026
1530193805781217281
1528727713095229441
1528725886543048705
1529431038027517954
1529413802634141697
1526196712750063620
1529375751245643776
1528735805413392386
1523961099690909699
1529443110400495617
