1617669430649163776
1620189901529698306
1615438693677891590
1616016421783277572
1615043935369306112
1615102203231969295
1615098448016982016
1617692543696916483
1617307104242724864
1616075450698063873
1619262492789833734
1617437626914553863
1620039502428532736
1617779465056317441
1615349420345942018
1618690354664067072
1611306763252367360
1619998720782745602
1619818040279044097
1619813486690996227
1619264004278587392
1619051904071536641
1619268471443058694
1618537457129250816
1617934458543575042
1617402256185520128
1615289864588787712
1615258166257717248
1615064094926639119
1615299221283897345
1618684869504299008
1618209710234300417
1614880559213473792
1617288151529132034
1615087537718001685
1620491622688649216
1615387308093591553
1614710606317162497
1614755722213851137
1617520843470536711
1617637077910433794
1617590138292572160
1617228237460881408
1616087397720297477
1615041189975298048
1617520904816427009
1619296393449070592
1617446784254574592
1615370529258577928
1615287587463208961
1615025802864910336
1615106720681926659
1616029294492254208
1618523004618833920
1617773155657068551
1615343508943953921
1617521513925873669
1617438171758985216
1616008153883201536
1615032563415777288
1614588924021690368
1615321306827788288
1617520701782777856
1620418189606948866
1617862946784448513
1617874956343455751
1617407115680960512
1615051948067065856
1615487543256178689
1618742916498997248
1615287321275908098
1614721972595736576
1618138671466831872
1617597408061292567
1616469235756048386
1616001548253032448
1615340929035927554
1615360566268420099
1615107170701385741
1617230308402950145
1618835739617431552
1616761128704708608
1619261054185537536
1613515966872453122
1619499785702232066
1617357570338848769
1617390334266445824
1617550789949677570
1618392751166443520
1610222070369030144
1616052096780103683
1617365595325927424
1618271367845277697
1617206545279754242
1617497022323462145
1619373945014345728
1618009042877841414
1615053682034282509
1615245607236501504
1616080315646382080
1617647461954392065
1616790125048102912
1615056723408203776
1617219804938797057
1616037053006766080
1617846820671229952
1615317172716457991
1615356966444077058
1618098504991387651
1619598255586947072
1618224352146903040
1617524049760116737
1617318298940542977
1615333693924442113
1615289717909557251
1619288752932925441
1617252865906540544
1617901561296064513
1617629974214893569
1615330100337344513
1610413504384880640
1619425611721867264
1617640955267682304
1615970357449744384
1615264166167691264
1617890387502452738
1615327538015780866
1614913956027432960
1614889309022060544
1615369235168989187
1619850871474655232
1619256695452229632
1618213835965620229
1618359346580295680
1615584631205629954
1615336472420274177
1615322474958176257
1619363150184460290
1615287689468575745
1614567814437666821
1617859037114302464
1610779375481548800
1615314340940226562
1618368784368291840
1615380708813606912
1615358269379207169
1618206749378641923
1615188583564079105
1617511769907556352
1615285552529408000
1615980839673954305
1618545628665253888
1617972820629409793
1618153598130728961
1615089104663846916
1615009436564594690
1617425116182224896
1617611063155122177
1618725906247458821
1615978216954671107
1617636260872605696
1618659200900681729
1615279070429732864
1617919912458190849
1617614228030099456
1615353182670000128
1615091712027762690
1615097606287368198
1617580970617589762
1615287478805581828
1615020738523561985
1617919856837537792
1615309004598611970
1617998958290415616
1619254773869592576
1615999120824586241
1617495915723644928
1615269502689726465
1618725374728478725
1615367509867171842
1616127101878390784
1617508963074834433
1616457257968975872
1617238531658629121
1615373336757895172
1616037880492597248
1617536475159044096
1615314327187103744
1617641516088045569
1617230578696306696
1615591664093122560
1619418029158440960
1617437904363462656
1617656585547046912
1614624723689775107
1611035050111557632
1617630628828286977
1615014283636781056
1615312836850245633
1617208129653190657
1618385577526845440
1615160376714297344
1618536120207433728
1615284539361746945
1617419670063321088
1617630999059496961
1615124766075064320
1614685685289570304
1611403740879392768
1615054250605776896
1617547927412477954
1615632352243507200
1617938011307802624
1617445766917652480
1616112248962924546
1615411189676138496
1619810694626684971
1619019958297714688
1615358988220088323
1619279125843439616
1615313927839309824
1615307166105370625
1616002765607550977
1619950667329835010
1615300674719473664
1617512002183917570
1615267860129120257
1615250968056053762
1615076437295333417
1610030036223918080
1617896649552199680
1616163570450067458
1614757008153903105
1616053507051737088
1615333874812207105
1615067904420052999
1616019689162817537
1617500430594113536
1619411355119017984
1614581983623147521
1617513083202674688
1614588554931490816
1615838793990569987
1617847285106503685
1615783740529340416
1617204339713658880
1617454706787229696
1615019566505107457
1618975507982458881
1619259694287310849
1617447912765538311
1615329274327613447
1615273731265282048
1615360973522468864
1615115034559922178
1615098559413592072
1617454215042945024
1618561576235302913
1618509702270443521
1618397085191241729
1615973646199037953
1615984526219427840
1618233214786756609
1619976861181972481
1615308993869520896
1620493815961505792
1617202928216952833
1615344153218646018
1615971001514311681
1616000975164133377
1614686153642328073
1619376527367626756
1618341820446171136
1616099091926106112
1620519818389766144
1617204008350785536
1614991595941810177
1614626934536966146
1618154049517518848
1618044687880966144
1618725674046615552
1615014738638905344
1617592679222607896
1619451034757390336
1617430992184303616
1617866389418815496
1619255348355018753
1616028556466814982
1614611932807573504
1615346680127229954
1615539669298708481
1617961284095574018
1614537479566008321
1615081018389659660
1616034034735517697
1617914653564370945
1617213854311661569
1617393033573441536
1619324079764545536
1617495572000407554
1617594548192161792
1620465335400030208
1616036475711242240
1615322845332086786
1616046704029040640
1615000381670522880
1615070651584225281
1618729679460114446
1614583937988456449
1615653972416630784
1619300276871241728
1617469227832868865
1617213333127536643
1617690572168515585
1615269428190478337
1617585222576672768
1615371243699556365
1615343081468878848
1617457396376391682
1619311109097558019
1615112273336434688
1614602141968248832
1618011622571925504
1615109079600439320
1619422270048600065
1617409262711439360
1615238633547595776
1615280469175861250
1615392968088616979
1615321164334919681
1615120233999790080
1615089993457836042
1615978641627693058
1617631130915844096
1617908042015870976
1620010441178247168
1619338503162306560
1618001325580746753
1615315840899100673
1615063650716291082
1615060326713593862
1619337174486495233
1619333107408158720
1616069957103800320
1616085019042226176
1618209622434918400
1617215129489227776
1615338635431215107
1619455918542036992
1615057981711781899
1616012413102342144
1615436701316571136
1615315104169615360
1615093659006820355
1616023738008457216
1615050289106587651
1617909756857044993
1616036627121594369
1618257994625712128
1619440114526203905
1615306908893872129
1615502469726863360
1615319691764944901
1616076857912197122
1617356609163771908
1615337349369532416
1617210448583053317
1615316689083633666
1615069599103418368
1617432705934807041
1617446127560986625
1614730311538991107
1614583534017994752
1615340142696308739
1615438802553827328
1617594709052125184
1615355380086743041
1616044094731751427
1617841122554056705
1614693420651499524
1615353525910781952
1613923204774481921
1617845970720657408
1615250023033307136
1614571274256384001
1618193399303266305
1617399255328788481
1618634468444733445
1615266086093479937
1615366208693362690
1614565300460216320
1617885664720359425
1615029904973729793
1617598062125252654
1617568194260275200
1617514030733852675
1615327181420249089
1617532612238802948
1615342200656642049
1616001232321093633
1618659831812083712
1617651280138350592
1620476053818056704
1616027617206878208
1615413901109387265
1615277580034183169
1617913560709095428
1614961197262016512
1618729572899627010
1615318984848547845
1614606851525705729
1616094676775305216
1620476437043240965
1618947127639687170
1615110902948466688
1610209422529142784
1619403133750513664
1615370928862683140
1615011131499634689
1617389005682745344
1615367267826417666
1619353959906570240
1615299932478668801
1615275610087251969
1617459630250262528
1615304412800651264
1617500988717277184
1615832504442945536
1617986852925108224
1614632559870365699
1615782347000922116
1617476136577167360
1614880078071988224
1620517473660600321
1617456758225788930
1615319645090680834
1615119458590154756
1620065557700841474
1615331533841219585
1616003317775097860
1617660287435571200
1614602734518341634
1614509510051364864
1613098287212658689
1609990932157308929
1619279017961717760
1615474196653699072
1618402561572192256
1617630726563983360
1617630614047555584
1615324650019655681
1615332063107846144
1615706854121676801
1617419260325658625
1619242753988395013
1615264331536416768
1617231762295328768
1619396847965192192
1619279549979848705
1615087587269509131
1618003689838620672
1617424529567154176
1615408461470220289
1615111331811823616
1619253290876948489
1615058272565792783
1615018219097448449
1619269025003094016
1619261932825092096
1618032403536281600
1615354914389250049
1615283869518815232
1615311443406077952
1615020982430994432
1612977711072567296
1615011044555984897
1615285683475648512
1616027860333985794
1617554099414630400
1619331983385198594
1615423421243920398
1615333359860736000
1613926997432102912
1617224213361827844
1615345321239797763
1615388771444482049
1615325723916394496
1616110174640513025
1615346500476850178
1615598982113239041
1615327968561070080
1618243631630155777
1616004868153528320
1615327671008874496
1615348652280520704
1614951877791342593
1617992339301208066
1614718352416714753
1614903769627590657
1614676691649171458
1614318341140652033
1617565872050126850
1617507479616905216
1619255411412193282
1614743197577613312
1617220618381828099
1616180294700122139
1615361780573782019
1615697626321625088
1615494642811691008
1617597936040296448
1615335907816796161
1615071855848685587
1615282537634349057
1617498314077003778
1612982620643823619
1615063038767337472
1615048147100700683
1617468836898566150
1618632404083834881
1616047731176267776
1615397740044746761
1619433922483585024
1619828866813657089
1617613922265333761
1616037392690941952
1615765570804121610
1615104668727746583
1619380472831954945
1618228871463305218
1618380630714376193
1618723283473666049
1617645237140353024
1618155370085756929
1617403618289913858
1617204260734730241
1614713838355578881
1615323978490433538
1617240320227348481
1617390804036882432
1617868223537467393
1616316404172554242
1619260571077189633
1610275752909606914
1617477758707470336
1617460256216600577
1619253104305913856
1619258122681593856
1611298719516737538
1615075476598300672
1617967991295205376
1619813912693846018
1618227472319025159
1617170952714084355
1616128706522779648
1617228151515406338
1615278077843578881
1616022267242184708
1618387115171282946
1617465742533730305
1617421177982418944
1617458951238422530
1617631431886516224
1617596117390065669
1616143209633124354
1615969447147372544
1618210148123824128
1610581771657121796
1616970202784071683
1615430952070832128
1619407725993291777
1617539281559371776
1615135584397234177
1614979210669428738
1615346603321167873
1614402451825631233
1617878313544056834
1618575109681471489
1611432317335269377
1610673031210307589
1617439221706366977
1616046318027251712
1617437856435441665
1617937023058456576
1619318924079931392
1618438685141397504
1617480980813742080
1620032222119202816
1618544975280738304
1615352425312919552
1617465541459070982
1615107191450509312
1616016533066776576
1615034573552746527
1614698919510052864
1609500926037065728
1615433776175239168
1615282782279815168
1615069812308471808
1614638226442014724
1619974555963101186
1615375009123278851
1619283225133862912
1614715575691022336
1615118548497567744
1615327702541635588
1615391579643994114
1619978282983915520
1619369714022780929
1618556106472837122
1617632615191969792
1618401018211098625
1617459703528947712
1617223698406072321
1616055481880944641
1615350153505902592
1615279227817037829
1612806813266632705
1619257868678737920
1619333781382483969
1615268093537796097
1620038479936909314
1619904235197575171
1612922414916161600
1615144424320765952
1609992877970522112
1619266068236713984
1615310079510851585
1615334379399819264
1617863885327069188
1618478846495592449
1619258580129185794
1617656981392875524
1617511700651180033
1617446615043739650
1615265414652608512
1619260319100207105
1615980412647649280
1615108611813908557
1614660053071691777
1615335631218933763
1615463043747676160
1617509834563399684
1615357189895356416
1615347178200879106
1615314654732947457
1616023851543969794
1617625637078040576
1615372501172748290
1615311131501002753
1615012991912579075
1618380156984492032
1617212183053475842
1615337249578565632
1619269135959203840
1615311806494375936
1619972478817947648
1615274257537454082
1618545627671187456
1618250161293258752
1615089505597366298
1617327512186490881
1615288822547337216
1613603030917578767
1617423648914120704
1610721419934957569
1615100932466909193
1617204981844656128
1614861236235034625
1617932872090005504
1620113057488982019
1617426320643735554
1617424412147609601
1614913018969612288
1615091881859334144
1614658314213752833
1616157478214828051
1615470118137470977
1615439417707008002
1610640508233338880
1617631385606565890
1615335586667053057
1614053562446643202
1615359911981989889
1617523623925010432
1617588539964653568
1619811517687554051
1615031332710514698
1616087895793713152
1614725375262851072
1619263647217504257
1620507865017651201
1615077861286625280
1615328944928047112
1617463265474514945
1614609056110448640
1614999512552030208
1616083341132066823
1615011108108001282
1618306152231751682
1616051312768024576
1617648640104992772
1617844896546852865
1615344707768549376
1615184136565624834
1614592003181780995
1615026544296198144
1617603642806370305
1617477507292319745
1617989060194365443
1617543053698338817
1615324927296503809
1618726321240129537
1619477544008564736
1614909835304206338
1617872361486979073
1617276977706139648
1615125217067638789
1620003979680976897
1617581959286226950
1617669957814476800
1617435782683447299
1620177532686581771
1615359957280374784
1617418441371308032
1616023543845617664
1617533916289839109
1619460755405045760
1615389064244654080
1617509832424136705
1610735633760124934
1617490975466885121
1617477729540255744
1620481484414136320
1615342660524335106
1619346549573816322
1617652550387499010
1617206525436592130
1615330728249548801
1619257614000619520
1617057284730888193
1617583643584565249
1615339536946499594
1615095025485979658
1619262389995831297
1615326504455655424
1615813980999614464
1614866778995187712
1615446904959295488
1619272135222120448
1614580639981834241
1619808544706158592
1615368024219070468
1615236191724658688
1616021903835299841
1615279241205108742
1617854540812025858
1615489300807942144
1615253581980106752
1609473739917299717
1620018128767033344
1617544259179003905
1617641657121509377
1619404725744713728
1617841802433957889
1617539341424922625
1615291663680958469
1615328633022824448
1617738714360467457
1615371038979751937
1615994685541040130
1617472921693261828
1615013037819441154
1614605629204611072
1615368277764747270
1614705230314147840
1619376265940832256
1620463973371121665
1615107535337394176
1618530261578436608
1615413151440244737
1617499048923267075
1615969232964952065
1616053871264292864
1618506882142056454
1615303048187858948
1615350516007030790
1619263766176174080
1616148455373819904
1615013163707113472
1615433323102474240
1617426079345516544
1615346105394372610
1619808345162133504
1616341967100682241
1615288776728760323
1614052654036176896
1611369065754378242
1617920648483069954
1617433580455485442
1617520966791208960
1615059995116326912
1617340539975749632
1615248106991554560
1619262339144101888
1616030199933460483
1615057357695815699
1615476151572664321
1615054472866054144
1620139028598378499
1617283220806012930
1617639834767732738
1620503358128914432
1618533336141660161
1615262396670480385
1615973935018872832
1619274682364203008
1616431316731400192
1617453938411708418
1615235408971051010
1617625061954838534
1617889298417848320
1617470617535787008
1619253479981346816
1615231229254635522
1617931328816807936
1616020311849291776
1617562291075166214
1615986914351349764
1615330415614595073
1617896750882361345
1619965193332871169
1615433178520363009
1615070371824259073
1618729337058107398
1619592349692346371
1616128580336992258
1616004585419587585
1615283904172146688
1615344369350967297
1615302909788577794
1614702989427593220
1616072510294069251
1615091778004324354
1617548845126389765
1617411120142376960
1620360943694934017
1620046065075634176
1618225982166695939
1617670280960438274
1619079956851720193
1620489182409015296
1617558081281626114
1617426608050081792
1620331346920091650
1617228057911390209
1616015876112662529
1617206937870811136
1619440404130332673
1615359186157867009
1618002078282186764
1615124199613386753
1619424960044494848
1617619343399063553
1616055371537305601
1615369508247535618
1615338288578953216
1617524096220241920
1615318985632894977
1615306513190637569
1617550618381668357
1615086616191848449
1614605790664433664
1613089503345868800
1617530243593670662
1615315689715236866
1615061121139937305
1617543466602606592
1618340024772358146
1615051536064778254
1615390832198025225
1617555759658635264
1613858685394259968
1615401006258606080
1618210523212054533
1617207149498699783
1618033690118066176
1616018198494851072
1615249631042060290
1617202657667710983
1617653154652487681
1617897538199375872
1619448616250388480
1618726227145269253
1617738085705584640
1615013944480890880
1617598932389081089
1616060341531688961
1619261359010746369
1617618258269736961
1615388199139901440
1617484789551976449
1617300342684745729
1615245991501860865
1619535359909691392
1616143107505913870
1615391104060227597
1615114442991366149
1619407505066708993
1619529510189428736
1615380013792268288
1616060728137367553
1617914146426880000
1616073483863080960
1615365288371064833
1612797747274424320
1619278831801733120
1618727725665239040
1615155363980144640
1617596220989493248
1617452848547262467
1617650353968906240
1617796890837540867
1615370726068084736
1615093423526055936
1615093954545868800
1616111119659040768
1618577074243129346
1615277414266949634
1615364921310744576
1615272728881205250
1615242001322057728
1619698782823907329
1617485939164471296
1615284616427962368
1618129899910463488
1617545637414723585
1615964421691424769
1615476431458271235
1615287140665135104
1617585027772223488
1615055802796052480
1616016082720129024
1617204331589304321
1614574513517367297
1617416479346925568
1615303030395527174
1618548424370192388
1617417240504156163
1617599958382743589
1617329699964715009
1615316511039578118
1615334074066894852
1615111641829449751
1619286402520457221
1615444743885840407
1615348253603803137
1617240554563162116
1616031655784841218
1615999489508257799
1615384732195340288
1617463530072014850
1619257333787537408
1614813489175969792
1620049886199824386
1619474562869235712
1614650860574838784
1617459755722870785
1617632745123119104
1616104508114833409
1613051708489322497
1619762281398829056
1617223085848944642
1615046981860134918
1618220240139345925
1615095500046311427
1619592323247247360
1617524834162049026
1615974432756973569
1615358773303943169
1617656912941834241
1616019856155119621
1617840919805562880
1618731567219900416
1619297527269818368
1614978972890054656
1620369299100803072
1619313982871044101
1617477467827994626
1615074084332736512
1618280127221346305
1619260334111596546
1617530498104070149
1614659037697814528
1614814460614516739
1615334584635252736
1617669751140155392
1618229118096805888
1615010172639891457
1615283356945481729
1615303341499711489
1615843883061059584
1617911695313367043
1617660069805719552
1619854422951198721
1617461995439263745
1615294705004154880
1616145484048998402
1615292061447786499
1615276104616644610
1615027625935925249
1614727205094887425
1614693469288816642
1617491834531622913
1619261790894059521
1615314216340054016
1617824291286024193
1620047677256859648
1617864807826481152
1615322222285172736
1618013606867763201
1617523128644820994
1617224798492581889
1617417055619403779
1615283846148247553
1617634308642205696
1614878131411718144
1614643879420084224
1614869824236052481
1619265473333575681
1615034964516405251
1615466953304416267
1617618413991649281
1615389855713988608
1614944740964765697
1614606859519811584
1615405594604867584
1619265506917355520
1615451560280231936
1614724640680677378
1620356564132700160
1618545283914424321
1615318199372759040
1620348427195543553
1617291045083009031
1615142047542812672
1619352487831703553
1614618858521755651
1619324760542035969
1615021896868691976
1615241420561944577
1616008990944526338
1619031718274678785
1617426854423711744
1618406829171814405
1617841456756191232
1617418702453882882
1612958731180052481
1615362493139849217
1619286109019856897
1615092773098754051
1617784101603520512
1617433761997520897
1615030618995163161
1615107172538392576
1614584243866173441
1617636090021810180
1615039874398294016
1617249281563410434
1615296122192539648
1619259374727475201
1617418730597765120
1617631648979488768
1615340364524834816
1616022084492181510
1617526885310959618
1618577420252246016
1619270977736814592
1618725407523741696
1617905244943560704
1610723498724585472
1618568579808657408
1617464981531893761
1615349787787943939
1615140030963408902
1617443948896870401
1617779073098584066
1617525819324366853
1611430204727037971
1617642418035363849
1615222132253810688
1617634367270178819
