1267122653355278340
1267078018859761664
1266696496323481600
1267207428506030086
1265214991482920960
1267102553696800768
1261298093183696896
1266715156542902272
1265023032344674305
1265751819176873986
1265732338216062976
1266751319240593408
1267192944907485184
1256095187815804929
1261750712377188352
1257393692693970952
1267106489182965760
1267097650869997569
1267085924393005056
1265728389899575298
1267118623711285251
1267244149826293763
1267177101645488130
1259877576341929985
1265735552919384067
1267131343927947265
1266720221580140545
1265726359663521795
1266766321225695232
1256739815556603906
1267101327504613376
1267081692763783171
1266698306048196608
1259906758803427330
1267153112940371970
1267137396447084545
1267135630913474561
1265867034425987078
1265817063647522816
1265962327247147010
1265738246568411136
1267112882938023941
1265924950520672256
1263374248678232064
1263415305092694020
1265741299472388096
1265803107667185669
1267219668139376640
1265791382402236416
1260717679540912129
1265766149393956864
1265992801382207490
1263424861097033730
1265919607933734912
1261309583651483649
1266757449052282881
1266705618733334528
1266729720659542022
1267159083951456261
1265730397419327490
1260339779130048515
1265737521176207364
1266379226657239041
1262311148298403843
1265749992578351108
1259906713622364160
1263504114186682370
1265912877455573000
1261298247810850817
1266084405849833472
1267069843142062085
1263396539856289793
1258899435251269632
1266697785807699968
1266296530748583936
1265928724077252609
1265742516378361865
1265726032079962121
1267106559257182211
1265992732453089280
1266083663508357122
1265809821686796288
1265749891285999616
1263349867985997825
1266835705776480257
1267104197750788105
1267135593848483840
1263380573973815301
1267105035344842752
1259950119941701633
1257389538131001346
1265731247558602754
1265727772347023368
1267183684458864640
1267227453174566912
1267216334695227393
1265734719666257920
1265952589142724609
1266771777465786369
1267232774060007424
1263172856743165952
1261292090367062018
1266035838221266944
1267126894383816704
1267127800869408768
1265781601897766912
1267106699447545856
1265733572457046016
1265810739710906368
1267114922518994946
1267126944388259840
1266840517083631622
1267118726601736192
1265643596734177281
1267080485290889216
1259873105582927873
1261341515990761473
1260186538085933059
1265753260897513472
1267229221136543745
1266721733383520257
1266074533485740032
1267083879715876870
1267142322787139584
1267147155762020354
1267160266002837505
1265761489882886144
1267129549231460358
1265766250602512388
1266733498326491136
1265578959238041601
1259940771240820736
1266695754451750914
1265954678040379393
1265915112684244995
1263469185130168322
1267125469360656386
1266743154461548545
1267146415987478529
1267081377301880832
1265982507457052673
1267108962517897216
1266501456804433921
1266008098390577153
1265754853344772096
1266721091436924935
1267157027261997061
1266084799942479873
1265761721446281218
1266069641102843905
1259874839789293568
1263023941494484992
1267115324345901058
1265879222691627011
1265986911061061632
1265772801694318592
1266689578305536007
1265751779163213827
1263403261320728577
1259946095066611712
1263418220234539009
1266012260348067847
1266775194053611523
1266700319796404225
1265871596406935555
1267163640844693504
1267097006788526081
1265748795876347904
1265747097929887746
1267144768519311361
1265735397012881411
1257391796822441988
1265739242501742592
1263503239699464192
1265734456469590019
1266748374776197120
1265823525950099459
1267083045619798017
1267109642758492161
1265199319642263555
1266836217351540738
1267064999786221569
1267103762440761344
1265759678082035712
1261336532125974539
1266685711274704896
1267132002395971589
1267142474952302593
1266740682645032965
1264182777106309121
1258424648976551938
1265989319908642816
1265762198040776706
1262521082956910600
1265803169168330753
1265738574030397440
1265731864515547136
1266833583487975426
1265914843602866183
1266337829405306884
1265768795236417537
1267223163567591427
1267154843673690115
1267080038178054147
1265727900810125313
1267105922775744517
1265752019941445632
1265932629699899394
1265931164759527424
1267235656486584323
1267126146656866304
1265863117793157120
1261297083295948801
1265896414405636096
1267017571112497152
1265883277195464706
1267103349243068416
1265767477943951360
1265740767005458433
1266714795862102019
1267158882532687872
1261228587203657728
1267064739999481857
1265814845133410304
1266770171919831041
1266775568995024899
1265765362232147968
1265750779681439749
1265729771188748290
1263043108121575425
1265729571090989056
1266693588274024453
1263392699664797697
1263476784470855685
1265755895239237640
1265777746413858821
1265992741240143876
1265732318142042113
1266711946436493312
1263156152520650754
1265741460349083648
1259941128050262016
1265936140265275393
1266763557515001857
1265950638669729793
1263066248704917505
1265756165906092038
1261290648843493378
1261259846319513601
1265780898320039937
1265772294334488576
1265746474320748547
1265766917106814977
1265872366380429312
1266715153942413313
1265559264388616199
1267130810454487041
1265745927366737921
1265728172517208067
1266685894226034689
1267141697990950919
1267113375684796418
1265771070633754624
1265728000114528256
1262892277111947265
1267152632914870273
1258900317275672577
1267103300614344707
1267071522834915328
1266795014950137856
1266682353042284544
1265766866536054786
1267063976313212928
1266296787834335232
1267077898311172096
1265825430029963265
1265789531342675969
1265748202281562112
1265797995523604481
1261334838038204417
1267128350277074944
1267084392423456768
1267080587359260675
1267018184344899589
1264318667665408000
1267160673626324992
1266368629194371072
1266686945427697664
1267121317297487872
1266006511203090438
1264908108452724736
1265726870097715200
1265781504476676100
1263569825756053504
1266688355217084416
1265736256065081344
1267103308822360066
1260571277246566400
1265803763073404929
1265732165658193922
1267211421198286850
1266033490576826369
1265759624193507328
1266857277782396930
1263468044061421569
1265877867197595648
1265736438546599937
1267170217840574467
1267102780210196480
1267066379854848000
1267128127236591616
1258889340278669313
1267151254968549377
1263359786541817857
1267171106617786369
1266867407039143937
1265730421129711616
1265767871705223168
1266125652031352834
1262154056027582465
1265957050636554240
1267077696867250176
1267116007648374785
1267103769495511043
1265743385698189316
1265764307666599936
1261308138600480768
1265759814359097344
1266991246054227968
1267108010268246022
1265762815383687169
1265730692895379456
1267117489609232385
1267064418002710528
1266086174176788492
1265766368143704065
1267121036191043584
1265995678263791617
1265764518438883340
1267218277874483201
1266428797932515328
1262992982199996416
1267147865408835585
1265217862240788481
1266771974023454724
1265753297933271041
1267164433970798594
1267070006233366530
1266712636126892032
1262073747969843205
1267115932763201536
1267114640489750528
1259872565264363520
1265790683891355649
1265731624509026310
1266061870152192000
1265958492273336325
1265749805294407680
1259954553702748162
1263039532158640131
1266764678111399937
1265950082060488706
1267064888330985473
1265982334739906566
1265954483399467013
1267123547207581696
1267146308629995520
1266717912372514816
1265736448659066882
1266693812572717057
1265752113348579330
1266713505811529732
1267081363729022978
1265870999406477313
1259903036383801346
1263450172547379200
1262121592328503302
1266026169054437377
1265860929482342401
1265734387792072704
1267143589110349826
1265762576744484867
1267134516826644483
1267126131767074816
1266676054544056321
1266335533053153281
1265988379679830016
1265871159129772035
1267212056509456384
1267195423757938697
1258899931840028672
1263242949904740353
1265307720267292675
1265918425827770368
1263356511994155008
1265736813412585476
1263354458185990144
1265730224488091649
1266433754941325314
1263210108516958209
1265947583668723713
1266802401601863681
1267118933338984448
1266682222272294912
1267077901813497862
1266682385581604864
1263415034920742912
1266788209473794050
1266400825603174405
1259938156708802563
1265798036128706567
1266354799861211141
1265741103489339394
1267133712606605315
1266622819066163200
1267078947050868736
1265736728549228544
1266691485396762625
1267075669231534081
1265863675749040129
1265771709996642304
1267232371608338432
1265800298188230656
1267161550944681985
1265782478058532864
1258899098817658882
1265762062304792579
1267182439736184834
1267121377389264900
1265793714296938502
1267218541402640386
1266765811236159489
1264511294369120257
1262859620835627015
1267110321853997058
1267083976801423363
1266733856960458752
1267126539164045312
1267103642248720385
1267123851131060224
1265951662784552962
1266710762262876161
1267121682348748801
1265065253135618050
1265949086445961216
1267075926489210883
1265729557983723520
1267114811562823680
1261281342010068992
1265781994459365379
1266084519465156610
1260126145229606912
1266722308812570624
1262091572201558016
1261263255529566209
1267159944052252675
1263061119746408449
1265740759652880384
1265750402286354435
1266199179380080645
1266495356516392961
1267187969213030402
1267175771929542656
1266296436385148936
1266807708323319808
1267122881462501378
1261290136194646021
1261295570485940226
1265741095754842112
1265792602667917317
1265732311070519306
1265216830311993344
1265992453473083392
1265764730393841678
1267118492844769280
1265736945176641542
1266686386326945794
1263940266244878339
1265884595972648960
1265985896769347585
1265730128392454144
1265251365267419137
1262121838848679936
1267140340764610561
1258890769013841922
1263356645544951809
1265997734638694405
1265936350911647744
1263726619010703361
1265748269445062660
1266062779271843842
1267168293376397312
1263441778172190720
1265796706269986816
1265754836852772867
1265738532171264002
1266823740031217664
1265958817419997184
1265748531807170560
1267122785442283521
1265969406598840320
1266685316850728960
1265891615798894596
1266063765474328577
1265760458088349696
1267091334713802754
1267186968485560320
1267146570182598658
1265756337759289348
1265754470346117121
1265748366513840128
1265737052437598215
1266234969011007488
1261290445180723207
1266778359423434753
1266686246342057985
1265743282715402241
1265731757531430914
1265729528938352641
1261320287880196096
1263397719206486016
1265732126521077762
1267233521015427073
1265360809141690368
1265900058182123520
1267120206511570944
1265740921544609792
1261337297083158530
1265728354352795648
1265743486453760003
1266400122612723712
1267101957375827970
1266845348934438918
1265752357209608193
1266854430072283137
1265774542267584525
1265955161853345792
1267202056315711489
1265750298481524736
1267045084467519488
1265790438960697344
1267117788935708673
1266489517432877057
1263039669698285569
1266085354748215296
1266062375360376833
1265761549140008961
1267151484099141633
1266685921547649030
1266296354248077313
1265779936184414210
1266732784976113667
1262863820097236992
1265729916169072640
1267102761675567107
1266020405002809350
1264932343195844608
1265736634923876358
1266743821641154561
1265960924764127232
1267182588147400706
1265802283125702657
1266778652341084162
1265752708939747329
1267091375214006274
1263260078523797511
1266716262278868992
1267110859068841984
1267102319109451778
1265863606329118720
1265862317029371904
1266839864781258752
1267216408087232521
1257455771866075137
1265782661697675264
1266798957751078913
1267187229966897153
1265758395858116611
1265867804227645440
1263479430573367298
1266066786262319104
1265755841497530368
1265966160190808066
1258441463601532928
1267154544263397377
1267154267418374145
1265955806782132224
1266791580171632640
1267175555335684096
1258480965560737792
1266839034699157507
1263398060928962560
1265853896335020032
1265742753310400515
1265995641123201025
1266490563974619136
1267150745499062272
1265744167331864576
1265768998219767815
1267192617412055040
1265779365977219076
1266836939845652483
1265893580931039232
1267196968876597250
1267133934808240132
1265754412779257859
1265752121242193923
1267110489051586561
1265760231243550723
1266757900145438720
1266356748170006528
1266794984054890496
1265764606615728130
1265758652264263687
1265763578004586501
1267126403604103169
1267084652755419136
1267126191972122625
1267111074354036736
1265008485906952196
1261299335301664769
1265923029462368256
1265811955870240769
1265735154401763332
1265992368626585608
1265736857515671556
1263346193381367808
1265857172333789184
1266513581790593026
1264507632502607873
1266751723512590336
1265824989992890369
1266932864899264512
1267190155682762759
1267082576772190208
1267225426864332800
1267198372429127682
1265764714715414531
1261293235177226240
1267151423797673986
1267087384983863299
1265739969097850882
1265737334387093506
1267035944210894848
1265746399284649984
1267191491690102784
1266699767737995265
1266783864598466561
1264944296886784000
1266781625179914242
1265807012853682176
1261288758663680000
1266002585447735296
1265729938818285572
1266777519195389953
1265765883860967424
1265216551675998208
1265782311859236866
1265892793643401219
1266726273327550465
1265963494891012102
1265727103967924227
1265729132660473858
1263368075296022528
1265880553015980033
1265875924408512512
1265746898503286785
1259893949206089730
1266682913812291588
1262128328229752833
1265734393454354433
1263830890188361728
1267137173641453569
1262892492292227072
1258902308550836234
1266794164768911360
1265883074929311753
1266694920431177729
1262063319411757060
1258974700782452737
1265798757498658816
1266779462550654982
1261416433067724806
1261294735152631810
1266694960511963138
1267175863721824257
1265782856846053378
1265776328147689480
1266503533924421633
1265750074241548295
1265737099640176641
1267151651640619008
1267115429937414145
1265752687645208593
1265748404380020737
1265629783184072711
1265986757050413057
1265774406585978881
1265727973346422787
1265796700784013312
1267151427341869060
1267133742759452672
1267116300855390210
1265754554450292743
1265996864261951489
1263367912884244480
1265876698907770880
1267080862597873667
1267135030704381952
1265728035875143688
1267119694055714816
1267083910053277699
1266029593577865217
1266737969739726848
1265730154900447234
1265761358580236289
1265738267896549379
1267123240222113792
1266725970494590977
1267169828462383110
1267100877749473283
1265737611999612933
1267077761258176513
1265829257407803393
1263401661340569602
1265754956029624320
1265730132708413440
1267076396565835776
1257300571029229573
1265817870719688705
1267143929000067073
1265760518935056389
1265733400482242561
1265796685470617600
1267112520864628737
1265573382092922882
1265761176354525185
1266024686225326080
1265776363069415429
1265768407900848129
1267151535382966272
1265590969304518660
1263427641522167809
1263353165824606213
1266581821342601218
1261229715391684608
1267100826927071234
1265701655615606786
1266080998342758401
1265730563845042176
1267079617980047365
1265749552214278144
1261019318445314050
1267118476793176071
1265995283722317831
1267183167573762053
1267130380928327682
1263428138081619970
1267078332941828097
1267102237538516993
1258440678276837376
1266740277986971648
1266125444132339714
1267167932884410368
1267111916008288259
1267105659859976193
1267181769226403843
1267137668107972612
1265890044142931968
1265762084056424453
1265763365688946691
1265743893317980160
1266719140179476481
1260532545286033408
1267201846621454338
1267151044846538754
1266087758256312321
1267157216337047552
1267212899275112448
1265736974666776578
1259184267902533633
1265748793535889410
1267077092384083968
1267194926766456841
1265868087456346112
1265922122150563841
1261338178809544704
1266708210242781184
1265762927048634368
1263127050371698691
1266719121699471361
1267100217935040519
1265735852057145347
1267099344743923712
1261256078303649793
1265766299902320641
1265728713670393857
1263700936964354048
1267084350874673152
1266736209788899328
1261268957639725057
1266495811887783942
1265925105433149441
1266846893574950920
1265776516224487425
1266380059763499010
1265772065128398849
1258900737930809350
1265772524345929730
1265944763406188546
1265142871763664896
1265777029716336640
1267188935190630400
1265774915355017216
1265355981686530048
1266707847846510592
1265896396005277698
1265745908735582208
1265863509646204929
1265736705874767873
1267172556320243714
1267124271316434944
1265792869224402944
1261336027551145987
1266815609993658369
1265765066244317193
1265745695576854532
1267119787936751616
1258887593665662978
