1572956595419598851
1572949806737145858
1575807979294629888
1573020293718745088
1572902005697548292
1572903856874426370
1575041038401404928
1572928899306360832
1573020576222003207
1572967866030252032
1573046525877719041
1575854926261010433
1572971769941884933
1572923183623245825
1572918491233091585
1573054569285836800
1575824510414073856
1573261101848043521
1571822907080249350
1572944379463049220
1572996415445401600
1575228825713381376
1575433936905424898
1575961744895197186
1572931504078200837
1572969097389817857
1573071514676916224
1573104286686404609
1575553013414240257
1575556003935899648
1575029441843298305
1572923845455106048
1572923598922485762
1572979062209138690
1575028655042220032
1572939803959889921
1567502272912826368
1575920629399756800
1575866729963483136
1573069194224181250
1572941267675549699
1573410376611672070
1573602021378334723
1575608922068566017
1575096467190034432
1573342893011501057
1573909150635016199
1573220121765609473
1573166185033699328
1572986408570335232
1575312522781069319
1570307247208599553
1575906553059627009
1569946808721281024
1572959538579480583
1572970148914503683
1572912709884067840
1570416268175446017
1573697919466758149
1572969985147912197
1572924087038615553
1572927158473072641
1572964994001559552
1573092894038171649
1572942920608796674
1572985316872536066
1574063840236654602
1575767618845569025
1573034947966795778
1573736430148501505
1573931402336387073
1573049668996587527
1570386889106165762
1575842060417912832
1574138421471318017
1573227676684668928
1573157471346200577
1573110255374180352
1572961486263431168
1573190824602525696
1575029695808098304
1573197314780696576
1570159240937111553
1573015997422112768
1570742143500824578
1566542157963755520
1575862322349809664
1573008322613100551
1568310876498788355
1575825974226452481
1572956478235090944
1573752507419004929
1572916261473980416
1572929740142419971
1575210432377548800
1573024983282241536
1574070070870827008
1572910790738583552
1573085180956479491
1572995050186969091
1572942627242217473
1572976477196488704
1572916990351646725
1573908188075888645
1573325794432192513
1572971159012114432
1572993081829359618
1570001007664406531
1567635626995892224
1570404660212805633
1573347994782806016
1574071559903641601
1573943773012410368
1572967842089164800
1572957193884008451
1572949441006428161
1573159704095768578
1573241507892662272
1575902696007032832
1572908752063590400
1572990930939961346
1572909813587390464
1572901883638857731
1572955257138733060
1575952585139564544
1572923723384258561
1573904905567408130
1573060257102065664
1572955184409579522
1575195411589087240
1572929418372460546
1573234643390058496
1573726627216986113
1573929140461395969
1575884451023712256
1573175051880665088
1572922403289976832
1572977738985644033
1572970184448659459
1570404807512395789
1575788478482087936
1572951291399213057
1573202092348657664
1570536081732571136
1573035909842337800
1575784946136145921
1573038519949352960
1572902951894634496
1573255308125806596
1567613770389749761
1572907913521336321
1572949918460911618
1570741104387166208
1572931053966467072
1572949476121415681
1573224489579683844
1573049436607074304
1567557967033032706
1573195592464998401
1572907669639274497
1573308478755835906
1573005036287926276
1573230995473666049
1573907400888926208
1570053744976347140
1575890524749582336
1573297216953155584
1572958890983030785
1573186077061513216
1573165072368664576
1572972106400530432
1573087887129976832
1570001604014755840
1572931663285329920
1575990146671185923
1567438299706363905
1573593948131672066
1574421327108259840
1566166660872019974
1573327415182610432
1572952218063585280
1573139322588610561
1572948441755537408
1575874401249083393
1573590871760670720
1572905344241913861
1574203636908957696
1573335832756473858
1572921425572548608
1573042470954344448
1571504806258266112
1572955979045650433
1566716603533873153
1573171816977375234
1573005663462203395
1573002960296099841
1575799988457967616
1572928533407891461
1572915702369030152
1575928403798417408
1575867300804075520
1573606669866639361
1572917057640976385
1573010671864020992
1572904174056083456
1568303203896250368
1573051500896600064
1572948936519815169
1572956969471721473
1572915472995332096
1573031645476708354
1573208641125203968
1572940819623219200
1572930947401633793
1566579634241736713
1575894051273859082
1573019913618444289
1572922258053627905
1575849740008230913
1570005137871212545
1575805938598301696
1575766261107019776
1572902271373180933
1567616707279085568
1573049595189678081
1572914883511091200
1573021414353149952
1572925021236113410
1573736862270849027
1575196136423374848
1574065302219984896
1569850889363398656
1572940535228436482
1573024645883772936
1573186242967392256
1572936417122177026
1573049652211077126
1572986544654270464
1569040585775882240
1573014186942242819
1574800525702430721
1570001889198247939
1566447726631567362
1572901730844557314
1573242415393411072
1572904663766138886
1573034647298228224
1572921052036202496
1575341184532226050
1572905838154747904
1573074485892288512
1573914538839343104
1572933397441572865
1570387001077112834
1573000689139187712
1573021893732581376
1572930109606137858
1572912765441871873
1573017876684218368
1572907410062188549
1572904040614297600
1575029184560144384
1566002511613501446
1573923621109731329
1572903023466414080
1573908012359716864
1573197926154862596
1569869894019063809
1569944511249371136
1573059955938459648
1572907040841801728
1572949251142844416
1575851747490275328
1572961331719856128
1575775514450878464
1573913449171718144
1575828321220194304
1573072092354019329
1572974381596549123
1572932657633431553
1570007388547125251
1572910556297797634
1573048602963976194
1572958861098622979
1573030254301560839
1574571580453167125
1572902203874050048
1575778970150129665
1572953060564934657
1572927255051137025
1573225279518281729
1573061451472080897
1575951106357673984
1572917094085279751
1573928306189156353
1572922802109292546
1573193656974331907
1572997413253545990
1575032722644664320
1567611865462628355
1575800798226759680
1575832269511688196
1572917749005062145
1573018508056997888
1573041914781356035
1572911121530556417
1572950403414622209
1575806930542800896
1567259801599594496
1573225530215768064
1575968595758051329
1575212498374234112
1573014777328279552
1572965336542236672
1572904962895773696
1572935329543340033
1572914399995899904
1572910888016822272
1572903383476109313
1573035800597512192
1572939882858745857
1573006513278709761
1572996189745725442
1573447329944072192
1573057853748813832
1572927207575527426
1573029156929028096
1572906633822408707
1575649387719499776
1575058844069175296
1572945125097222144
1575187588734136320
1572922460412203012
1573518797641814039
1573274675089907712
1573053419434147841
1573011929236443136
1573364171001180160
1573013650780131328
1573224662661996550
1573206962095128576
1573918349943267330
1572981569412808707
1573091537684254720
1572959760277970944
1575221785083097089
1575083575204257793
1575854945688965120
1575088840716431361
1573089913008189440
1572941999799693313
1573540959115165699
1573335512999464960
1573928741574742017
1573912279871111169
1572943031170650114
1573045025440776192
1572911521738391552
1570359657146814465
1572909088606154756
1575891811452608514
1575773757456908288
1572950278806339585
1572940932848455687
1573196100453949442
1572998076255862786
1573205504226099200
1572964553004048386
1570627999846010881
1565291029414268930
1573001138718535680
1573255699664093185
1573103278669570048
1572911785656877058
1575032834326077441
1573006511135391744
1572924576744574981
1569667334209695745
1573908183558627329
1572902363270111233
1573192163961208833
1572973309729316868
1572956446127448070
1572307484307488769
1575026577884073984
1572956944897302529
1573407644425109528
1572912269666783234
1566038705521000448
1575026950975856641
1570491098577117185
1575046832639844352
1572952532976123906
1573605868733620224
1575846906751684608
1573247939065020417
1572977526523236353
1572944171283132419
1572989220133736449
1572983109846732801
1566008133046116352
1574347070370205697
1572961778820055040
1573005439448584192
1572929699998830593
1572909279384080385
1573089579607162881
1573022507476606977
1575028136563347456
1570364164736012288
1573020316670070787
1575037274945130499
1572904548351475712
1575164037498667015
1572957089156431873
1572939853397893120
1572902221787824133
1573976023309377542
1575043445554806784
1572912542896328705
1572995225244549121
1572912138942816256
1572955562756771842
1573978017768128512
1569945352488513536
1573073279140642818
1572939504029163521
1572936697704484864
1573633864794341382
1574425807333777408
1575848158974083072
1573063891038441475
1572962992110686210
1573004251604852737
1572986648966877184
1573767784076640257
1567261100042866688
1573081023583522816
1566066281907888130
1575735690595532800
1573220464587321344
1575822472146223105
1573258654253563904
1572949598871617537
1572916856469721088
1573121535732482049
1572903605375758338
1572983367280230402
1573019386570592256
1575207567109693440
1567507880806424577
1572993228332486664
1573076148422119426
1572981139249283072
1573098714855800832
1572912369613041664
1574181478715756545
1573062792009097216
1572936524035166209
1572906334697451521
1575175353806753792
1572921452491575296
1572904932856020992
1573047601016242176
1573179257777446912
1572930027662221314
1572902897117175808
1572926578799124484
1575825126276313088
1573221183465689088
1566293412986380288
1573022704927645696
1572961303496359939
1572934332347473920
1570408567156641792
1572906712692293632
1573005744932327424
1570381821619191810
1572935499391848449
1573068971267751937
1572970313205284864
1572938922002456576
1572902453703544833
1572994892925640705
1575764759852748801
1575985649341333504
1572952449685528585
1575102834944913409
1568339035277656064
1575903156772524036
1573061241073016832
1575609147139117058
1574846727932284934
1572905775093145602
1573008739422113799
1573012424264933383
1575440317217742851
1565975137685577729
1574087124097302528
1569938578813194241
1575095028787326977
1574687750657302528
1570020783883276288
1575857844670590982
1575608190204772352
1572953757322825729
1572927022254653444
1572943136485163009
1573928956004286467
1566782456358912005
1573088609988902912
1573917507462860800
1572942651229634560
1572915880732004352
1572902291602288641
1573055346087981062
1572933809687138306
1574526802336174081
1575787269499371520
1572924274825887744
1573196930947383297
1572976948401377283
1570001527716335616
1573734946748915713
1569037301971394560
1573350053112320001
1575450646626635777
1573209202365014019
1575169339342594048
1573030118808764416
1574569704332488704
1572995232748425216
1573443801846546432
1572921850509893632
1573169254651858948
1572947475157090304
1575814276782166016
1573171991976509440
1572995086669021185
1571417616329342976
1573588551400300546
1575888115046154240
1573403594640031755
1575906685130264578
1573065594299351040
1573970037735555078
1575025398639132673
1572998894102913024
1572928442244673538
1575835914873368576
1572918059408539651
1575844725885587456
1572904054665220098
1572924969751048193
1570363689538142213
1575965814376652800
1572920444248010753
1573083356765605889
1572950727890276353
1575825156051607552
1570116995655376899
1575990189994151939
1572921951454396416
1566815317979963393
1570363969692475395
1573216889790160896
1575030600364277760
1572989233958117376
1573065696145195010
1573036590561107968
1573058917088780290
1575766394914107393
1573007826569793537
1575410245140189185
1574148180220215296
1573925112683921409
1572922782761058306
1571084587090190336
1573013192997044225
1575928586078679040
1572942082351992832
1565997087363325952
1573205432637816832
1573046000872296456
1572913723441876992
1573923418239635456
1575787463326433283
1572933538391134208
1575710535445671936
1572901977293737986
1571060556584603648
1575448209459224582
1573208027578130433
1573205008941735937
1573023534544191489
1572636875827060736
1575221144902422529
1573904862445707265
1575768511070158848
1573002338687750148
1570367499358863361
1573309020831621123
1573061976917479427
1573246641481879552
1573429306029903872
1572903157721894914
1572924837441712129
1572902083858145282
1572998115254497280
1573244117500436480
1575781033756463104
1573004376897368064
1574009122604945409
1572913150709866501
1575223190355202048
1573165892690935816
1573965785717940225
1572953103762071552
1575798087079317504
1566056574925275137
1573185376054906880
1575541427408613376
1573121709330563073
1573076611687120896
1573039670375628801
1573990201306890240
1573591011846230017
1575954205495263232
1572915130245206018
1572962227065442305
1572929409207902210
1572937422534500352
1572936416832757762
1572909930155331584
1575993086185902083
1573143034170118144
1572946374781542400
1570184174136619009
1572928303668858882
1572911777335091201
1572985692573007872
1573216908735926273
1574487485387882509
1573055366711189505
1572966550491074562
1575928341592514562
1573732355814064128
1567635100665319425
1569671223843459072
1574647305940221952
1573006357493870592
1567207364385820674
1573260385343389696
1572916180893175808
1572904415828365313
1572929432909643777
1572947165034717184
1570164194271690752
1573048861253423107
1573136837232955392
1575972089965604865
1572903127740973059
1573046600435384320
1573138815581126658
1572964775935582210
1572928127403462661
1573705309436219392
1566067074522386432
1572909116011716610
1565998358166224896
1575827725251584000
1575200770143952896
1575055800904679433
1575841128636628992
1572943384670502912
1566063639014014981
1572924188809125889
1572915152651014144
1574020812868296708
1572945138191826944
1575407262880989185
1572946868329656320
1573623385241911297
1572970119004884992
1573909275113656321
1569552580463788032
1572923745492402182
1574487363610443777
1568873740393656322
1573948247193882626
1573049312053006337
1575171905950457857
1573018851864092672
1575422633973260288
1573197965887422464
1575912431829667840
1573222525059964928
1573063127226368005
1571066373752918018
1570381716115820544
1573335723469672449
1572901878903480320
1573238040809689092
1572986882333573125
1573062576803835904
1575071590756143106
1575768847944192000
1573068175696363520
1568239072769966082
1572932674586812418
1573302610442211328
1572996557854707712
1566032095297814528
1573090680515313665
1573039979693019139
1575849149651566592
1575344254288805889
1575233822022504448
1566045090551894021
1570698862800801793
1575874491833458688
1566044822946840577
1566814290195238915
1573268698328080387
1566310819985592321
1575822448016359424
1573433101862445057
1572943797830533120
1572930985704013829
1573035120097099777
1575887110061850625
1572922674992795649
1575858713965252608
1573137458854006784
1567174652505591808
1570128481530380288
1572926995507339264
1568304244956053513
1566858917686149122
1574446172428722176
1573220085577416704
1572932869521014787
1575056962609614849
1573934758098264064
1575243025617457172
1575403451563008007
1575787981176086528
1573092334816104448
1572928272622817281
1573043709536526336
1572910994053120001
1573060456629112832
1573408048458387457
1572931126918021120
1573070690722480129
1575828612028461056
1573220063460597760
1570363804386476033
1573201005336211456
1572998846674006017
1573623841615749120
1572906542298697729
1568502918130683905
1572915439143112704
1575477220902338560
1573929389418496001
1574325533164376065
1572934929268330497
1575805621030748160
1573019862880120832
1572944824017514496
1575805925369458689
1569930274334457859
1573232717571174400
1573021467025063936
1573019313249861633
1569041746830540800
1573940684494602243
1572924243339513856
1568303847310778369
1569792061859139586
1572911370546581505
1573442205918064640
1573042962862407680
1575861288152240128
1573282216779849731
1574070693528047616
1573731899859767297
1572554506646454273
1572912775160107008
1570096968570920960
1573029967499530240
1569354629166628867
1573050181754695680
1573727669577027586
1572948507631452160
1573226253364203520
1572931927258140673
1572971237441249282
1572187069740646401
1573018644145111045
1573003068995735553
1572938022869520387
1575345566229348353
1573086999027785732
1572944110146699267
1566835692587700228
1575796386213163008
1572945594645352450
1573719023346401282
1573072194200027136
1572901729745739779
1572942287973548034
1573296514742493185
1575777527649357824
1575821723962085376
1573006201759178753
1573744146610888706
1573917671309066242
1573342372989206528
1572938607152734209
1573189236270170117
1572949182478012416
1575771924747399168
1573086945781387264
1573016168172244992
1575864204367908865
1573697774763315201
1575143790339411969
1575803092712423426
1575839095669940227
1570500509165064192
1573936033951088640
1575853902947184640
1575907326791659522
1573069768327839749
1575843164921163776
1566021276615024643
1573614732975738880
1567941313383002113
1575978121815552000
1572965835924275200
1573071992902897665
1566504161503485952
1573209557341712384
1573568507765297152
1573586830456459265
1573016646742118400
1572923177390710784
1573250858518708226
1572928834248359939
1572912857595125761
1575453736855535617
1572905226146877441
1573045101072465922
1573396743827374082
1574273546196586499
1573591693584203778
1573083944391741440
1573230531579609088
1573320905148846081
1572969491436568577
1572981976386125824
1573038405897916420
1573624483109298180
1572949829508112384
1572932169416450048
1572907672101621760
1573014381507526656
1572924370636476416
1574472504416112651
1575029297412071424
1573005779355193346
1574102788086300675
1570403326004703234
1572918079151296512
1575645141443874816
1573034835521814528
1572938485878882306
1572978712622075904
1572970582337290241
1573067179498811394
1573044108733698048
1575559869515571200
1572963219731521536
1575406025062195200
1573038890172272647
1573273780818157569
1573185901290725376
1573011775448297473
1572921540143874050
1572913159354081285
1575553326804242432
1575218893559570432
1573370768146284544
1573078329514663936
1572264174516076547
1573342259587780608
1573056313252347904
1573419561013108741
1569055735576920064
1573349768046465025
1572971302633316360
1573932562472394753
1573904156955496449
1572917570235420672
1575961955109437440
1573073522544742400
1575829279493206016
1573924753173356545
1570804155396272129
1575840493635706880
1572932477123166209
1573041303264403459
1572971581948809226
1573069245902110724
1572941182061133830
1573195381097234433
1573019252512227333
1572927324596719618
1572969113164648452
1575797690457210880
1575949996763279360
1575076204079521792
1575857294998638592
1575773863027552256
1573054966872559616
1574464082157211654
1573036196766392324
1573014104930979841
1573095679383281664
1572940631106002950
1565338932274810885
1570367165458518019
1572930761682034688
1574300208254664704
1566512541169336321
1573208081324023810
1573421524652294146
1573669009932836866
1573098673935982593
1573057226868420608
1573023230075568135
1573015665186848774
1573937069663162368
1573062246225387520
1572972299116236811
1567050243677593600
1573060155339689984
1572998923555315713
1573068119953883156
1575982036203864064
1572948476224507904
1573034140316110848
1575898134412075008
1573056304473870337
1573361260099502081
1572909231862591488
1570046389199028224
1572905353876054016
1572960760329916416
1570364317459185670
1573012807494533120
1572995201102135297
1572991531337879552
1572906037534986240
1575794115304124416
1565479603086532610
1572908246620590081
1574372284378251264
1575881482815811585
1572922586841124866
1572948865904685057
1572908652373200896
1575886505578561538
1575028424925585409
1573224285497344000
1572933573795254275
1572923401316225025
1575798292666949632
1573427469452992519
1572918201595604994
1573008660997214208
1573599205700116483
1572983473333321729
1575846831606882304
1572979552086794241
1572958457774444546
1572903941955780610
1575313262052360193
1573604651613786112
1572199188456214529
1572987516898385920
1573269738025013248
1572948911635206146
1573540484282212352
1572913952379600899
1573055434805899265
1572909166179811328
1572969934476693504
1572932231353749505
1573712034818146304
1573045534298099712
1566543419744329728
1575860321872678912
1575425620728844292
1572919512608940032
1573001782309126154
1566548344792555524
1573005401943166976
1575859419149221888
1575886710009126912
1572994094657323012
1575039861479772162
1573017209299173376
1573022621721059332
1572960701651775488
1573738165369798662
1572999180221648896
1575987971769061376
1575422067159322625
1572936707376390147
1572930173183623169
1573012831770902533
1575843197540081667
1575786744578179073
1575168880926167040
1572922030328254470
1575484879025807366
1566514226377678849
1572912466870386690
1573035551275782144
1570410262146031619
1567618578714599425
1572910874301693953
1575428396187787264
1572992575765909506
1572994609977909249
1572945606808866816
1570001052971241473
1565407010060894210
1573023233611268097
1572904048344371202
1573119189459640322
1575924052035633152
1572903373288112130
1572909607185682432
1573186959123652609
1572917848821075969
1572962560202182656
1572941722480418816
1572924980924645376
1573062847961210880
1572978840431120385
1572975492491264002
1566542696092672000
1570380850302226433
1573273910124380162
1572937942980595716
1570709256026083328
1575790524165894144
1575791946726924288
1572968132171513862
1573230838900310016
1573060535297495044
1573998486349029376
1575050147737632772
1573021226901114882
1573011769668374528
1573198550250446848
1575787257398599681
1575808919376920576
1573033982790443021
1572908054261420033
1573343940862160897
1573209883218182144
1575911288391503873
1575067780264914944
1572902287193903104
1573056347511599105
1573559186612420608
1572908460550852610
1573053214630477824
1572910189233291264
1571220044108922880
1575218688394899457
1571760621980614658
1572989526242459651
1574468580741156864
1574063013392711681
1572972870372065284
1573012816512126978
1573175704824729600
1575028818947215360
1573588276044259328
1572930576969236481
1575947266438750208
1574854068316606476
1573452465353130007
1572921218612723719
1575210732223795201
1573617120457392130
1566034313744900098
1573978260316332038
1569043154896097280
1575426536022360065
1575141944925233152
1573221697523785729
1573005778046394370
1575160854751969282
1573010602246963200
1572947105529970689
1572919521580814336
1572935241991606278
1572924255259475970
1572968145073094657
1572930814635282433
1572925840895213570
1572914267589935104
1572907350360719360
1575167271173263360
1572950847084195841
1573009947457384448
1572939559184343043
1572957835809673217
1572910196481032195
1575847499327152131
1572934844136542209
1573016803802075136
1567613935242694664
1575037517153193984
1573014694306234372
1573050127589179393
1572958437801168896
1572912398981275649
1573053615983722496
1575979066074595328
1572947117672484865
1572980064119136264
1566503215683731465
1575731055683723265
1566034005589479424
1573202542162771968
1572983754267971584
1572933799863803904
1567615457489829890
1573038830097235968
1573009443817652231
1572942071320682506
1572945893120442374
1575924770541113345
1570340862965547008
1572909027394310144
1575776698037342208
1573017555010465792
1573026049092624384
1572962158689898497
1573037050424885250
1573941254949314560
1573222224621965312
1573014928721694722
1572968750529347584
1574110486517497863
1572909296878485505
1573206889781145605
1573067840948932608
1573396361743339520
1569299750758846465
1573568282212421633
1565778397850226688
1572965879192887296
1572941159168880641
1575876774021697536
1572947536260005895
1573019532020662274
1573406370321539078
1572964585174433793
1565962526092926976
1573067894791229441
1573728865834475521
1572959482937745410
1572942108792856583
1573039922726010882
1572911503598292994
1573925351801196546
1573347845708697601
1566208409824796672
1566022114708267009
1573213198806925314
1565346513815240704
1572940461765173250
1572933619118936067
1572908359719739400
1570397671248076809
1573050047406964736
1573055012816945152
1572946162683879426
1572969369222668288
1573071016435322881
1573011998643732482
1573960816348602368
1572921641059094536
1572911521402949635
1573087591632670720
1567851242860191749
1573023501644189696
1573046579317161987
1572935588931592192
1575033270714372096
1570001086840291328
1572902647048601602
1570081040345055237
1573715144563167233
1572972044760776704
1570387457497088001
1573590092794548224
1572950517738864644
1572903538895765504
1575902712147116033
1573041320251326471
1572993556570152960
1573261935864315913
1573205963145871360
1573000819632492546
1572957510151061505
1566031946878181376
1572906415664287746
1573804443451228161
1572910076205346823
1573001320365187073
1572973721421234181
1572946190156861440
1573022856010731523
1570490012101398528
1572936681572933638
1572946069167775746
1569826961609953282
1572903045901451264
1566837569039515652
1575807781760040963
1572912324033519622
1575188264029503500
1572923616861507585
1575945953936228352
1573200953964220416
1575827411697954817
1573053902626381824
1573012891904655366
1573586678932971523
1575461855031693313
1572911743923552256
1573049553716224001
1573075625535246336
1572950542501953537
1573732178822938625
1573033070265073667
1573462282331381760
1573396800651886606
1572983334338183169
1572926194739302402
1573080120801255424
1572926390399340544
1573110933907701760
1572939539395608578
1573907932353363968
1565765016074207236
1573060256254640131
1570020199813742593
1572944769222905858
1575029182341337089
1572933429855137792
1573179049672904705
1575769562574131200
1565986881707425794
1575904725643317248
1572945707862200321
1575805643436720128
1573011934823288835
1572943342278787072
1572926302210105344
1573415327899459590
1575608141391474688
1575795257052200960
1566086115756482563
1575172855398297600
1575817544035799040
1573010213665656832
1574155702192455683
1572924524575817730
1573525677659365376
1572979415688134658
1572935233904721922
1573317201557438464
1570318909525598208
1565730542955405312
1569007086956158981
1573930807881777153
1573179188705648640
1575535486164242434
1574789634898501635
1575458134713417730
1573282944248315905
1573228354412900352
1573238031435599873
1572966867404308482
1572959964934684676
1572926775071498242
1572951772229951491
1575832148271321088
1573001518466359296
1567505543761219585
1572924563415244806
1573178142621155328
1575923458990538758
1573985251763814400
1573734753337020418
1573170081491812352
1573038206765133824
1573003495472513024
1569814644705067008
1572986353565958145
1573908193763287041
1572967999954460677
1565479704303370241
1573026237336928256
1573017094916116481
1572974933847711744
1572957744185118720
1573199682465136640
1573223188846477313
1573216666196250625
1574465091189161984
1572929378597625858
1569202811056824320
1572971425417367552
1573043713319878660
1574854777355309072
1575424102789251074
1575794902578782209
1572978848559501315
1572912549099601920
1573923577421766657
1569298225235910656
1572274372303282178
1572904214073933830
1573099293497606144
1573211567738568704
1573201743701282817
1573058239780077568
1573178523678035970
1572924936691269633
1573634815995379714
1575793029042311169
1572971188271386624
1572902945573699584
1573036723143049219
1572263776677949443
1570032286665674752
1566116946562764801
1572920951104323584
1575233856265146369
1570727788742836224
1573047329036402689
1575735547477139456
1572924527058853888
1573083290952732676
1574048980052443137
1572905245025660929
1573033964553617409
1573014966986211329
1573192774853316608
1575044825430179840
1572972403978010625
1573207408851181570
1573069131661934594
1574639427477020672
1573957319146323969
1572972622886981634
1573571555099119616
1573039365282222080
1573170789544857607
1572937765645611010
1572935748323577863
1574467894221901829
1572964190104555523
1575808827798089728
1575814815192207360
1572633302774734853
1573023955388190722
1575830278714654723
1566756623594520577
1573110191901523969
1572923584980602883
1575438951745306625
1573038613645987859
1575572569230430209
1575947642630443008
1572936307814600704
1572927298646466560
1575801185696886790
1572930380629524486
1573966703754633218
1573000977564798976
1572984360311357440
1573068955224535040
1568869386253139971
1572926546666471424
1572941602867273729
1573630402354348032
1572943102930997253
1573013656522080258
1573086153636560896
1575909461340065792
1573558701385973760
1572996812604342277
1574800760226910208
1573930149833318402
1572939529136504832
1573049344093298688
1571901046456463361
1565964696221634560
1573002523027423232
1573031813542461446
1568868190310268928
1573017551285751810
1572952125314940929
1572919062891487232
1572928795476365312
1573186969253081089
1572956091205419009
1569932828409839617
1575556005899161600
1571185275065307136
1575808647107530752
1573443465580630017
1573443125133168661
1573607223607058432
1575808678900379648
1575196502913581057
1573049083337506821
1573047524641972225
1568871259764850688
1573937255646957568
1566076038270050304
1572953738758832129
1572904572427063297
1575411244303097862
1573333026158813187
1573202484138766336
1575826433829920768
1572956343568568320
1573909666047954944
1573589786278989824
1572923951713603585
1575816994623889409
1575170287473393667
1570410546738102275
1575170018249043983
1573238753195433985
1573904570073374725
1573016463945990153
1575874446526930944
1572987341849108480
1572926108978249731
1567536638993088515
1572938667186089984
1573072217054842881
1575898173616242688
1575848231992365057
1573020939255783425
1573608041630539777
1573059914012176384
1573066620402114561
1575822235041947648
1573012657896325120
1573056195748937728
1572928280604311552
1572933587422388224
1575235312380280833
1573043486886187015
1575180433138274305
1572967740381753344
1573927078155751428
1572997005076480000
1575907059631292416
1572903300101709826
1572937908990115844
1575166393757990912
1572909158827020289
1570408635108585472
1573183063542333440
1572945091584565256
1572979579534417921
1572905446381584385
1566130569695707138
1573697663198978052
1572926032847712256
1570086354993745922
1572918019650625539
1572944910877339652
1572902598188965888
1573060761261572096
1573950147003834368
1573251512226271234
1574013700314382339
1575793135736819713
1574802282138550274
1572995590539333633
1572944775002689536
1566158945047269377
1570117429610561536
1573028932311564290
1565419426882658304
1575791019601240065
1572902768310091781
1572984439566700544
1572968557499092992
1575822655499796480
1572957346548121605
1565644077168828418
1572901599541923840
1566869861455855619
1575181621098999809
1575864518655107072
1572972986256297986
1573434688563302417
1573022333815889920
1572904597664198656
1575498926630715394
1575436094564442113
1573914261549629440
1573550028710453248
1575168979651293195
1572977368846696453
1572915617258414081
1572901862893928451
1575063873417158656
1573197926725308416
1572930694015512576
1575029090612314113
1573269498605735936
1566278850824359937
1570743724837314566
1573551998741487617
1572945187986604032
1567187317894397952
1572930364267692032
1573607646388690944
1573217445162389505
1573012403297853440
1573074326487961600
1570000914781544450
1572965916538814465
1573312380897050627
1573424346365845507
1572933123217711104
1573064397915918338
1572939317152206849
1575942246460948493
1572980698709127173
1569758245115367425
1573245283684712450
1572998906404823042
1573266209151524866
1572941479613726720
1574513184509423616
1573203445296910336
1572992229605605376
1575252810261794834
1572903889493721093
1573725432171700225
1575765683480076288
1572924368115666947
1575165240974508040
1571924575214252032
1575170846666027015
1573643430806409221
1573208392247791618
1574468786807345165
1572965441026285569
1573027667632619520
1573001978476744704
1567071729507344384
1575873320146198528
1573917109767360513
1572967050280112134
1569300774152294402
1572916884538011648
1573725556889341954
1572938612232310787
1573186619309719552
1573914610444472320
1572948295278030849
1573248962278363137
1572973221091188736
1572956463676682242
1572983781807607814
1572905439146266625
1568888923278950401
1575420909120376832
1572909656170987520
1575638986567319552
1572913455056982016
1570000662787751936
1573011168570085377
1566860633575923712
1572903745083801600
1572329151985774594
1573067701488328706
1575168375604776971
1572904150370848770
1573012125831888896
1572943764037210114
1574254622209847297
1573905615264497664
1572903891938975745
1572962988474212352
1575858220538925056
1570001865999360000
1572923090044157952
1572911532400578561
1575238979951403009
1575896504220295168
1573049155261448193
1573018932709040129
1573049997339279361
1566193371391090688
1573925407077896193
1575836505767284736
1573070224118644737
1572920333383995395
1573606801915920385
1575813454534832129
1572902399366557699
1572974782915973122
1572994169622118402
1573034944322060298
1573084235916890113
1575780011478380545
1572951619393798153
1571220538160283648
1575171524352675841
1574275676135657477
1572931584822575104
1575858973961752577
1575524768102567943
1575383720994938883
1575850342931365893
1573924606678863872
1574562789049278464
1572915302987628544
1574278153865809920
1566540821335363589
1573030439735934978
1572934823911514114
1573050648962138117
1573070127729446914
1573194145845452801
1572956558123753475
1572922322897752065
1575991521731825664
1573053419967107072
1572931694021197832
1575884625104076800
1575554600102264832
1572963028399976451
1574324996880605185
1573257932828966912
1572995621728014339
1573219658399944704
1570661834889527296
1573278219146776578
1573178439246430209
1573611153116233728
1570350093668175872
1575893830540328960
