1298003118739927041
1297453062567669760
1297333495937871872
1290922796445585408
1297123641826643969
1291829124173049857
1291090780300476417
1293654806226259971
1289985805339983872
1295149764573528064
1294934553241550850
1299411331007819777
1295300793193684992
1299425075645554688
1289656866260180993
1296978808860479489
1296941226449666049
1295051593923072004
1297293784468860929
1294549210742882304
1297270730032324614
1292878188788490244
1298669742656491524
1295063756008034304
1295007002939273217
1295109821360898049
1299816350387449857
1297064676770095107
1289828027451559937
1295029280125190156
1297101322597081088
1297062612325273600
1297073653725704193
1294209046422200321
1289978553686036480
1295039471084240898
1297310289831002112
1297249360460369926
1297103712998035456
1294250752693735435
1297101024726061056
1295269581548933120
1295257907605495809
1295062663177871360
1294322242260815872
1295037531738853377
1295126269110124544
1295068014187098112
1295060610288361473
1299118343518068737
1296941100301791232
1295058965546569731
1298025703359885313
1289591076571865090
1294740741667921921
1299614101732114434
1297411295411675137
1297171975740301313
1295006825910341632
1295129900383428614
1290239837157482497
1295237796408500229
1295058066942177283
1294839035828068353
1298957503485693952
1298164129077788673
1297571913271775233
1295083986004463617
1299428544389484545
1295360953488420864
1297087880158994433
1297091105205497857
1294386499358777347
1295037582104039424
1295079940782792706
1295031769998262272
1295008983221248000
1295101407645892612
1296962975312601088
1297120296680464384
1295049112468049920
1294304422928015361
1297108080652619777
1295254396989775872
1295788491863990278
1289886594195841026
1297082521604296704
1295105593636683778
1297098432348291072
1297296158499495937
1295126036900913152
1297136673915052032
1297093062783635456
1299420509164179460
1297324906393284608
1297278328022368257
1295020760872947712
1297438023030919168
1295013127101325313
1297307251259080705
1290714610140622850
1297501569630515200
1299439129848164352
1297053947824427008
1295033121679839232
1297199703856230402
1295008789268242432
1297154115588501506
1297205674406019072
1297199875600330754
1294361166597283848
1295024373208883200
1294346813588340736
1298980510945820682
1294692161921986562
1289877764045025283
1295383932700164096
1290227856413515776
1294336295125295105
1297099316625059842
1297246649618661377
1289832543550754817
1297077476678656006
1297148161555931136
1297094271229730817
1295015822138712064
1297168049720655874
1295110001711775744
1297533953918873600
1296943100095594499
1297308761569271819
1297418776724545536
1289875994329772033
1290007879357837314
1297242243758198784
1295018222606061574
1295132750308085760
1295135579827470343
1291830931872002048
1295281727804448768
1295025213244092426
1295084239252328448
1290046733628497920
1295353191652118528
1297132834491183104
1289820848388476929
1294325402798821377
1295087408745197568
1297295039677243392
1295055048947294209
1296405745261514753
1297095720714014720
1297036836351741954
1294322902502912004
1294243393124601857
1294617308070055936
1289959468902445056
1295017990119882757
1295014731703558144
1295008955974987791
1296981520733929472
1292878270770413573
1297437808815218688
1297303403685715969
1297127467954642945
1295090263518597127
1297208067612987394
1297082836378431493
1297292124086575104
1297208548502511617
1296971071934083073
1296944728886435841
1295088807457501185
1295083521506185217
1295064351645347844
1295341745165795328
1289843345821503488
1297230537170530304
1297133216483217411
1295045252018044929
1298155571712069632
1297169343160225793
1295018366575534082
1289836596758327297
1297193141511086080
1299065602951315456
1291093242239422471
1294216963615608838
1295073650056593408
1295041897367580677
1297202855976329216
1297591265157165058
1294558495681982464
1298866105151361024
1298737145151131648
1297279086000300033
1295709845405011969
1297162405101867008
1295417823985127429
1295033791879229440
1295060003737473025
1295041261494251521
1298872601989742592
1297173187214610438
1297302743292444672
1295106927924580352
1295006378692677632
1295243957061001217
1297103503823953921
1295011632104570880
1297522689754767361
1295016413724315648
1290134737663610880
1297083253770391554
1295037874069528577
1298160187904319488
1295344449711636481
1295288326975561728
1295137637439873027
1297090820139552770
1291657767716093954
1290009789578190849
1297158766664781824
1295014829816721409
1289836700114403328
1295019800910008322
1295074199334264832
1297101425391087616
1295817376290746371
1294281313546051588
1294997475363893258
1299427417208041473
1295036126806319104
1297427090057330688
1296387210045005824
1294577606751399936
1294262286564167681
1289955404366127104
1297326216215658508
1296940716799791105
1294280153414148099
1297094640403984384
1295010791746424842
1289946848019398663
1289862971225587713
1295031758174539778
1295116125357907968
1297209236661968898
1297175590634651648
1293302868146032640
1295091027716571141
1295049913093455873
1297292240025526275
1295467762878382082
1297291220629299202
1297296079889866753
1289892469614600192
1289840245215596549
1299246761555435521
1295307425814323202
1289855526386298883
1295337649096609792
1295131800013021185
1295085491147112448
1295037845778857988
1297976121577930756
1295455668246323202
1295011496393682944
1295011092792578052
1297318876619902978
1295041518068273154
1295033522617556993
1295101456173993985
1295044789776388099
1295081543107584000
1297439529058607104
1297524733861216256
1294256923596984322
1295022363583680515
1296944851427221507
1297034724431585280
1297230614609854464
1297186490225700865
1289915673187987459
1297266124233613312
1289813836233617408
1297123334551986176
1290665586700296194
1296953136289124352
1297295554427457539
1295616640449683456
1295271836612276229
1289992130400665600
1295261800339066882
1295269424522506240
1295146632770723842
1298030583306690561
1295091661626843140
1295110897787076614
1295029460270551046
1289952352854663168
1297087764102602752
1289814237208969216
1295047998972600322
1289952866963079169
1295048010804731909
1297156909162811395
1299463267027505158
1297099059807883265
1295045582873133056
1290013123001409537
1297103992674287617
1299477705986113539
1295058630329368577
1289883221119795203
1289956110825394177
1295239400641658886
1295016916776628229
1297077615199756289
1295021671351558144
1297111108076163072
1298155703975251968
1295020939776688131
1295059709741981696
1298956789736779783
1299439691725447176
1295107866429468676
1295037927685345280
1294409226291478528
1289961488606789633
1295115237218189317
1297290991427346432
1295282038052917250
1296507330813714434
1298646147989471232
1298071141160976392
1297104053739180032
1295097846396583937
1295015761434619905
1295040298582769665
1297070567208693761
1295212764466753536
1297139186827440130
1298974039889915906
1297155632827699201
1295105045474742274
1289581693855125509
1297077065519431681
1296389852213260289
1295013297331281936
1295347132497571842
1295098372999786498
1294325183269023744
1295705785549434880
1299426015198896128
1297990080594944002
1297155426761486337
1297057377821302784
1294614570879848453
1294593856655233025
1296486094956109831
1295119043876323331
1295112570718900224
1296944259929702401
1295183707742056450
1295104192777007106
1297164238935470082
1297612670397538304
1297033739017560064
1293488524768010240
1297437427238408192
1295016229770612736
1296951176248938503
1289875670768656386
1295103838442139648
1290400611368865795
1297114259252543489
1299638392645443584
1297304460960694274
1299715333348098052
1293633284329689095
1297166975693725696
1297183621019840512
1294281557000294403
1295030513032454146
1297117399838326784
1295116590560825345
1296987275600027649
1290218853637607424
1295026431240687618
1289823704252157952
1297175982705651712
1297083803891105797
1295110624238882818
1290049872549130241
1289991769770188800
1295090262142857217
1295043604319174657
1296945641940189184
1295093571545071616
1299686405585633282
1294691226176954369
1297383523330994176
1297076761570807808
1296946204203515904
1298015040965160960
1289824386137165825
1295081746388725763
1295082781870034952
1297115313088147456
1297304380111298562
1296994788378652673
1295103728756850689
1297073741470539776
1289983284064075777
1295059558717628416
1294261407668723713
1297145664498016256
1295051518094258181
1297029201569239041
1295030281091592192
1299044898918805505
1297292999035150338
1295017428280320000
1297089187917828096
1297400113179045888
1289983912819585024
1296941669565304834
1295019675017977859
1297302083796897793
1297068648268521472
1297140084089802752
1292882006272102402
1297053775073554433
1295051169660903432
1297522602198675456
1297185162845925379
1294397383762157571
1295065806343208961
1297148616327475201
1300375289193783296
1299699391675105282
1297292636781502467
1291077907239112710
1295010784083431425
1295292991121371136
1298300803816607751
1294812201077870592
1295162500829384708
1298746294266204160
1297212171504488449
1294764835637530625
1298147321558048768
1295155069504172034
1295033240408010754
1297192074178187264
1295106940046057479
1295012278765531136
1297165184826474496
1297069474483449856
1295095012468948992
1297100563692376065
1295057628524052480
1295044846139441153
1294303071368077312
1289931722130366470
1297300246704291840
1295272529481928705
1297149832839274498
1298966055780585472
1294592173191696384
1295137834517635073
1295348506002104322
1295009871595741189
1297079652889047040
1298967751193776130
1293642135598768130
1295086537709936643
1298169277158170624
1295083068793946113
1295049159586840581
1297111096722108416
1295017845668163584
1295235055971905536
1294349188273262594
1297443440582680581
1297158642156929024
1295278258255273984
1298657005301903365
1293478620950822912
1295077362602774529
1295068021195780096
1297126522264985600
1297222142975672325
1295519507948228608
1295118539905536000
1297065000377495553
1289831592718786560
1290925991792123906
1295065850223964160
1297048424437645313
1297134673722843136
1297291813758349313
1297211022227509248
1297071229858439173
1296385320091435008
1295214187933765632
1295123915937914884
1297223347466645505
1299404841362612224
1298019327766081538
1295313224011845633
1295136008611278854
1299446132834263041
1297464002516258816
1290223909112033280
1295067891419746312
1295030084458471424
1297055558512541697
1298942212911267840
1295054001332002816
1295090370154504197
1297097444317171712
1294244720726745088
1295319838903152640
1297199422976163840
1299099811963076609
1296970902182166528
1297093051861655552
1297191234079993857
1297067385908797441
1295969381038645249
1290003394145341442
1295130507647299584
1297921671135928326
1299616534357258241
1297149436662026240
1293646126743158785
1297170157618573313
1295140297656107009
1297895033513955334
1295030577935122432
1297160672787214336
1299061967626399744
1297292037918777344
1297445931923759104
1297102865530576901
1294259512862441474
1295227093589078016
1289928679858958336
1295139438889246720
1294517600941211654
1295068037696172035
1297234179546062848
1295205799669768192
1297302462467117057
1297163846688354305
1295243432118620160
1297184631360495616
1289972763755765760
1295248633101717504
1295120041638232064
1295084264393003008
1295014997727358976
1297163612449050624
1294658822619852800
1294331886450483201
1295026462916050944
1299089656936628226
1290038200199786505
1289878158972346369
1297977739065139200
1295310798282203136
1295147686191149057
1295135855175180290
1297216277174419458
1299672019064233984
1295101229429817349
1296940238326190080
1295057485104140297
1295011057275228161
1289815511551770628
1297074043133337600
1295044236417654784
1295042747800399872
1295317540487471104
1294893045985533952
1297204271960686592
1297066869812269057
1297223835696201728
1295100403340771329
1297150474559336450
1290725762195218434
1299617490478211074
1297196384538505216
1295296522448523270
1295122351508652032
1295024631804461057
1299571612812029952
1299338823726440448
1296944833534328834
1296741434620510208
1295051492240523266
1295069557774782464
1299438055435182080
1297022012095856640
1294275124905025538
1297483509360144384
1297291653674303489
1294533532627472384
1297049118003605506
1296944253906685953
1295029205609086979
1299435512311296000
1289941684042620930
1290059254079139840
1297197445529690112
1298231902713917440
1297065887195947008
1297084829062828035
1295369828094574592
1295148490084024320
1299513946253205509
1297096012570427393
1297085572369047553
1298331344901148672
1298061397893537792
1295131455094431745
1295081561524772866
1297187722076008454
1289885778470776832
1295039266901372929
1295073364793597954
1295151152439480322
1297121567051321346
1294250521159766019
1290175905957117952
1297321680021446656
1297085551963709442
1295206920832385026
1289836617759223824
1295021011209986051
1298973687685799938
1297602883186307075
1294597722943770626
1294398368400236546
1297204485983481856
1295092077949333511
1297119583795580930
1295057677576544269
1297298608195350531
1295083898494504962
1297293439395143680
1295301957666639872
1290052653381230592
1297168725314076683
1295246203538505728
1299127418070929408
1297135134727077888
1295106621916491777
1297152826808963073
1298635696165597186
1295025634968834049
1297220682577838081
1297162545493680140
1295248558325669888
1295020702756724737
1299230410946351109
1297175009379655681
1295067832393388035
1297299090934464518
1292904582465626114
1297135171712491522
1297114176729554950
1296941075790258182
1297175148861284353
1295058944537309185
1297282787591036928
1297072615505440769
1295052274297970690
1295398874610388998
1294529798816047105
1295038838746775554
1298236726473891853
1298954574242299905
1297300000175792128
1295114436248842240
1297531092854022144
1297116009527234560
1294451100196708354
1289894408553283588
1295089283494182913
1295055831164170249
1295105786306277377
1289981208617562115
1296948079619448832
1295686743149162496
1295126642160009222
1295110935967870980
1297059447534161921
1298045914779652096
1289897522018897920
1297260560711651330
1295030411723255810
1297169636237213703
1298571825648209921
1294753590062579714
1290167287073234944
1295016634017615873
1295007514833100800
1290182117960249344
1295090188646060033
1297311445391212544
1297121568875778048
1297099379246075904
1297864136831926272
1297345069591203840
1290232584480280576
1298146026071744512
1297134955781328896
1295082811054010372
1297125695458553861
1297067940098048001
1297165674847117312
1297553176305053696
1297077249078943744
1296468774456098817
1294773377102745601
1295038638179389441
1297068373122195456
1297261286770774016
1297070798558187520
1294669880306933762
1295144203371057153
1295095045037727745
1297174230346465281
1297093158086598657
1297080329904230400
1295136358835650560
1295602546204123141
1297030980180627457
1297154491519770625
1289855469813747713
1295009083414781953
1295017069734494208
1295091228195905537
1298877565160042496
1297983361928040449
1289923474148868097
1295027949528330241
1295019407534587904
1289707759802318848
1297085501996965889
1294321726873108480
1297096960554553344
1297438323204673537
1297148775039991808
1297167473922506752
1297092167035387905
1295087336036929537
1294326773761691651
1297097207359971328
1294862387875635204
1297260870842617857
1290301105243426823
1297457392611930112
1293648518322757633
1295075387232391171
1295124002898411521
1297290935324352512
1294266163027992577
1289896802678784001
1295113045727903746
1295118349374980097
1297459882615070720
1299606199990718464
1297108321711816705
1295106737964548099
1297313791210856450
1297139613857964032
1297113984995385345
1297163650659233792
1297441539333947393
1298320532203503617
1289909413441089536
1295017657754951685
1294376713154158593
1295255119253168128
1294258306110951424
1295091234692898816
1297270721396248581
1299465286408699908
1298652316749504512
1295303740724043776
1295019351972683776
1297302837718855681
1297214963736629249
1298019468027858949
1299118061560176641
1295042578870611968
1299636729188581376
1297158744766394369
1297146134918565890
1297098551651180544
1294854417053868034
1297078069321248768
1295334619999592450
1297068436552638465
1294399572110868481
1299007712181788672
1297469638016737281
1297391903411965953
1297083586898735105
1295078538622701575
1295009821842964480
1297435557883269120
1297422839012876288
1295013871804088325
1290146631891984384
1295007285182439424
1291775738757160960
1296991625135165446
1295325421546995712
1295017099820236800
1297976858118627328
1295356148632162306
1296952302352437249
1297335983910916096
1290052093278138369
1297101542802284544
1294213278432927744
1295035564161409033
1297295786552811525
1296944875766796289
1297128384749805568
1295275820697747456
1295032458266771459
1295023481696989184
1298017544037703681
1295033579475480576
1289845394042568704
1297120233992458242
1297181074460749824
1295042276226486272
1295054598290444289
1295117526171623425
1289928479434133504
1295152661139001346
1297441697480269826
1295134975424188417
1297292156307148801
1297223508494299138
1295035987869958144
1297082031931895808
1297073728707321856
1289915480703209472
1295247156530511872
1297200829762547719
1297222980213366786
1297034862369570816
1294274809979981824
1295064752423604224
1295148536775024640
1294529955511128064
1297083189165535232
1298235371671691264
1294373552012099584
1297774321012793344
1297508941161811970
1298166023871500290
1295006195309252608
1297082538150760449
1295117905315561472
1299118827272314880
1290030831759585280
1296948808081977349
1297100062506594304
1296943875983134725
1297300297291898880
1298319704201846788
1295017796397608967
1297194568069320705
1294251092562382848
1297069919088058369
1295082138048458757
1297242480728039427
1297173945637052417
1295089630904291329
1295048740429074433
1299433206203244549
1295024700834357255
1295254311379902465
1295039251588026368
1297239226011078659
1289869514163666944
1295086632899682307
1299614866500718592
1294371940120092674
1295110942926295043
1297162477709537280
1295470392442789891
1294938074779197442
1295074985900412929
1295113645609934849
1289828237569212417
1297091190786056192
1297085854817673216
1297090390739292167
1295097758932783105
1295103252837683201
1295030231162589185
1295008559927824385
1295253263483273217
1289980443064807425
1297271042101125120
1295119398928293889
1297307538640207873
1289945681487044608
1295653566812692480
1298177930477146113
1299802754660143113
1299467239993868291
1296943914998468612
1297140129677615104
1295029921996308481
1295109828457762818
1294622784270802945
1297330306538708992
1295117804736319489
1297834095066710016
1289869827306217472
1295015588893515777
1297166232890888192
1297051208616640518
1297441027679227904
1295102678515822599
1298736665066954759
1295037258349916160
1297083541021437952
1295112378904961024
1295062563294777345
1295045500522176514
1296940874190987266
1289582477833428992
1296946409569234944
1297083795347251203
1295188960499638272
1295130429306044416
1297082167667888128
1297291640810463232
1297524307820716039
1297292018306228224
1297077577601945601
1297164402974760960
1290005213856710656
1294993441752059904
1297136065430654976
1295119471938592770
1294379086199087111
1298047057073143808
1297082833920569344
1295014256925126657
1298197490039218178
1295029969085751298
1295248458031472641
1290748660825956357
1298008234599550981
1295047052645355520
1299082684057165828
1294441391330861057
1297105619120521216
1294326356260663298
1295382136598470656
1295048692249108486
1295021265166770184
1295011185805451264
1295372090879741959
1297297196933578753
1294345743793360896
1295093672489484289
1295040304429637632
1297524762651041793
1295144345885057024
1296945865844756480
1295094680640790532
1299467988605730819
1297123706448359424
1297162137660526592
1297538480801828864
1297085656372584448
1294943890479489026
1298177113233686529
1297138106349559809
1295091874001309701
1295016070005370886
1297102519718551552
1297089869479583746
1295269553853865984
1295034759865937920
1297179699198779393
1295045153678405635
1295102517047631872
1289969524343623680
1295091982285574146
1297093582449451011
1295084427660468224
1295285613957206016
1297296338510651392
1289844849902944257
1295108915261329412
1295645079592415234
1297051805398990849
1289847950286499841
1290315494554124290
1295060884696576008
1295090860879753216
1297168917975179266
1297156320953602048
1299166436565241856
1297305470382768139
1290757428343119873
1297341003397988357
1295073274188136448
1295051750471237634
1294158963978772480
1297052616229257216
1298510021555294209
1295049667978448898
1295040467650916354
1297164884879314944
1290052551987965953
1297297986242969600
1299437640161341448
1297295345953787905
1295341178825707520
1295273995634380800
1297146369778515968
1297174000263626752
1296941701936881664
1297300543833071623
1294421555741691906
1295234084952834048
1297054323730518018
1295081546576277504
1297422593868410882
1297086402417446912
1295021582650347520
1297086426358722561
1297095866826854400
1298876787812859904
1295032407717023745
1297130205572726795
1297100709129854982
1290203299023433729
1289978714915299328
1295042147914260480
1297445110888759300
1289869261041672192
1297293266895986689
1295383460023017474
1289956829540171776
1299757248638529537
1289874267757318144
1297089137250578432
1289953344421797894
1295023050170216449
1295018273566789632
1294244052251156482
1294321561906929676
1297155361649172480
1297190606557646852
1297204227379466240
1295273997060513792
1294248189600694272
1297093382959923200
1298012039097524225
1294391627235168259
1297626820020502528
1297435384159309825
1297291493963685890
1295097428652195840
1294329246681387008
1295011530338172930
1295115788144324609
1295074371904692224
1295234168633339905
1295016727873544192
1297181055531782150
1297422327328788481
1297325573690347523
1297282188648620032
1289817084008964097
1295017533268000769
1295027385285443584
1294749843408277504
1295039937746698241
1297298303244292097
1293637548443602947
1297200564531539968
1295250277856161793
1295055385561268224
1297138752603684865
1298646487191232518
1297026637029167105
1295365106918809604
1297494217606995968
1290048743236988933
1297068694598823936
1295276727682371584
1297292403615965184
1296745617214119936
1295098352921645057
1299872912225325056
1297294103772909571
1297080183258832896
1294913521441017856
1295069786251112450
1289813040846708736
1295023960812388352
1297340743493853185
1297233929863299073
1297305979525226497
1295105253038333952
1295204718030008320
1299045399865503745
1295050103938572288
1297096597545857024
1297063309615792129
1295015844137906176
1297146892338462720
1295436656154161159
1294254250231508992
1290042708170436608
1295189949507989506
1298940062307094528
1299075580898541571
1297098220678635520
1294389072564297728
1297115907324600320
1295415737209761793
1295089261050503168
1297110218342572032
1297190807443836929
1295314088071966721
1299439955761082405
1295145763752873984
1299122419895013378
1294911143685783553
1294028941129383936
1297304365284446209
1296966793630801921
1289816228740116480
1295064618797236225
1295026120962736130
1294737942661955590
1295033826314539009
1295094365476593664
1297183007892287489
1298152547190964224
1295104054222295044
1295249278638739458
1291704314910650368
1298135107593818112
1299736561609834496
1295140533891989506
1296945552651882496
1297169783641776128
1297086000829804544
1295078268677378050
1295049219682836480
1295034218268053504
1295132112178348033
1295075291778420737
1299404006226239488
1289903402114318337
1290134648647847936
1297162666075709440
1295090450097942533
1298940195539226630
1295084493636874241
1295027235552931848
1297072489152077824
1297192553540997120
1297239742564700160
1297275848735838210
1297308070742302720
1297638517720350722
1298684618925920259
1290607338588692481
1296944650759086082
1297302662073823233
1295109790864224259
1295052435958804482
1294417240725622785
1300137513433128962
1297072827485564929
1295124480671584256
1296948302458556420
1297418256240828417
1289969333657939968
1296981480439259139
1295111541881176064
1295119345115435008
1295124877117140992
1295068424612253704
1299430453225705472
1296941475612307459
1295052466007019521
1297316640653225985
1297581267886669832
1295062399104495616
1294337263728558080
1297528862969081857
1297180290436259841
1294693551847112704
1295023868659281921
1297063807156707328
1297297953779060738
1290013158183063552
1295114044299509770
1298222782694805505
1295099343574368257
1289944357118685184
1295064954916278274
1295029021995081729
1297291704836423685
1295093393991892996
1297901320607805442
1294327919611973632
1299565291194781698
1299764449629347843
1295062635822686212
1295116713512624130
1299574686548922368
1290053189031477250
1294751571402784773
1297163456626466816
1295068945272188933
1294428448845422592
1295030341321854976
1295667124199993344
1289966364342460417
1297483525512364033
1297212904496914433
1296949388976312320
1294758419354849282
1295104845603643393
1297173327140786178
1295599227444371456
1297291331300139008
1295029840555450368
1298687715408478211
1295017803699884039
1297301417661812736
1297029480985366529
1294333019092930561
1294343222857170944
1297158736100892674
1296498854951620609
1297113411826913285
1294748898037301248
1295062685969723392
1298144850676789248
1297194295070523395
1297264955117522944
1297104407247622146
1290184877225189377
1295038133046849536
1289957540604846086
1295605837965254658
1295073400235397121
1295135013885882370
1297088235953422336
1299004606752501762
1297068975642357760
1291326334229196801
1295218016339329025
1295037455817736192
1295348248002125824
1295011446972178433
1297279805327642627
1297433878840389633
1295042561778876419
1295055546203156480
1297185325777932288
1295063211763523587
1297577098115264512
1295028801672548359
1295057352694038528
1295033278194483203
1295115249272717315
1294347529107247112
1297159518590296066
1291103006256173059
1298123020175892480
1294242023680155649
1296997046147264512
1289836015352340481
1295124633906110464
1297204344329207810
1296941450232463361
1295078130349211649
1297137813935329280
1299449405901242369
1297311368845107200
1299658720553701376
1295094241581047814
1290780233168302082
1295053206662324224
1290639025951444997
1297082093114187776
1289836413895270401
1295026569145090051
1297327110487449601
1295099372816957440
1297488767889137664
1293876384788557825
1294332608713838592
1297137620640817153
1295036745625538561
1295104238071226369
1297445878970580993
1297096344591642624
1295111650417270784
1295062699899064323
1297525986045702145
1295260066048880642
1291512758496886784
1297537951543578624
1295179310807027713
1289814137489354752
1297202191556661248
1292878375976079360
1295084756649103363
1294971895192997888
1290963130001100800
1297160609440694274
1296941610605871109
1295206240105226240
1300000866028707840
1294346905502330882
1295025992013152258
1295050376836722689
1297302369542209536
1295273924654247936
1295143383233695745
1298972091547553792
1295097605056352263
1298631766895398916
1289949590125309952
1297552869105827846
1295100883999563777
1295234774693564416
1297081366312554496
1297088523783352320
1294333239486812160
1297197698463014912
1289895798474518528
1297294319729233921
1294241519713636352
1295122499357888519
1294706233082028037
1297090523086364672
1298176805233463296
1295037297130442752
1295010020514500608
1290718283432431621
1297253663346495488
1295007614653337600
1294364623148388352
1295129746171473920
1295095524660588544
1289956530851176449
1298398340548370432
1294402890950467585
1295054208664842248
1295274967932772357
1290147808264294400
1295033149605523458
1295094667390980097
1295092718549577729
1296979439503507456
1297041867675238400
1295044591926882308
1297053736762826753
1294357179303178240
1299294823523012610
1298180723623567361
1295037922215972864
1296596809780023296
1294775985410383872
1298225419053871104
1289895192607129601
1298111486515122176
1297296940233883648
1297048530410967040
1289975291604066304
1295142507190329344
1289986025163329536
1297487571434569728
1295071079082463240
1297156224425885696
1295065147485179904
1294359813477085186
1295661466322980864
1295045582608891904
1289862939877339142
1295155398270484480
1297107214151426048
1289950652328603650
1289838094921809925
1295295225796210688
1295018604732317697
1297069710979334145
1297017829087158272
1294322930474721282
1295255317983485953
1295089583068196866
1297449223475142658
1290006115078504450
1297291553355046912
1295069309224591360
1297228097134223360
1295029578956771328
1295056666749210624
1294323568898187265
1297074299405246465
1295069116785659904
1297301519008763908
1295092737637789697
1297257518251507717
1290132626406174720
1297299220605677570
1297306430731685889
1297191837803962370
1297158646019825664
1297101486950932481
1294363192320294915
1297112768898793472
1291454764757196800
1290040063611420672
1295068032298098688
1295081100381949958
1298637432074764289
1296943287337660417
1299740912264916994
1295033722924699650
1295068531143462912
1295139393817260034
1297198954308919297
1296946174319108102
1297497338433470465
1297296642949951489
1299518040661544960
1297145764641042433
1295038117624320004
1290175243995160576
1297300125975547905
1297213821468237825
1297162987174756352
1295260000508694528
1297173899705290752
1295095368988975110
1296958606047420417
1297228020693061633
1300172121495216133
1297187120059162624
1297598850358816769
1295144661472993281
1295207269357977601
1299471863266054146
1298014015776534528
1295143765410283525
1298770117191442434
1289977042717437955
1290062343578230785
1295109984401981441
1297100680935739392
1297485861815226368
1297311567890067458
1297463924711989249
1295270694717186048
1295041939117608960
1295026747726012416
1294281196428578817
1297981175416356866
1289857405665214465
1290769123052527622
1297065023605542918
1295200760892981248
1295120449173622787
1295368695888392192
1290623032420175872
1295137584012722177
1296940658998087681
1289920431466717184
1297291965550276608
1298941113139630082
1297499380073861121
1289957588403068928
1295046566701682692
1294530197161758721
1297243288949456897
1290064271653494787
1297162695385518082
1299095542702759938
1295233580877176835
1299710680388567040
1297107177715441664
1295048960067993600
1296017129372897280
1297291294499311616
1297194220185366535
1296960713743794176
1299649682558377984
1295017935430451201
1297192762727706624
1298261115030257667
1296053282981511168
1298887614477545472
1290018619359780869
1298669654068649986
1297155949103374336
1299405441026453504
1297458898270552064
1297256946475597826
1294321685101973505
1295507191395475457
1295105814676504576
1296980448443346947
1295043326400499712
1296996890156957696
1297293521783853058
1299739065013727232
1299454425581395968
1295254862368776192
1297272444458274816
1295403930646654984
1295452303219208192
1294242686053101568
1295087909419266048
1295054908123643905
1289938986811527168
1294329397152026631
1295041654777315328
1298139784762851328
1297660701918593026
1297127905030438912
1296942783052292097
1295275584671686656
1295036499851972609
1289848407457009664
1297073781312233473
1297046722254905344
1297521331295129603
1289979367389401090
1295454322554216448
1297305722661855233
1294348423282515969
1289943160970412032
1295256705241092097
1294360941107335174
1297981879430320128
1295120725909569537
1297299322481119234
1294942083124518912
1297975233413079041
1295054784005836804
1289824282885763072
1298020456176418825
1294814496377143297
1297128487137009666
1297075426486038530
1294557284966834176
1295124033416069120
1299037702910889986
1297236172129947648
1297083614564425728
1289873796564840448
1289554498499645441
1297143769473703941
1297206537501519874
1295290952932786177
1295254284427243521
1297155093071093760
1297601705492844545
1297320615536398336
1297294748689080320
1290614041921167361
1297074776482160641
1297110903939366913
1290006787949654016
1297071916596056064
1289976602948902914
1295316921655721984
1290779510707806208
1298804115531853824
1294347814861000709
1299458888782229507
1295479172589129728
1294897422284488705
1297096513747918848
1295040151803101191
1294325341255872512
1290718331448827909
1295016072358371328
1297126215157977090
1294333928896172034
1299642488177725440
1299697338869600258
1297394895645224960
1297274075342163974
1297433645280632832
1297104295909883906
1295088932342902785
1298314854055530499
1298229282637062144
1295022129147191310
1295068136404922368
1299800395435446276
1295066929938477056
1297089657923080192
1289924478139416581
1297144995321991169
1297251232176840705
1297492767455809536
1290213440108130304
1297103472970674176
1297305417853403141
1295054448537096192
1295025898807341056
1289963720953733123
1295015883551789056
1299574706358620160
1297291589577056257
1296984532227371009
1298059062823747591
1297241141411295234
1298005681765847040
1296966301462736897
1293934718052896768
1297444048584794112
1297134093327650816
1297150909223522304
1298649709473652738
1297534181673705474
1297065204044488704
1295054888154669057
1295026484583702529
1295046168515354624
1295087883066499073
1300029380421394432
1295650387882639362
1297134906733101056
1295016871893368838
1295130409446014978
1297301671635296256
1297175547156533249
1293610437385363458
1290030232200556545
1297479703037648896
1297037477727723522
1295402110805303299
1297407259740442624
1295127601695137792
1297342106210570241
1294390850278096896
1295349770744102913
1297083549066158081
1294348473786146816
1295051044561522693
1297155863237492739
1297307984087965696
1295027822726123521
1295253218965028864
1295124577547362304
1290012256655171585
1289859587449880576
1295110697668562946
1297112041199738880
1295023391901126656
1297216652552081409
1295010706149040130
1295633273591402496
1297188111814930432
1297082782473125888
1297236930162315266
1296966109640392704
1297183097008656384
1297434949616902144
1295042266189438978
1298972179913211904
1297092409067745282
1295481173263749121
1296390177917669376
1294721278792826880
1297070058741489664
1298665533303328768
1295117006228815874
1295055802919800833
1295098196780298243
1295018914754240516
1297541016107589632
1297063925096296448
1295250479371427840
1290005554933272577
1295273614720344064
1298029315137900545
1295173624316538880
1297206283842605064
1294241697069707264
1295404048087162880
1298145870874124288
1297149526126534657
1297975393807409152
1296587396058951691
1294738278218858501
1295008377916063744
1300008480145842177
1299251170733633536
1297102322066128896
1295249284326195201
1299444576411963392
1297075035249807360
1295474812639481856
1295135308753903616
1297075915810385920
1295035080063287298
1297920602011992066
1297308320726999040
1298973888244666371
1295083942190747651
1295009517667864578
1297136757213888512
1297078943246356480
1296946151850205189
1295270208781848577
1289836112303796226
1295021645774585857
1297215779180630019
1295016736736018433
1297251484246081536
1295018112807510016
1296509218900582404
1294889686746398720
1295281811178827776
1294607292801994753
1295091121106952194
1295046988157931526
1295039610901237760
1297177263541235712
1295360446787129347
1295088090164363264
1295033363540193285
1294340660699553794
1298277667905642497
1297168723430780928
1297307620903182337
1295043871722934272
1297302706919481344
1294350211754741760
1297294190527881216
1295151698529390593
1298171518665596933
1297975424379756549
1296954225965006853
1297029382037544960
1297066096890126336
1298875365612552194
1295216576850001925
1299664858569469953
1294625227192885249
1294970857312391169
1294294189480517632
1295033216986947594
1296953733935398918
1297174656668049411
1297293369505280000
1297059667928129536
1294740158202499072
1294297976710615041
1295216801920491521
1294353494552596484
1295108444224094211
1295029439689105409
1299596536712704000
1299571617270558720
1295039511701983233
1295129670367744001
1295042589914271745
1295058198559416325
1297080392856543233
1297176696865488897
1297059566325321728
1297035838799437825
1298149244445110273
1295130746525487105
1289966670270750722
1296940608670531584
1297127406789103616
1295405339932794887
1291662136897417218
1295105190438338564
1297475470318075904
1289983108570402816
1298246513680932864
1289835357681352705
1297291522522710018
1295461821470650368
1295065672645566465
1289871731532816384
1299441537370279936
1295015952887799808
1294240773668470786
1295044168507686916
1297254330949611526
1295143908914143233
1297630053367513090
1294646868018855937
1295107283911880706
1295066060564111362
1297432525661515777
1297154806734295042
1295188292074438657
1297429357519151106
1289814458202828800
1294889929361809408
1297296371544993793
1297170221736878081
1297199453217214475
1297109298850406401
1295020525610315779
1295012304153710592
1297293097630605312
1297139575723364352
1295306181255340032
1294565318627663872
1295020610440122369
1297446621073072128
1295283719482347521
1297266641303212033
1297093133411463168
1295203003792850944
1295358555642634240
1295015652869189632
1297235040494063626
1297136528057970688
1295074890391990272
1297300186390290432
1295057157252165632
1295066788816982017
1295017372340936708
1297065727485239296
1295314841276755968
1297308080192061442
1297969590111281152
1295110579020091392
1289834438000390157
1299593527605833728
1297538910516641793
1297131378455216129
1295090599159357441
1290088802967412736
1295090068097572865
1299050531281948673
1295261281574891520
1295007587486883841
1297647289700360192
1298171013922992128
1289957497864892416
1290714743418884097
1295141876245442560
1292878631874834433
1297125987319242752
1295085527197192192
1295129328192237568
1297130818498854912
1294789685018058753
1298173850098827265
1294278355144052736
1298009712131276800
1297168878188011521
1295037599304867842
1295043266405117954
1297647275800498182
1295061410972606464
1299448179574923265
1297060073446023168
1298857886035193858
1295282442706849794
1297087669764337665
1298011398086299649
1290922372036464641
1295055192908607490
1295053930498531329
1299799929242738688
1295095193717428224
1289831011681935364
1295081415869071360
1295238239272525824
1299622211779735553
1295017620341755905
1289860186383908864
1299257020252651520
1297255069403025411
1289828566306131968
1297065159018545152
1297266932266209281
1289892311975911424
1299042952472342531
1295264868417900544
1297066152527630336
1297948677022113794
1299444514260647938
1290889899432914945
1295033947978694656
1289960322044850176
1294763846687694848
1297094439165407233
1297195658902937601
1289862199545143296
1295041389718274048
1297981889949642753
1294810740726145026
1297432387341758464
1297245446046351361
1290043780507357184
1289488207948558336
1297082036763729920
1294952086086520832
1295042093560336384
1295109988080287744
1295012380028674048
1297311139102064640
1297291511055425536
1295053227591979010
1299692668281384963
1297123082222657536
1295057432213893122
1297204681173803014
1297083496402427904
1295035274246983682
1297141005695823872
1294616363227635715
1294179727620616192
1295272972824072194
1295029841344028672
1297978019928256512
1295133848691519493
1295054033854570499
1298225444290928640
1297153470533779459
1295062423276224515
1295015193039208448
1297600445490372619
1297264890080526342
1297121076162564097
1290170152634298370
1296964339614855175
1295133097823002626
1295018815865204738
1294330231491371011
1292896483294019585
1295020391874920448
1295021127215939586
1298479036889477121
1291443022719266816
1295044176787189760
1297082944138489856
1298135900099092482
1297071230575677440
1298967295511998465
1295309995265925120
1289815369469714432
1298734181065863168
1295113646914371585
1295088231546052615
1295065120406732800
1297111912308776961
1290919874353606656
1289920330253733889
1295238167864500225
1295174601383849991
1297309911647494145
1289870215812087809
1297106750861123584
1295398272807337984
1294350509885751303
1295086664491171840
1295071154022109185
1297173545483743234
1297021712496758786
1294385461297913858
1290083736810328064
1289818848548384769
1295113986757873665
1297222173980012550
1297154093568479233
1295050459439419393
1295011826644680706
1295017611885981698
1295015663971467264
1295011110924451842
1297162097239957505
1298942677292122112
1295307132473151488
1295117336937209856
1298061209644695552
1295014415973126144
1290016399138664449
1298173326792241152
1297078712505176065
1297165415244800000
1295082055055933441
1297084013350453249
1295287778285105152
1297121711738032128
1296031362038796289
1295808727904407552
1294244497442906112
1294252028550668288
1298132804648292353
1295024091213307905
1297156081752387584
1294753817020571651
1290188980231708673
1295021647058083843
1289948057245642752
1293634384009089024
1289636848051003392
1295130256400154630
1297257434025725958
1297187491175424001
1289862744183726080
1297150264059801600
1295054936317857792
1297306197872320513
1295045483140911106
1299397601247334400
1295278600543969280
1298015342225240065
1297177844657815552
1289973957446250496
1295080984535273473
1294239837038555138
1289901476823719936
1295026127342374913
1294322473396314113
1297123735619670019
1297087423973916672
1297196281652289538
1297084999519395842
1297033116599689216
1294355353950474241
1289827260699115520
1297481746288652289
1298031970132336640
1298979264994271232
1295277270555394048
1297099285692133377
1297436951105216513
1295078173454077955
1295031746812092423
1289954368381308928
1297985791554093057
1295042142105227268
1294362626571542542
1298207184132743169
1297071844835627008
1298986078997684228
1297176934342955008
1297536307678380033
1290473725603852289
1299771838281773057
1297978837318471681
1297547150470066177
1289955224841420801
1297370605419991040
1295669050526314502
1299606046256889858
1295043571465297921
1297257302312005638
1294347110918348800
1297194575560417280
1297290939594047494
1299340565260259328
1298008299166736386
1297270724055502848
1295120136916148224
1297269303134298114
1295038227615756289
1294740215316328448
1295020819916238848
1299423834651717638
1299996462156263424
1295060895010357250
1297237767206862850
1295034369359450113
1295010054798807041
1297292724232687617
1299770319985672192
1289939703555166208
1294881076570198023
1297332055672590338
1297254442094518272
1295160513408700416
1298887281604997120
1297263028828872704
1295084129864822786
1296965536815947776
1295026852252266496
1295061415657693184
1289944928261419008
1291327001165537286
1294297979009019904
1297195877812113412
1297283165745283078
1296981462353412096
1295259168769744896
1296961731042975744
1297070485843456003
1295018010915348480
1299437033790861318
1297409144001949697
1295082132512047104
1297647629720002566
1297387012375416832
1297294432442765312
1294400225868742659
1295288328007360513
1295280897944625153
1297474692916420609
1295153766421987330
1295101739163693057
1289881875381616640
1297136869659082753
1296945768142721024
1295023048165335046
1295118620624912384
1298857750286553088
1296416305692762112
1298028768058056710
1295290761525841921
1295015700046778370
1289944300625821698
1295039747950354432
1295050596106604544
1295011532607234051
1299428256714764290
1295271064558342145
1295099514169315328
1294279818289336322
1298042160474988549
1297175569608646656
1295009784429785088
1297291950949904384
1296987548674396160
1297095645778587648
1295159361665470464
1294365046009745411
1299597848330350593
1297457140731392001
1300137806409408512
1289825739945074690
1295023781514289152
1290030705724911617
1297134681788493825
1297281020128104449
1294538791642955783
1295035469022007297
1295012210893303811
1299050474797240320
1295126754785406977
1299746744763379713
1295062816039284739
1295047777957949441
1295115195216363521
1294347471062274051
1294334654661693441
1295017898407231490
1297120545566318592
1297188701605371905
1296943979746004992
1295008779185135617
1297141802881945603
1297246676252528640
1295063552282296320
1297606713764384768
1297327174819643393
1297241036167806980
1295068628170276864
1295021503583592451
1295830630312431624
1297037371754590208
1294605209637924866
1295113054347288577
1290790616566292480
1295040369395195905
1295278873148563456
1299594980374310912
1297534701347930114
1295035744894033921
1299498281446375426
1295059770869788673
1297248647403442177
1295019719548981250
1289899458608562178
1297149287072247808
1295011089302859777
1298203502758354945
1294414154221211648
1294338738756243456
1299803059363643394
1289973355639001090
1294385386555400193
1295140507086131200
1295137658369462273
1295035708235751424
1294369659865751552
1295132080402321408
1295010035559313409
1295131525466542088
1298736095706910722
1295008755105636352
1295026371719307265
1297056694950920193
1298729976502587402
1294284758927708163
1295036376455544832
1289862352569954309
1297315422786682880
1297134061614505984
1295135793665781761
1298572368273694721
1295030514307477505
1295028105971671040
1297284337671561216
1289856802268385282
1295009907738116101
1295279236224290817
1294238510266843137
1299435828041723913
1298941873822797825
1295102302135758849
1297213098160521219
1297160566348361729
1299450525319077895
1289840945228210176
1295096091080364033
1290088683195031552
1295118840536477696
1297082357099503617
1295024849954332676
1297989163233546240
1298942092820000768
1295107860251193344
1295598784920072192
1295021013529501696
1295259990077386754
1297292894299140109
1295028427221803009
1289900758557589505
1298015119197249536
1299312953330667520
1295105323188072449
1297121958618902528
1289977284246605824
1297580509250359296
1297273118990508032
1297166957683314688
1299495723902394368
1289981609374965761
1295237358737137665
1295033179758362626
1290028885355032577
1290037479169560585
1289853577175814144
1297193094589423616
1299199876790616065
1297167752835235841
1297091828521545728
1295033883407392768
1295030231644987408
1298631769189752837
1297434769177878529
1294294508859990016
1295095332376915968
1298974966101110786
1297165015938740226
1297151700147548161
1295042929157971971
1297298972361531392
1295056889693327363
1299986900116213760
1297094898441691137
1294280962227011584
1295028345336365056
1295043067800625165
1295016969050226693
1295254031833726977
1297267865838657537
1299736303949492226
1297227977806229506
1295617594599387136
1298988704011137025
1299529695625654275
1297306714514104321
1297057825005461506
1290028806120513536
1297303195392385024
1295034599991541761
1295043894984314882
1297583802563387395
1295038251540119552
1295102603429326848
1295131900848361472
1295274184227119106
1294324488948113410
1297401761204969473
1295030165827977216
1297077494147878913
1297197948095418369
1295070608586428416
1294575182447869953
1297433867922612227
1295096769970241537
1295015488087564288
1297448652106084353
1295016701524881408
1295088721524658176
1289984275769589761
1295117519007563776
1295018592161935360
1297403368860790787
1295120178469122049
1295010533314355200
1297234448682024961
1298206326796038144
1296985668208353281
1297154538751885317
1297077522547585024
1297071331809386496
1295260837045731329
1289814813695123456
1289965941065945094
1295309097869422592
1297003558982885378
1289878255323869188
1298025912974413830
1289876177197268998
1295103765675212804
1293824530432036864
1294373432570843136
1290022278990708736
1290265130597412865
1297358030103814146
1297570128486445056
1295039744120954880
1297087870004613120
1298567776727007234
1297404915359383552
1295254525310373889
1290024476856299521
1299462967482896385
1295128695632474113
1297164905565413376
1297526033315434500
1299640145726115840
1295038285274808320
1294592551471783936
1295016333982269442
1295022667347656707
1295044010038484992
1295124625538650114
1297303067889668102
1289849229796466688
1299531770665349123
1289854615744180224
1295078548076716032
1299623665374560256
1295007437787926528
1299730006428520448
1297095094441594882
1289882170023002113
1297230086165364737
1295087683069530134
1295043573939933184
1289976536947257346
1295012935618756609
1289840337012236288
1295096700302958603
1295323419328774144
1295019528880095232
1295362138287087616
1295316540091441156
1297458672847802368
1298976875335708674
1297523895688482816
1289969718640533504
1296944042131980292
1297327294265131008
1297117690461593602
1295017986265415681
1289850386002706432
1289820220920602624
1299616118722768897
1297237393339285505
1295358740305240064
1295095040835026945
1297149756762923008
1297111102904569856
1295047631526404098
1296956213540917248
1289905524146757632
1297213747862351872
1297305840135921664
1297297884140969985
1298992785979093002
1295276962412453891
1297642369651822593
1295014777593516032
1297292219569909760
1297107470972788736
1295123821427601409
1297091960776400896
1297223163315617792
1297089874860875777
1297163215474954241
1299076802967678980
1295247021612437504
1296953847022325760
1290009931173834754
1294947501192155136
1289844029748908033
1296984347581591553
1297293805444575233
1298871069835755520
1295041209594007554
1296389094700965888
1294591009532391427
1289859929126260736
1297325254482841602
1297520772618035201
1295083317910528008
1297169293776429056
1295061535606345728
1297070265252425728
1297056421134192640
1297176484608696320
1296515202641539073
1289953726371897345
1297937978564763649
1295032556673478658
1298970414065037313
1297145202885484545
1295113177357791233
1295261111051223047
1297167333593698307
1297171858752786432
1289876989352882177
1297191973561008134
1295042414898565125
1298955219884216320
1297242291455905793
1297140623800180738
1295107844887449600
1295045430254895104
1295095479429103616
1294592388401438720
1295271473733607424
1295083285379461121
1295406454099279877
1295630719704879104
1295044508607033344
1295022367257833479
1297163082440024072
1295055126575697922
1298689102397820928
1298650333653204994
1295080003361701888
1299504011268313088
1297530680595841026
1297548106695938049
1297080817378897920
1295242129317474305
1295029950383357952
1297437603030073344
1295038440267030529
1292889542614233090
1295016978114138112
1295060500502511627
1295038625428713472
1289819100630249473
1295020896294506496
1297970205826650112
1295019334356676609
1295101173439971329
1295090041337913344
1295025604782370816
1295135741769547776
1297396921057914882
1297423256564256768
1291388465125429250
1295307790366527489
1298398425487212546
1297071308807733250
1295305239449546752
1289978599148331008
1294577968350732289
1297489171397906432
1298739341410344967
1295376196889452544
1290070143628791809
1295219950802673664
1289912113725444096
1295174983770152963
1297149880906002432
1299998002824843264
1294741997874552833
1289974277349859330
1295045670295019520
1295015912840536064
1299118556043452419
1295036790890467328
1297129807000539136
1295121003081859072
1295317899184406529
1293532033625608192
1294376770406354957
1295255975457325056
1295025558531854336
1289915055329312769
1293183088860651524
1296506764737818632
1295280171294097409
1295030329179242498
1298018207119400960
1294714039445184512
1294524056310513664
1289839794072297474
1297086648677797888
1295136833748324352
1298733326245736448
1297254116624924672
1291439493829013505
1295602760386322432
1298938955367428096
1295277904767721473
1295069875245912066
1299269732013674497
1297180109502402562
1297178293209366528
1297303663090769921
1299699093661519880
1297300781260066816
1297075718439022592
1294761802849542144
1295034395775184896
1297971674470649857
1297228353007767557
1289825239572967425
1295065410438602752
1297140293947600896
1298940834465951750
1295217806724792326
1298224624371666944
1297193729552515072
1295053855403716609
1295131791234400257
1289989041908146176
1295152545044877312
1295048542206255108
1297314547930472448
1299450523150622720
1297294373558849538
1295058712592355328
1295090837416808454
1295098545557643264
1297485692780642305
1297356844046983168
1295299089651777536
1294593693006082048
1291084291179524102
1295195412719120385
1295040377028739076
1294590437085323264
1295122247653490689
1297292576933007360
1295009455734652929
1295036020237500421
1297329425449615360
1298503927168720898
1297472914984501248
1295056979308826626
1295128194367004678
1295034088286552073
1294744397586862087
1297966852098928640
1295007820170092545
1297041147228037127
1299437854045634563
1295055761450635265
1295086655070769155
1297292136694546433
1294429388549828608
1292425847224373249
1295059227237658624
1290050275420459009
1295044361500217344
1289893584087314433
1297435656428433408
1297166684315418625
1295110850622128130
1297416179250864129
1298147518770024448
1295081416187949059
1295041901058560002
1289819627367698434
1297305145521430530
1297127913138028544
1289872446678605824
1295111263664701448
1295056440994955264
1295010329387307008
1299449475979763713
1294762910632366083
1289961419920859142
1294769075193876481
1297052718868189186
1295023578971361280
1295108629092274182
1297086392560910337
1297086960104869888
1299823738976862212
1297023829081034752
1295353320664702982
1295267880402067458
1295100490166960129
1296971931330240512
1295375633145626626
1297594380249976833
1289832246338174976
1295090152784695296
1295063348669755394
1294917779406172160
1289948014279184384
1296586099935121409
1296471846020407297
1295122793110155271
1298333203795779584
1290035878841028608
1297471273975648257
1297171913299693569
1290018637164814336
1294381439820201984
1296334425895194624
1295024303231180800
1299498980095733760
1297115538540441601
1297052636177367041
1295260883266961409
1295045326945038336
1291793827230081027
1295068052279701506
1296940695496925185
1297127724553822208
1298006432055463938
1297187267577090048
1297291738332246017
1295442372218761216
1297434522250870784
1290056633733660672
1295102087416745989
1297434493637230592
1298203570899226624
1295082247159197698
1295367210089799680
1297350489223434240
1297210199992872966
1295087368941297664
1295021344954945537
1297130338653802496
1297139987285147648
1295016642196504578
1298007744340000774
1297310556035198976
1295039585991491585
1297201182679670786
1295017112528920577
1290750335271743501
1295039109312937984
1297439365833129984
1297149051817861120
1297290738666012673
1297282913130749953
1295081711638913027
1296956769089007616
1295110816736387089
1295052935215407104
1295023671850012678
1294240813178814465
1297098766068178944
1295155413801984000
1298955895704104960
1290029163403862018
1295027875209515010
1289986295817805825
1297090835549499392
1295046797623209984
1297140753387356160
1299601786307829760
1297070780765872129
1295086034091495424
1292157094963998721
1295108630556094466
1295086415420755975
1295006588432982018
1297135781119758336
1295044441976299520
1289999212323565568
1295835360627433472
1294676302675546114
1290919220960792577
1297403854070468608
1298188827786346497
1290054754039664641
1298735301356068864
1297295663135326215
1297584892629397510
1295080066318323712
1290044323216719880
1295045182631616512
1299594465221500928
1295046669583683584
1297122409703788545
1296944583524388866
1295123847126102018
1298631663715590144
1297321821184970753
1292827275981979648
1289846796101890048
1297387596738449409
1297478855075213312
1297416712724283398
1297188415293792256
1297049910353842176
1297065997682302976
1295047988432326656
1295285692386467840
1295050975254913024
1299472870960226309
1295088089543651329
1295031762674946048
1300364794487345154
1299507684719439872
1297263709983825920
1298600227893645317
1295019636833103872
1295016859167862784
1297060813841276929
1297114487770808326
1295018710818795521
1295006474641563649
1295121246179528704
1297309596613214211
1299078161796341777
1294360033388646400
1289992089770405888
1289878320616701953
1295116448067715075
1295271169378127872
1295110981648093185
1295102409073668096
1297455981509713920
1295497177855340551
1289855256969408517
1295086547486875648
1295015959007309824
1295007102121934848
1297124478158282752
1294750951220350976
1294809722063859712
1297012360218124288
1295073309365870592
1295256578384433152
1289986891190657025
1295245569963761664
1297639548357414917
1295023549388914693
1298249967782572032
1297257692193587200
1299427843500388353
1297083036480266241
1295119481245581312
1296936210590507009
1295134353924685824
1296385094249259009
1295307274949402626
1295512679625490433
1297542899022913538
1289939963547496450
1299441998907277314
1300137764508270595
1289884449996406784
1294620538388783104
1295152066344689665
1296406259395178496
1295252401100926977
1297081228378726400
1289865838757986306
1295195480994000905
1295139604849401856
1295254213656743938
1289976186471235585
1298732538928693250
1298643445502767104
1295291779500122112
1299426482671022080
1295119915700166657
1295436087771496448
1295495537861558272
1294327130331983872
1297438377499938816
1299400949816078339
1289883881680670721
1297293014944055296
1295037285961011201
1297155799685443585
1294323215578345473
1297500699580870657
1295114782706728961
1299585000036282369
1295308436004102144
1295067394591858689
1297073893866430466
1295023250129510401
1297609033470423041
1295057469807435782
1289987884158562305
1300322564598882305
1295094192054710277
1295031196519456769
1297187147846426625
1295274015729344512
1296998088423411712
1297135581286334465
1297466254148669440
1289912193610211328
1289886932734849031
1295075106348310528
1297148056660512771
1295047563117289473
1295112112801558529
1295065107354005505
1290655783668060160
1294255087737544705
1297025258361442304
1295073067467759618
1298224071168200705
1300137463000764417
1297062342656761856
1297105885744041984
1294278956364029952
1289848746717536256
1296945871591022592
1297050953871429632
1298144099401453568
1297155093071122432
1297085505771905024
1295156211365621762
1295089709560082432
1297103244313931776
1295041167889960960
1289853069459509248
1295187617705873409
1295417323210383361
1290171851839139841
1295063761599057934
1297070585487351808
1295072842141315073
1299442878234722309
1297397140579328001
1295019437612044288
1296944745613332480
1295070634951806978
1295126012833955841
1295370201832226817
1297119323346087942
1297116842453078017
1297067427570700288
1296964854692089856
1295033177069756421
1297301377526439937
1298992368478121984
1295273638401376257
1289826887934644229
1289986610218463236
1294329827143618561
1294443532929966083
1297292734437502976
1297422799825440770
1297085705034715138
1294563822003462146
1297284486724489216
1297047101206147072
1299048844668350466
1297259626841485312
1297074977913569280
1297071222057041920
1295048943907360774
1295020309196804098
1294903725170003968
1295437498110353408
1295052936247222274
1295689619644784640
1289993962091155456
1289836562729984000
1296959496586174464
1295093333912690691
1295056130050326550
1298007866238959617
1297435473045004288
1297522985289560065
1297147183645548545
1295013231258370051
1295071111823187969
1295023224120647681
1295053035329159168
1295025703407230977
1297330786279084032
1296943181750308864
1295017528188702721
1289930139845849098
1295100459921940482
1296746389066612736
1295029236709896192
1295050713828122625
1297141710246617090
1289845638398488582
1297294558720557057
1294321743369101313
1295075617453613057
1294323025974886400
1297121241292300288
1297093789362933760
1295082369112780802
1297106817156292609
1289869043533352962
1297183512513196045
1295041739766538247
1295094219879653381
1290766895822573568
1297279553061224449
1295112985158000640
1295009966416441346
1295022133400281089
1297361927576879104
1295016611154407424
1295660097322905602
1297095249412657152
1297071612802539523
1294333180032548865
1295056143006531584
1295046012021755905
1298177546501197829
1294321962857172992
1295020710465855488
1289854961493274624
1295208663657975809
1297339197964124160
1294746546253307904
1293298660177055745
1294418211035844611
1294248146147708930
1295041212936794112
1289941690778886144
1295105712117428224
1297105752717496320
1297060912734580737
1295016607341850624
1295010322907004930
1295110474191769608
1298969676777652224
1289860092804730881
1299458143970304007
1297502820992798720
1289952210181210115
1297059006129868800
1297446697560420352
1289862601627713536
1298919395134234624
1295116566951067649
1295107953209618433
1295080223491465216
1295064652892733441
1297190590111789057
1295038384910618624
1294775513073025024
1297431780107194373
1295284237348884480
1294246484733579265
1297119552858402818
1297408044750569473
1297650954033156097
1297437214696263682
1297341910709940224
1297294457063313408
1295038127715880960
1294359060918276096
1297052979183460353
1294454083403816963
1297590006467440641
1295075616702836741
1295039062336733184
1295101709132406785
1298736344458571777
1295048046707974144
1295081366040784902
1296974732227641346
1294260769597452288
1297319262235889671
1295187714627772417
1298343859819290625
1295107219810377728
1298020060389355528
1295020948459053056
1297226347585077248
1294326327147991040
1295093983442538496
1295026192983248901
1289480682209648641
1296940175701008390
1297417559411765248
1298633494374080512
1295120062236504071
1295050441252843521
1296388298181611520
1299420612247592972
1297087191705890817
1295011574873305089
1298006417522270209
1297202510097264640
1296940604635611138
1295020069928554500
1297108676998832128
1297302510756036611
1297467690622353408
1295136397939159040
1297351159615717379
1297456056856129536
1299628809461936129
1297053897832505344
1298246819298803712
1295069148544983042
1297076832135675904
1295066945637748738
1297624358953857028
1295077292499140609
1295187973647020032
1295029055197196290
1295014832295428101
1290434044057059332
1295102248704528384
1290705573558784000
1297280561422184450
1296970359304892416
1294592667305816064
1297132174261604359
1297183060203638787
1294912078810054659
1298006574208876546
1297096888571830272
1296949796251541513
1295041372429398017
1297123360753754112
1298945958936535040
1295124809312079873
1295103272655769606
1290049563412160512
1289882083620347904
1295009669736431623
1298022627144015873
1297172662352044032
1289859712360488960
1295111820311769095
1299702003501686784
1297594436424208385
1289905053118214144
1295082817639112707
1295272406823645185
1297039600171573249
1295142851496611840
1289846357885214721
1294268344934309891
1299593489555042305
1300058349623541760
1297634189177692160
1295011760840343552
1289905715847413760
1297347925941649408
1298729978608128000
1300027117825126401
1289894404916801538
1291455677693648899
1295073334632251395
1295305938786754560
1295096737347047426
1289974304302444547
1294329177727016961
1299427940074237952
1296422172861358080
1297307644819124224
1295090657208541185
1297921411433017344
1297532540408991744
1295391760357765122
1295310273285365763
1293614775289749506
1297584985919180801
1290048251278708737
1297207177501970433
1298110175518302208
1295082448246767616
1295023330022559747
1299577032121122816
1295592992208760832
1295024553824051200
1297048919466225665
1298976231308824577
1297391247586398208
1294748206476206091
1299408578068074503
1295069693703852032
1292877158982000642
1295111106046898177
1297075942259662848
1297570559002320896
1294355571768995840
1299001856757313536
1297300850663096320
1297132558371762177
1297077103922483200
1295042105350529024
1295027840392605697
1297157745481846785
1295051712110178314
1295211910930083840
1295018405611876352
1295012796359376896
1295505420191227910
1295037685401362432
1295291071329599489
1297294213684563969
1289976208424198145
1297164410511908865
1297492841359454209
1298734493772247044
1297535882644381698
1295126834875686912
1289815553490726913
1295037695597608963
1299428620763566083
1297167635810062336
1298153332070993921
1290064312501809152
1290923732626812930
1295028606406668289
1289940822360616962
1297408776740507648
1298160928299548674
1297085954952441856
1297067042382782464
1295445304913920001
1295065850924486664
1297324683801567232
1295051269992853506
1297077526456684544
1297075711166033920
1295044152565084160
1297074789992009730
1297214742495461379
1290061665409486848
1295033846573010945
1297168906881310721
1299609601810333696
1290060339707486208
1298033509676781568
1296944048587059200
1295016471714824200
1295091758230052865
1299440277061603328
1289849964491751425
1295114778034221058
1297599424894574594
1294360211403288576
1299859592986464260
1297076749637910530
1299419776171810822
1291322075177791488
1299633824654032896
1297224947698413570
1297082342583009280
1289914333325963264
1297521667598671873
1297433549587591168
1294461508433346560
1295082225071992832
1297087132398497792
1298637118370086917
1294246981955727363
1295120809174999046
1297095677491716097
1294591709154811904
1293592808876638214
1297108839721054208
1298248523234914305
1297201371276619776
1297164607119863809
1298958017900228616
1297319348424577030
1295219361205100545
1297292438797791233
1294444768026677248
1295011943477129216
1296940514093281280
1297291809656393733
1297109328890036224
1297128679294869504
1296941118026915841
1295049207603236864
1295048294188679168
1295094324116500481
1299696650693292034
1297214125685211136
1297069154638405632
1298647278043922439
1297297836099489792
1297203543372439553
1296597406163898369
1295276273137340416
1294260292113891328
1295015661782040579
1297083638115434496
1295589502904303617
1297178846266036224
1289840703607050240
1295247030093307904
1295037746856198144
1297080805144039425
1297417788236140544
1297960034962472960
1290031958370799621
1297643947523801089
1299818108450828288
1294443260014993408
1297438112856059904
1293480921866407936
1297137969049083905
1295140450748248066
1295068186321330183
1295098517841731588
1292867028190191618
1290030220771094528
1295122614432784387
1289831031839666178
1295086334663688195
1297976630187630594
1297300603996078081
1297571969567731713
1289897188303294465
1295102086179360770
1299460839276244993
1295302489504350209
1297471761055916033
1295475537973071873
1297104152930156544
1297077808112570369
1291663107362713605
1295110483150856193
1299425585970765826
1290169679667802112
1295060745839935489
1295110796893130754
1297113764014194689
1294332411547922443
1295418863258148864
1297043290383056896
1289903201508945921
1295015833186512896
1297225632028545025
1297325570678824960
1294310178393923589
1295146475723337728
1294329838598328321
1295021009158975488
1295016181926109184
1295123597443432451
1289846625603473408
1295169166123597824
1295099037448843274
1294325723013013504
1295008805047107586
1295068894957273089
1297138768621842434
1289890451768717318
1294323163808047108
1293532271836831744
1298999758003081217
1295862415133999104
1295016830164185093
1297083685410414592
1297224659327426563
1299469198918332418
1295216318065582083
1295052402891030529
1294325817133215745
1295030136136445952
1289563073397682178
1298998457030516738
1295237144643080193
1289939044919476224
1295006624483028992
1295110069881917449
1295028080315117569
1289963348855930880
1295027058054242304
1294368293827031042
1295012713643606017
1297031913346142209
1297116605198012416
1289884250708164608
1295016703261278209
1295024108808306690
1295289708201869312
1289977823420125184
1297484488965083136
1297191662305910784
1297052829723631617
1297409592088027136
1295134486120800264
1292870689410736129
1295006760391127046
1295127232889921537
1294652949227085825
1300454179522084867
1295008869371060226
1297800247813509121
1297397670579965953
1297283125509267457
1295026588497711104
1297142299168772102
1295026968841408514
1290194003292553218
1295092685699715081
1294324051222188034
1297270523798355969
1295039195069779971
1295029776135204880
1297359567186202624
1297100482880712706
1297094964166483968
1297126688724267009
1295695341560508417
1295199785377345537
1297524837649453056
1289990714823147520
1295082058612715525
1297482746021937154
1294241419289387008
1295099672638431234
1295074353567150085
1295026589718188038
1295056387760885767
1297454010811719681
1297219454489722882
1295402079058644992
1297079520877596672
1295024228673224706
1290708300649189376
1297514080866119680
1297315212685651972
1296971519604785153
1295009854654943232
1289882972678569984
1290021606262095873
1299603338267430912
1297065692085321728
1294338864144879618
1289833254246260738
1294643646269186048
1295061181577809921
1297184867604738049
1297291242775117824
1297191600033017856
1299658963974324229
1297013111153623040
1289945766375563265
1295129451995553794
1295016033749798913
1296470956823781377
1295098549043171335
1294527383853203461
1295049180386385938
1291348892437696515
1295111039349071872
1295081354976276481
1297473619241639938
1296951277671321600
1294351959290449922
1297707074009337858
1295034658187616258
1297301515183562752
1295072669210116097
1297098325443989504
1294322766775070721
1295017337599537153
1295006914053537795
1299490480842039296
1297135463992561665
1295218178633605121
1295275294773805056
1297076870438170624
1298162171755606021
1297106135640670208
1295009358569525248
1289855055890276352
1295452191432626183
1295470723759321089
1290665489090445319
1295320388956835842
1295046177554083841
1295103640689049602
1290215831943540736
1292897236658130944
1297009115907194880
1295030668850855937
1289948612613398529
1294890153115344896
1297035974623535104
1294321894234234884
1296945492123885570
1294395837183926272
1292935591617859590
1290641884818415617
1296943000208187392
1295174085601886208
1294321497981542400
1295072187838271489
1295059464559702016
1296960907399110657
1291825123792691208
1297502740009168897
1289862298484346881
1297046971107151872
1294243634506805248
1299458808335470595
1294963995837976576
1295020884399288322
1297283855007846402
1297450087019433990
1297339925264834562
1298747306041380866
1294322068956360705
1289987521565229057
1295042173629607936
1297306256789721089
1298648731190005765
1295030952092213251
1297123283561852928
1297097470275723264
1299440431961382917
1295090321810956288
1297148323825057792
1297312389390630914
1294240421498032128
1295243785035751425
1294544288760594433
1295119354598764544
1295081937577615362
1290198757473169409
1289575281913602048
1295051632905015296
1296022564842680320
1295089798068281347
1295025250971914247
1297417832620347392
1296958864944967686
1295012558735380480
1295056100262371334
1295040918291193858
1289940346894311424
1289990001048993792
1298034856702730240
1295060038281830400
1295418707402006530
1297790641825550336
1294329699607482377
1295720888533491714
1295043492478169088
1295025467670564871
1297291420999589888
1290025891343597568
1295353529561944065
1299596549941612544
1297919774324908037
1295078536164892674
1295183676427456513
1295026135110164483
1296940039805505536
1289941699553157122
1297065744753205249
1297679836316684288
1296978991891525632
1295042568103895046
1295108510259253249
1289846939517935617
1299452496180645890
1292048477942423552
1295273950507872256
1295023621312860160
1295269415861223425
1295038023831302145
1295128136405876736
1289854178072788992
1295275259009159168
1294325593190862851
1295018663012175873
1295028126767095810
1295037788807733253
1297087007596916736
1296964720306659328
1290623935009247232
1290234793112662016
1289871893240004608
1295465314386411520
1295808797869514759
1295144200988753920
1297988631152463872
1297165637018685440
1289873873245151232
1295328909945446402
1295322767781507075
1296963307174350848
1289961768547020800
1295476800324341762
1297088660140101633
1295111073889226758
1295024816181960704
1297153383309217793
1290402072211456003
1299293530133798913
1295031672715567105
1297981033011453958
1289876983384379393
1291791402024796164
1296944044246007815
1295047942357884931
1297330016158715906
1291408047953281024
1297198869600776194
1295085933839122439
1295070642711285761
1299408848281907201
1299116060596219912
1295604055071494144
1295051775632969732
1290056638716674049
1298899718349697024
1297583532630573057
1297960881075224578
1297476674548912128
1297206660411330561
1297225221372555264
1295347041539952642
1297139505368109062
1298225243685781504
1295253175327494144
1299615769983168512
1295029464586428420
1295277920802545664
1296940890838249481
1295081340996648962
