1481688180038455299
1481199119863533572
1481649973594787844
1480669907608088587
1481630340116586497
1482001955870363654
1488246177833312260
1481675307920863238
1488288233805029376
1478109077884522496
1486029856798351369
1481687034712543240
1482034657600417799
1486653829328388097
1481874490195943426
1481578827113451521
1481601512585539586
1477290353879392256
1481638177496608769
1481584436693151746
1477228020922523648
1481575532642902018
1481620603614502915
1477482080263147521
1477249438129270788
1477225591837499393
1477188305926209537
1480990204114657284
1481639364442529794
1481679078855958534
1477225062851821573
1477223242771357701
1481583264393478151
1482001720225980430
1482273028142739461
1481588681068761095
1481616107089932293
1481589058283446272
1477223718334173184
1477203746564288516
1482026622702206976
1481669951500992515
1484463346594295808
1485210035982643202
1481596613021872132
1477217103862243328
1477221110047555585
1477421059414630405
1481607900778872832
1477241833780654085
1481579452673011713
1481975402813874178
1477225326455533572
1486612800780869636
1483470330677055488
1482011801743208454
1481783474411524097
1481679475523862529
1481574044554121218
1477171945036828674
1481600920890785797
1487487862408896514
1481606517983961089
1481611481884114951
1486617623009845252
1477242378822074375
1481578620384538624
1488268147899568128
1488245598604206083
1481646507824615426
1481705851119407105
1481589820149448706
1481984955064401933
1481704649329684492
1481974305718214658
1482093852982980610
1477221436095930369
1481993181281542145
1481601011236093952
1481713426900660229
1481991575135825932
1483582787869360131
1481654693726068737
1481619161801449476
1486664909786079234
1481645032859856896
1481631985789505548
1481584861760663560
1477237378590949382
1481614538369761280
1481584760388526080
1481644219420663816
1488226628362776584
1488234127056908292
1477226935986143233
1486035261695963147
1481622073088876557
1481573047735930883
1481574448679501825
1482661611542298630
1477221342705598469
1481576842054324224
1481695943749771272
1477246154844868612
1477230002840215554
1488230984390688771
1482061500651032577
1482071683674562565
1477365511356923907
1481939601384161286
1482032349676199936
1486044333409193987
1481581826544218113
1483736601016610817
1488266315785592835
1483688036739211274
1481372493231403011
1477233559215742978
1481596267381800963
1488273474413948931
1486050964431794177
1477258214316154884
1483562431985201155
1477270943756177412
1481579490220335104
1481577337317642244
1477216542169436160
1483814021614780424
1478282845357551618
1486649234187300866
1481608925246013441
1481642997808713731
1481773842892836865
1481386617961009152
1481582760661860352
1477223833849544704
1477237615745191937
1488227836200685573
1481644615677603843
1481628990318260227
1482003949985095682
1486128981816614919
1480615426514042880
1477223236362457088
1481627952890748928
1483625815413768192
1481584819096141825
1477238383978201091
1481579688732602369
1482111634801836032
1481594244146024448
1481608930472210437
1481596968778584071
1482476199184146440
1488267262247456768
1481687596531126273
1477232025195134978
1481581611875540995
1477447149008957441
1481584497003053056
1481584410294108162
1481589016231305216
1486619272818343944
1481596802411503616
1481765041204510721
1481573564776071169
1482665453705117701
1481575947111485442
1488276736605360130
1481626776359026697
1479795475582758912
1477221756570062853
1479228141935767554
1481596482553880581
1484220007475253252
1481591072165875713
1484442917292892161
1479625222672334852
1484108115599630338
1477230277315514372
1481579652745515012
1487689668158275585
1481619446808682496
1481598321806528518
1477216831945560067
1482123595308584960
1481583378042396677
1477212967569612800
1481594217323499520
1481855613210710022
1481578730535411717
1483693784198266881
1481582904677392387
1481608783247941633
1477220128987172865
1488262042490388483
1482028800963760133
1481610614254579716
1481591771574505475
1478290310656495617
1486609831758868485
1477329137815666698
1482085462445596673
1477248051517480962
1481576249965400067
1477307051718098945
1481575233517727744
1488236037109436418
1477375956180520961
1477248168039432199
1486029708068327435
1479240244620898310
1481579112670060545
1484247902268579840
1481673503967518720
1481580514968580102
1481609977148149761
1481589565739646978
1477228250199953408
1481588829274398721
1481587565807517701
1481729331168792579
1481657762266304513
1481611515895685132
1477213934071554048
1481575920834125825
1477216440566566913
1477287398367186944
1486614498471563267
1477376088615575563
1477230501970726914
1481576381171613703
1481646339926548483
1477224509099098116
1481591528871141387
1481573854355075073
1483431664973975557
1481648262612348937
1477219088476868608
1477244369673637892
1481573037132627970
1481575535650168832
1481578115545456640
1482009776812871695
1477306117952880649
1481606173199585290
1481977353228144649
1486355659205529604
1482084158902095878
1481645461417066505
1481970250363158529
1482080816901541888
1477285135569588226
1481688269469503492
1477377157714354181
1482079024038006790
1477736645088714759
1477220140659916803
1481996319455592457
1488246451687809025
1487891824056360963
1481985665290194946
1477240622683672576
1485201928317509634
1477223745685274624
1481920163507286016
1483111791303573521
1477307668477980674
1477220297208172546
1481591638032060417
1477214416164868096
1483758131897380866
1481578481385459720
1477219896798986240
1477212722748133376
1481588382438498305
1481579280333164546
1481669636416487425
1488230849514512385
1477205385522163717
1481915118506033153
1481589591748526082
1486672394622312456
1481585326397210629
1481983835101351946
1488247814446534662
1481740933859352585
1481596844778131456
1481585752500846595
1486677762152751118
1481616354016903173
1482102554033065984
1481760303775989762
1477516416488198144
1482077717848010752
1488278085284020224
1481726798534778889
1482012415780958218
1482027861695508492
1481995485304999938
1481707662375104518
1483418948519481352
1481586187643113473
1481886792584466436
1482022265176961031
1481593215417565186
1477216792141611011
1487894614149414918
1481904802737102848
1481596331202433024
1480894303975186441
1481573816962895874
1488273593582731264
1482019281843929090
1477226840137900033
1481752835192770565
1477226105094475782
1481605799495544834
1481978536231645185
1483560980760170499
1482022887175430144
1477219457214918656
1477264328600530946
1481998969475588103
1481620013211697154
1480268136381304837
1478639755365650436
1482023571870388232
1481615936494972928
1477222400576077825
1481743666649743362
1477320861061455875
1481896254661697537
1481972384177561603
1478693932410322953
1483734064821682178
1483613269256507392
1488287990178791432
1481708389835149313
1488279308246589440
1481592841763799042
1477215366392782849
1481575696979959811
1477244523818459136
1477223230419181571
1481723934651387917
1481577925933780993
1477230693914660868
1481768960072863744
1483470088770625541
1477223559374295043
1477221586008686596
1488238120583766017
1481577042919501829
1488229804570783759
1488268889704525825
1481989509831139335
1481610142416265220
1482048320952586240
1488292630488363014
1481588452365934597
1483867898192044032
1481656688893595650
1477219637028872192
1486808531810623498
1488236349736030211
1477239870972207106
1477739085464838145
1481617240747384835
1477247144197242882
1482667127345721345
1481605372704133124
1481575985975812097
1481976332011687942
1486773302278463491
1477204703473815555
1477200348314013699
1484428904601378816
1481588971595608077
1477317465906495491
1482003533595656206
1481601006316232704
1481657149780635649
1481604470412881920
1481587815926407174
1483796233688911872
1479053769216303107
1481880162979532804
1481686846505684995
1481644438396944408
1482011090959622150
1484421071667400704
1477202347503886337
1481612909855846400
1481608017661640711
1481646201791336456
1482793163706322948
1481574430463733769
1478366756670431235
1481597820004179973
1477219990625525762
1481633922643640321
1481656463818821639
1487126588743426053
1477223945837363203
1482014046316646401
1477290375354228749
1481369816573399047
1481633413274963973
1477245734344867843
1481574485912399881
1488281834232459269
1481608779603103748
1481618004530143242
1486035093663719433
1477392240507076608
1485536009857245184
1482011658671304712
1482002897189621760
1488256068916498436
1481709027365212172
1481974788902252551
1481981703300296706
1481600098589097987
1477380784990339074
1486053829858709512
1477203639240433665
1481878593827446784
1481710439343931393
1478410914907013124
1478362678309572628
1481623817705381888
1481616865818562564
1478288855560245248
1477173899704025088
1481689208498569216
1477476254257455106
1481758279734898694
1481610551365144579
1481949059535540227
1481577945193930757
1481581821917904896
1477236490136698880
1484220282944598019
1481722603324719104
1487453637219688448
1477208394578771968
1481658437641687040
1481600882139701252
1481697070851530753
1482027212534689794
1481573385956122631
1477218762176798720
1488252591058440199
1478640454635868161
1477219291682512897
1481965911036895237
1485529860709756933
1478370265872613377
1481745906554880001
1481584484759785472
1481653994858577921
1481588295146553346
1481583094339710978
1481882075187879938
1483084393237430272
1488259261775896577
1481587512166559748
1481994097204383749
1481711465660772352
1481651013874425861
1481991634598432770
1477341498643517448
1477260716868616196
1477173068829274112
1477208049270112259
1482011061121343500
1481584670525558791
1486798806243061768
1477221014782332933
1481573010612101120
1481586308426436609
1477070202781245440
1481770098343960580
1481644050360901632
1477222125228408833
1482065239000690688
1481863163473711104
1481264638956347393
1481701709697196032
1481588716338565120
1481583788778000393
1482131284717625345
1481671657609650176
1486611533274783744
1488261560401371140
1477223631856062469
1481639374307561479
1481629623964348418
1488267948502380544
1481580916937998338
1481593079530508297
1481673783446548481
1478351766928384004
1481655710597353475
1481646107532791811
1481631943544524801
1477225236655484929
1481576008268591107
1486648769177341958
1481980077520867330
1481992520691331086
1477218717754929154
1481573300379729922
1481612984627736578
1481594618508632066
1481635065503358977
1481574733317558276
1482001295426871305
1477215992292028422
1481609159669858309
1481573271929856000
1477184310859943937
1477441834758590464
1481599060150833155
1483706240308031489
1477114205455241219
1481734289125523464
1481741036905025542
1486784907141652489
1481601812906000387
1481574142264725509
1481672183042789376
1477368700445642752
1477205739726856195
1481584828961153027
1488239990438043653
1481695573711495169
1488266817818828808
1481707314906292234
1481808138785464322
1481603065224568835
1481689438786932737
1477249030946177027
1481582528507088896
1477559071112937477
1481980202536296448
1481425562124050443
1488287971090571267
1482016089810915329
1483969227140866049
1486689722500059137
1477214405481881603
1481671025511354373
1477204851083857921
1482122304050114564
1488240770821808132
1481647025737191424
1481573249578418177
1477221062748389378
1481599900425015301
1486075768698462214
1481946480227328001
1479039554296463360
1481601525919137794
1481608988152283138
1481727420877217797
1481613006274445312
1488229237383385090
1488251083801518080
1481686679526297601
1481668504516542464
1482836143536328709
1488236754310205443
1481614308098420739
1477235591284670464
1488226137444691969
1480980501037031429
1482036841075326979
1482008612377669640
1477221323671851010
1477225355463307265
1481575405299638274
1477380431947476995
1488240639980544005
1483830379622682627
1487852590792593414
1488229567517048837
1483115821035573250
1482003474447486980
1481682192820576261
1488257369821880321
1477246102210588679
1477282197694517249
1477273202816602116
1477249668702736385
1481608499897454594
1481584959219511296
1486611888251314177
1480165357105070083
1481756979605422086
1477228861108666370
1477270380234653698
1481576335621468162
1477221672193339394
1481919923370745858
1477227247656476675
1486623940596350976
1481591856379138050
1477215007846940677
1477343403880988677
1481579106361917440
1483718914173452293
1487057724441513989
1478367700049145866
1481741839661256704
1486385357713256450
1486614708555759616
1481891290249900034
1477202415715864576
1481554661761073157
1477329446281662469
1481587604017623041
1481725883811766272
1478092600552964102
1481683328755548161
1483716190577074187
1477223779180888067
1481754837595344901
1486738287976976388
1477275596623331331
1483549416942448647
1482015253600915458
1477379347765940232
1477266269380526087
1488250664304226306
1481757597757755403
1488235932356681737
1477482558862544898
1487865906667606019
1477227111144382464
1481664567461793792
1480843574828847106
1481575303566790660
1481585961121329153
1488239057897414658
1481577457018933248
1481659214099623936
1477678563235344385
1481676662106476545
1477216084801605635
1481599769487286274
1478696410660941827
1488227469912064006
1481756296936316932
1481592148009050112
1481573772226355200
1488234984137793546
1481575094363295744
1486615963906842625
1481602710134796292
1479725708830248964
1481714438482939910
1488257008365195273
1483092874493313029
1488252752245530631
1481668053872037888
1481577277750190091
1481660642310471689
1481572878495936515
1478304667637628928
1481574191002525703
1481646470935707651
1482667718268624899
1477264199466340355
1482033356053352460
1481580997787496450
1481574375254114306
1477098697859211264
1481722561490829312
1477221307951599616
1477367334331371520
1483474612444925961
1481581903929040901
1481581239412957187
1481921744617234432
1481630054689947655
1477202970014064641
1481575220397936642
1481650206810591238
1481526982890463232
1481966275534467072
1481587310428839940
1477226872421371904
1482070418789969924
1481589752654610432
1488258857692454916
1481581188674469888
1481998597642244100
1481685409776259072
1481573510111711238
1481620712569847810
1477228073636569090
1481611020531548165
1481600341426774016
1481711242326822912
1484219399674470401
1481651938869448708
1486812319749337093
1483688726391889920
1481670928891322372
1478780580267499525
1482081327482642433
1481587943219286019
1481986585721815042
1488245048806449156
1482007524719177728
1477232120200318979
1481594858934575107
1482010773299867649
1481696032274751495
1477229116722188290
1488297242721140736
1486118860407382017
1483906016861466624
1481699079646285830
1481904869296545793
1488226378864545796
1484189563505590274
1477087990568697856
1487147120255803394
1481573843944845312
1481639517245296641
1480465527059398659
1481968033685983233
1488296607233851547
1481614425161633795
1477712247300542469
1488285773359194120
1480555388709781507
1481641396700209152
1482026641320779782
1477556030485762053
1477222442464653316
1483064920950415362
1481585060704882692
1477221649317605378
1481582356318371848
1482012053938356225
1481665769054298115
1481616470807306244
1477212889152999425
1481577033016696832
1481573866371694592
1488226148093939725
1481988217058508803
1488250665310855172
1488253760199659528
1482042599817064450
1477215174612459522
1481588201835962369
1481633885100417024
1481988975728513031
1481918084659228673
1481987975881928705
1481612250435706884
1481390242213027845
1481606540490592258
1488230976878751756
1481696466045440000
1481699175687495687
1481681919909769216
1481582407132368897
1482024723781455873
1486358595637760006
1477677947985276928
1481580054337437697
1477257832710000646
1481899475652251648
1481628658980823043
1481600148992151552
1481619270689689602
1481573202077925382
1481612720575328259
1478306472912203777
1482009565923319817
1477392492475604993
1477240372694822919
1477218470995677184
1477203479714308103
1481629170052616192
1481591585678794754
1481616878384689153
1481978991397511172
1481974345740263428
1481575018396061696
1481619398234415111
1477217245306789889
1481584145910444034
1482082159552864257
1477224730537213959
1481596370192580608
1481992643429253121
1481620171617972227
1477369952420175874
1484173237290520581
1481593885415690240
1481706128035794947
1488245912736571401
1481654386862350338
1482081004240134144
1483483487554441225
1482015168016097281
1481617525930479617
1481608530016751616
1481648768873205779
1483905027085324294
1481648331264692236
1482053877981716482
1481986084779220994
1477226075809882114
1482089306600747010
1486656021007421441
1477216167647494146
1479228224714391552
1477228821845790721
1481574768436465664
1481627092932567041
1481905663995527170
1481726608121765893
1481668142141218819
1482028963836968960
1484487161634246664
1481590626059706368
1477322061630644225
1477212234082398210
1482300105524924417
1481986085936840705
1482473878727311365
1482006298208223235
1481991739007242244
1481639924684099584
1477239213519433729
1481672411988770820
1481610743367839750
1481701391341137932
1488229311609978880
1481631578728148995
1477378984367251458
1481607598784880642
1488287861241700353
1477228638353473537
1481631088011358209
1481990017044078601
1488227264533876743
1481582806388064256
1481655333500047360
1477213729330708481
1481582829012242435
1481998815272001536
1481634401775718401
1481647067604742146
1481640141915443200
1479227741413285900
1481853625106325504
1481637215042031617
1483693098752430083
1481577342812266498
1477221523261997061
1481583547425206275
1481673341954048005
1481641374092988416
1477269444749578242
1481608104676630529
1480233998064443394
1481582963330625536
1477245173616848899
1481962809994928130
1483736359122706436
1482021992933040135
1477221593768247298
1486610424783151108
1481727971480248321
1481586027445772288
1481369282025906178
1481590119001952264
1481608305852268547
1482020898928570373
1488269389212577792
1481998177737846788
1477227008010633219
1481598793405677569
1478180334860570629
1481687263377563649
1488235601514090501
1477271942432440321
1482016856940716039
1481590904444047365
1477222619682414598
1481573236085252097
1481877239021121538
1482098784427511808
1486611407617634305
1481969669695320065
1482000343739387908
1481664908773236740
1488286379553562631
1477218141512126465
1481689905440989184
1486788303861039106
1487891845619273737
1477226546645643267
1481626891039784966
1481605617580187648
1477230084780183554
1482125501263187971
1482014457110876162
1481656541560270849
1481614924279422977
1481580870318317571
1477269237307744256
1481637103444406273
1481584743841996803
1486620656565370884
1483558218173407233
1483499352534487040
1481579416690077697
1486616751303499778
1481733758017495046
1477236625734356993
1481594820632227840
1477221191672909824
1477224119108358146
1481581941111795713
1481633264301342729
1481575598120226818
1488238461907832837
1482009620751212545
1478778858107191299
1481984237226106880
1482009703454437379
1481605745741283332
1481611085572677636
1481652883674185744
1481621141634625537
1486614607217233922
1483556464925061120
1477094446768566279
1479780574219096071
1481972575228112901
1477334923979763714
1477314979372179457
1481576893824520195
1482014548756467715
1481575756119617539
1481224229660073987
1481713032124375047
1481707046504439812
1488235195396407302
1481992718788308992
1482042103614119944
1483135570444439648
1481624493604933636
1481575362165366785
1477219845179641857
1488280136067780611
1481585024755539970
1477236381860741122
1482065041901903877
1477216756712316931
1477379823190392836
1477382527304228867
1481615503659577354
1477251739778789379
1477250388508172292
1481622942018674689
1481965412476674048
1482033767002918913
1477204550113185794
1478100000458649602
1477205438999453697
1482059273072955394
1477261744842158085
1477231426147917826
1481623185665712135
1483499836511068169
1478327853380882437
1486031421038907399
1477247271418871817
1481985095573585922
1486611584541671428
1481920134377877506
1488255799692517381
1481754938250256389
1481582285875036164
1481610114515849222
1481580399797182465
1478336070529994756
1488235335708561412
1488260696894849034
1481974953243295748
1488230338174373888
1481627890303254532
1481576653063135239
1477137815024590850
1483694733289472006
1481746136146845702
1481576952284782593
1478996436574511105
1481655446041624576
1481403975329009668
1482022366758817796
1488264690056712194
1477219795389100033
1481644172100587528
1481971930924302343
1481616643415592969
1481991234184962055
1481593928885358594
1482011377875230721
1486611917284286465
1481574347378765825
1477214589595144194
1481591109369450497
1481587199573311488
1478789599338147841
1481581335403708417
1477220879188824067
1483809907463888896
1481617418732589063
1481661906112983049
1481636590099206151
1481575361896927233
1481726805631545349
1481689755083497479
1482026324269092868
1486046738200858629
1488245670838509574
1481573489584877569
1488267994619064320
1483820260465782789
1479377922880274432
1481599192262971401
1481998448585064449
1486054621789528077
1481592719894061057
1481575859760865280
1482004346556583939
1477214053281972228
1483092282031149059
1481638365900410888
1482009362696744963
1477235490378104832
1477316507101184009
1477221529373102080
1481579946422247426
1477224989510311936
1477287695491772422
1487839008633851907
1482045744022536198
1479724556101177345
1483833673673842690
1481610577264922631
1481992531659350020
1482010531989012480
1477255795012218880
1481593360460791821
1483930286584909832
1481573881362137093
1481615199777996801
1481576163000688640
1488258253054169093
1485148283832086533
1477254952196227076
1482719474721689608
1482003781449654275
1481596061688991744
1482018577234468872
1481588581470769153
1481601143574876161
1481588792213581825
1483279746221944832
1481369542567862273
1481577173106499584
1477227795839340546
1481596912784580614
1481574762077900802
1481574216013172740
1477220830245437441
1481587218414198785
1481603411204358149
1481578116946579457
1481575156745216003
1481641321756385301
1484237873113186313
1486613961617379329
1481860376895574019
1488245541540614147
1481618354855202826
1480135633444085760
1486296904606654470
1481632451718004736
1481599270943866885
1482089899209723905
1484503794478112771
1481574133632798721
1482092731736461314
1481577478447681540
1482080739697037318
1481917520227491846
1481587050470064135
1477207962439622660
1486798157400862724
1481922450120187904
1481617094982701060
1481594065917562883
1481980150501847048
1481578730569019397
1481922926320439297
1482007103065759754
1482026762087407616
1481623990963777536
1487716830651334657
1481582551374471169
1481860830438334466
1482003875632750592
1481644956921982976
1481644198130454537
1481604211355885577
1488234448487387138
1481977053218017286
1481574769002696705
1477223588004610050
1484412576897413122
1481894886676865024
1477231568158613504
1477215659369054209
1477221384325668868
1481704758410895368
1477225860927209472
1488137942732312578
1483855633518669827
1481729710400983049
1481596283014033408
1488228437751996421
1481689072137641987
1477217918240837632
1488255064976334865
1479577014432636929
1477580323168923649
1481607260115722243
1481583248388112384
1481589338240700418
1481665220921769984
1477199632790867972
1486049884788695045
1481755634999644161
1481588895779274755
1481589419995971589
1481660607325683715
1481714123863953413
1488256199397150720
1477094147177734149
1481595522196586506
1481684918770020358
1481605921776320522
1477216317270896642
1481582558915792899
1482055481128624129
1488235144053940229
1481613380020576257
1481593511686418432
1486854493123883008
1485902439354142723
1477307685200711681
1482023977564393476
1481585754795040768
1481686553541984258
1477383428572164114
1481667199513337866
1481705598219694081
1477221309704773633
1488265827686268937
1481689756350267400
1481616956398739456
1488294954787037184
1481661065486381058
1487203969420206085
1481597894037848077
1481592370512683011
1481997298003591171
1477222328182485000
1483849795957673995
1481723164895948803
1477375648956039181
1477565160042729476
1481578678672924676
1488283289022603266
1486664113971413000
1477177269865136128
1478779236613767175
1477208189376643075
1481631582494642176
1481578440784498696
1488240882805624837
1477983949402038274
1484839142211137541
1482008760390492165
1482004934732259339
1481666517012029444
1482068312716726276
1481583488088395779
1481583140443508738
1481977708703850501
1477369550136135681
1488297392336162824
1481661835774468101
1481645050828185600
1481615497590460422
1481610739022508035
1486624544840470529
1481586448444833794
1477518497966137345
1486649869800546305
1477204355770200067
1479377271056220160
1481700641135280132
1488275666160205829
1481973182642982916
1482017956146073605
1488225771386814470
1481578399973916672
1481573484492902402
1482125723431223297
1481767972150689793
1481966413485072386
1477385194428637184
1485333363686879232
1478685205699436552
1488260187333218304
1482033729639960583
1477229243100770315
1488235889692221442
1481575135580729347
1477222651059920898
1482019228123340803
1488245803374288900
1478258405659877378
1488257927957954572
1477230833534746624
1481601627656228865
1477226306521780227
1487821100805410826
1481586430623338499
1481718546820321281
1481591336193212425
1481907020852776970
1485335087960973317
1488267450890489856
1477221943929671684
1486726658363064324
1477367538770190340
1481589799945445380
1488259105533923329
1477437251609051139
1488261472698474496
1481700300322975750
1477246174591692802
1481651685239885828
1488252025221660675
1477221803290505217
1477226688010412040
1477180134398517248
1477387979597533186
1487730448461701122
1483781949525266439
1481894646393589760
1478093364704813060
1481906082679250949
1477216435189522433
1481628328889143296
1477228659480186881
1481704229869924353
1481603894950125568
1481980449538949131
1482008114547376132
1481980041995198469
1481691366036054020
1477234512060952576
1481977907908169728
1477222667862392832
1482427964369391626
1477218306511753217
1481578265433235458
1479247794154180612
1482000153850568710
1481595649288454146
1481611302636298254
1486032686418386948
1481579043254423560
1482064894006644736
1481574181116461057
1477205061847719938
1488227336231268360
1477247107362873346
1484408901827280898
1488244753925910536
1481983669204099072
1481619718922551299
1482066961882394632
1477226075293954052
1482034413517127683
1483757586679832577
1485014760953372673
1477225445787582472
1477224074690580481
1483368163957956613
1484242267326058505
1481591472457719808
1480988665212026886
1481579152209850368
1477219727428702210
1483434013712953347
1481596338978668546
1481882104925405184
1481580694979719169
1481980957980860416
1477369455126720513
1481613906326007808
1477208641652600832
1482050673432838154
1477232959547715585
1481775277189521412
1481633735330213891
1480127173633712129
1481586398117380099
1480981479509278720
1477347795115950080
1482025229551558656
1480550286209044483
1481998825443278853
1483433285489471488
1477308441349787649
1481988278551199758
1484120625245528066
1482045893352337413
1481994901877317632
1481613103016157185
1477218739926020096
1481575764852187137
1477223170918731778
1481697753487060992
1488258112188522497
1481593886808154118
1477571893494493184
1481757778028859393
1477253806559744002
1477293218895220736
1488246885727055878
1483557263927390209
1477216456706342912
1481996011795099656
1481621124576337926
1481619538248716288
1481768458241064963
1481707370615083019
1481589614838272000
1482463525092081669
1481606133555073028
1486695381987729411
1481975202665967620
1481581400964976647
1481906470392377345
1481582963447980036
1481761937977491457
1488231184907878410
1477290310808055811
1477265209542823936
1481598107972419584
1481585877939896320
1486329340153450501
1479576262117105669
1488235907820015617
1481988511737786370
1481685111259213833
1487453356478107651
1486628650103410694
1477199995241746433
1481573350967234563
1482018004837806081
1481656281639260160
1483365043471368192
1481579963262320641
1488257719324884999
1481580384840261635
1485673844555894792
1481936220485828612
1482023638895370240
1478321954654412801
1483490120477118466
1478644941769175042
1488240935494430721
1477268552042356736
1481632220674768896
1482096490076151814
1480150974320807938
1481647300346667015
1481595603549409289
1481671596347736066
1477214655772831746
1482056428932194304
1481701316888039425
1482009178742964234
1482095830454738945
1481607801453563905
1481597501010554880
1481687138940997636
1481584521241841666
1486619591799451653
1486041438425071622
1481614721325412355
1482080265254150145
1481648512236277766
1478273862936764418
1477219642259218433
1480456698137616386
1481762127970983943
1488242247283970052
1481666942331236356
1482060670019506182
1481574032604635143
1482246414147198977
1481977894540824583
1481573754685820931
1481990343788748808
1477212221864300548
1482020066854117381
1481706031638097928
1481869031510577153
1481625588330864641
1481964102432002050
1477250623427026945
1477482729533059074
1488226969170890754
1482033472323698697
1481709319846518785
1481575999540187136
1486615984945389570
1477245247247769600
1481709833330044935
1481700289098960897
1481630958558273544
1484805041101889536
1481891762385956869
1482013094771666951
1487841532375937024
1481588066955505669
1483612661116026882
1481575152143978505
1477220906044903426
1483584923168563200
1486610805667901446
1483818784548962305
1483833624478859268
1481577462307991554
1477433408775151620
1479809611930689540
1487567496190349317
1480989853923909632
1481931313884155908
1477216886718963713
1480837377941716992
1480132633342496770
1487469922913599492
1477269092499398658
1483505571353530375
1481991325872443395
1481648148128813060
1486312638330163200
1477224199353733121
1482008402381492225
1481669357914705930
1477208410483531777
1482478642361999364
1482033395341447168
1482003492499824640
1477225152924499969
1483830848789131270
1481661788269727747
1481618239260172289
1481593833997615105
1483902011414401028
1481649176479887361
1488275342695428099
1483842454361096201
1481599291772841988
1487098182018519045
1479037529097596928
1482002095440121858
1487028626793111553
1477228642115674112
1478369480225042434
1477263427663904776
1477226568883879940
1477255150704246787
1481579440886923268
1482004954009292803
1482002143099904001
1481977809203601415
1488230238958100483
1481173802944012289
1481723748650831872
1477227725861666817
1482299702402031616
1482008914136903681
1486727431050301449
1481998415366078469
1481651393798688776
1481594816559521793
1481710672811540484
1481592619935358982
1481590565363982344
1481587233903763456
1481578820671004673
1488254731067990016
1486073092266995714
1482007376207257600
1482003176169553925
1481649631079452673
1477313881479561222
1483443789427404801
1481579443063857155
1486670668615794691
1481587663572512768
1477205803404832769
1481623235125026822
1481661554806431750
1481575563697479681
1481737030069587972
1478351697873358848
1486646264611680258
1481596971362226176
1481575603124027392
1483441413945708545
1483482121700360195
1481968106167799809
1481945096950013954
1488259150685552641
1482089881757265921
1481630941718237192
1477262998670647297
1477220564754477060
1481720923149504518
1481589760057618443
1477360873853358080
1481582935673384966
1483415927496523782
1482027703381417985
1481603436575612930
1483346504379162624
1481575818807717889
1480682042530664448
1477376045070307329
1478093295758807052
1483738165080903683
1481984196704980997
1483537348554076160
1481578584800169986
1488261840463409157
1478306708476899332
1481611494022332420
1488285190418055174
1481667374940053505
1486726731801055251
1486519193587625984
1477213089460277250
1479150776488316929
1486643810222358529
1481694277566701574
1481591694038601730
1488245723963473926
1482052138113159176
1482009239145041926
1480988466037104645
1481583639553052681
1482017735529963525
1481580856783294468
