1602018388984864770
1599647822395375616
1602323390857101312
1606648661844295680
1601232626853249024
1599332373778157568
1605423066477215744
1601326869625782273
1601151418194624512
1599087783443775488
1599341165978931200
1601211169309855744
1600459026625548292
1601369685018038272
1599414409197023232
1599004730742931456
1601219167004545024
1601208814694715392
1603163389186166785
1603147922366947332
1602680228362551297
1601970757185294338
1599383029771751426
1603146960390832129
1601567327128256512
1601160356252241920
1601684804679782400
1607799272589647873
1598274057304096769
1603148269059821568
1601340864386961408
1598826446218297352
1601346584176119808
1601205546035843074
1600168448922746886
1607703109257535488
1600881351208509441
1598668865487212549
1598429759540699157
1599344792831680514
1599740177966018560
1603283157431861249
1598246497623343104
1598930935042695168
1603141446760075267
1607117130989965312
1599339212662198272
1598817991663276036
1599542260579835909
1603142605348507649
1604123488381534208
1599001133090865152
1598247774642135043
1601317478818512901
1607687347583455234
1603308293824421888
1601182262938152961
1598360518552879104
1608930824094912513
1599111353200914432
1601188974953140226
1599435137737199617
1599293209464623106
1602345665731887105
1598764047503167489
1602596088199929856
1607203967292903424
1602011125050114048
1599354533171240960
1603673555153158145
1600035751688749056
1603288272633040896
1598240778979008515
1598396181696155648
1606991192553553920
1599423739375935488
1603155334981378050
1598723894591991809
1599457012974522368
1598831428170833920
1598718704199557121
1603342313836642304
1598650235026391040
1602087590320128000
1603140165060513796
1603387278763692034
1603150466938028036
1602348752295059464
1601186516336005121
1603505065704460288
1601186554860699650
1599101273264955393
1603140140850896896
1605695082488897537
1606399979798634515
1601549837690089472
1601233313921830912
1601265712102002689
1600102791384829952
1603159683736510471
1599555333340286976
1598254013308600320
1607331425178759169
1602356709003071503
1603325807971246081
1603155999791226880
1598337808535588865
1601214482201874434
1607731343567323137
1608839738387226625
1601153232877031424
1607088341358362628
1601192326654619648
1598232213468098560
1606344276324950016
1601348143513505795
1604419428661317632
1602475714317541377
1602057945294016512
1600209623604113410
1603334638189088769
1607598647746625537
1601238150629580801
1600203970630234112
1601152064473604096
1603303345527181312
1601289124463669249
1601502774466084865
1599111315909246977
1601156946387607555
1603141527366402050
1602314350294966275
1598381176988659712
1603330746411892737
1603155401104846848
1603383399753736193
1598321232872722433
1607527372038750211
1599863042690281472
1599308291133566976
1601199975181844481
1604902373826056192
1603294279954112512
1601483646577545216
1599098896092782592
1602362189767217168
1607732588818632706
1599739738126094337
1599539446256472064
1603256353975410690
1598662502459621377
1600171585947983873
1598712045158932480
1603461233277276160
1599338681302536192
1600248445754695681
1599096480991653888
1599094299282403328
1603483801589633024
1603416920870486016
1603155599306506240
1599328387507445760
1602030492781608961
1601170041999089670
1603462346743353344
1601935432266452993
1599180898368245760
1607665055213961216
1607537410623127555
1599124931341856768
1603437554824609792
1602343429463330818
1607688232782778370
1599804518291865601
1599397046636916738
1607800337498349573
1603145294471888898
1601230543600820226
1601156806700515328
1601154436742926336
1599492408734928901
1598572494394253312
1598233128044462080
1603188358863540224
1603140570284703744
1599371860290207744
1603250245537710080
1599130628661776385
1603157883843219461
1606577425395187712
1603142451082199040
1601151227802238977
1600415105920815104
1598576229401051136
1603403466717659137
1603157527444733952
1603144714819178498
1603144318080143360
1603459655824556035
1598249840655634433
1604358620354908160
1606633947294744579
1608916112338739200
1598983890567168001
1599432236398321664
1603143438568153088
1599336867752595456
1599470463083638786
1599434158077448192
1601897880297644032
1601151500923056128
1598276079479058438
1598228068380049409
1601219057105207300
1601172288522444801
1599402258508259330
1603465912568451087
1603140235726131203
1607703065322459137
1603334392474370048
1598233673736007680
1599808063514767360
1608793572387737600
1604909506261131266
1603267905428377601
1600223257201811457
1603457006916050944
1601161725621186560
1599681856940568576
1601176661260611584
1600132208940830720
1601195569497931776
1599425736318005250
1599480880988581889
1603160522454667265
1606678554741186560
1599425862142930945
1599483873305378816
1603237989034954753
1601151627389710336
1599209644404064256
1601259935794622465
1599338321771388930
1598223865057984512
1602321812196675585
1603140383965433858
1599722475989762049
1603142129311784960
1601245814021853186
1600202804924063744
1599556712129699841
1606592564110544896
1599502378407165958
1601897257720479745
1601182422942773254
1599608901246210048
1598236704560754690
1601152704536973312
1599164903826169856
1599129594157617152
1607517336583421954
1598837245892472832
1603191370990354432
1599087164511223809
1603340404258004994
1598382009646284815
1599330593741107201
1603487931682938883
1599697484468871168
1599405171540463619
1607675157342216198
1600036311989194752
1601170473894965248
1601500135439028224
1603141690629365760
1603140392936939521
1603139885308715018
1601273031477055493
1603311217606541313
1599099916781256704
1601188345589092352
1599399850985938945
1599421190720073728
1598760916245413910
1601174107391152128
1600205161691254785
1603416630960201733
1601239789243879425
1604775506435575808
1599520852940201984
1603305174348566528
1599398844877656064
1606047270943612929
1598874038054838273
1601340060720599040
1603706343864557568
1607678080457539585
1601267311729868800
1603814348245418008
1602027424618893313
1603838993883348992
1603148379990753286
1606559518439211008
1602601003098021888
1607727699480428544
1601984909031120898
1599284815987019779
1598592524360110080
1598226676751937538
1599468450799579136
1608036323658530818
1599453398692417536
1601624438520557570
1599852263090008064
1602348781470715912
1598666659086053376
1603153996625154048
1601152178940350464
1599403875949510656
1598251848539901953
1601169035332579328
1598896715599601665
1598264810508259331
1603482355355762688
1598956241610416128
1601357549298589697
1601180915660574721
1599330584521633794
1601333148695920640
1601152836758171650
1600198582719610897
1599463883822878720
1603141044023005185
1601155846884700162
1599001850920898560
1599419968155574272
1601911978431512576
1601222806452084737
1601151111653511169
1603151550838439937
1599658011647090688
1599422516799229952
1600907794156490753
1600874369320116225
1603281385044721664
1607021950106501127
1603303509390086145
1599405348074319872
1607514063608627200
1599367937227255808
1602408038631342080
1607732753646108672
1601216126024708096
1606572305538318337
1606398356431015938
1607676570591985665
1603336396336467968
1601186295627517954
1600150731943661569
1599460727634305025
1598675507725287424
1601368113534025728
1601259755858976768
1599673865348579328
1603144371162980352
1598956403309568000
1599398444820738048
1601184263008751616
1603570909574479872
1598283657504227329
1601234021367050240
1603309578313424896
1607514977640026113
1603301546682294272
1600265121460375554
1602017922268164096
1600180245440643075
1599110968423743488
1600186954523385856
1598249916064993280
1602648193140940804
1606969436967428096
1601329510758027264
1599944394932879362
1599115810126979072
1599397478633119744
1598229538303266817
1606611392995667969
1603168451715022848
1608114598636314624
1603263214069891074
1601201093614370821
1605005478626566145
1601153704085708800
1600226190702260224
1599279358283169792
1603457029464592390
1607679920947466240
1603140552895127552
1598517930051903489
1607683343012823042
1601158756301438976
1601262842144911361
1608823070944550912
1607565696824905728
1599346976423698433
1603401795761573891
1601205171127582720
1601180552039497728
1600564831215566850
1598225267939774466
1603362899610804224
1603140925684740096
1603346156054085632
1601175702698876928
1601151850203734017
1603305133617684481
1598973259311362048
1601257787396235264
1601154958497546244
1599314774927749121
1598238327005909000
1607889286128439297
1602466172989067266
1599727277104693248
1598766075403198464
1606768695459602437
1600246322954526721
1598384688762077184
1599401743669870592
1605695093373116425
1603846900326797319
1601168318567952384
1601273910179176449
1601240427314941952
1601352381543112705
1603141121084981251
1598895891749838848
1601205907387731969
1602413389313150976
1601169880765861888
1599678419427819521
1607599137767186432
1604453582685839360
1601356600174051329
1599399838902165507
1601152955818049536
1603162447099068417
1603144997414604802
1602603412524527616
1601502070829469696
1599396791195029504
1603188591282331650
1599271160885440512
1598764037872943111
1602348829927526400
1598309333812629508
1603484730506166273
1599672836553322503
1603338046732390400
1599440796507197440
1599329218651107329
1601930944990027777
1599720586695303168
1598107449650647042
1603493530898698240
1603158872813981696
1601152165225332736
1607690510596030464
1602306682339606529
1598225684358647808
1608045395724144642
1599332422008438784
1601934428049182720
1599171047936475138
1598239786979844096
1601196630740729858
1598253031048761344
1603141807650529281
1601245593019748352
1602422740467826688
1601189129295138816
1603215616177229824
1601173675507847168
1598238537148956672
1598224993414184960
1598667204752379910
1599409877578788865
1601321253666553858
1603209054167437314
1601189841592410112
1601239298384482304
1602300877821321216
1599111524672753665
1599397719176802305
1600415467671212033
1598250427610697728
1604542343893331968
1607681457991868416
1601714305765756928
1603816498543628288
1598952256887398401
1598224268462264320
1607543504086900737
1603749872615686145
1604890260936134656
1602418107494338560
1602336986924212224
1598258635792175104
1598251987547693058
1607727334747930627
1607515172171821058
1608095080073826304
1606079272262766593
1601161456992460800
1599488131916791808
1598646617640296449
1607687264007487488
1601236449793384449
1604361380555272192
1598223319496818688
1603293369522085889
1599730169089966082
1603142978733625344
1603141122154536961
1599517003970379777
1599361303872577536
1601223360519675904
1599487147647860736
1602064703886344192
1603429081236004865
1603162784014950406
1603140920928608256
1598224287823187969
1599155418952921088
1599129332273717248
1602568286012596224
1599397337532485632
1601912252315090946
1598244419266031616
1598840358175379456
1598258324243611648
1599738321244106753
1599330383924932609
1603171434465038337
1599172128825577472
1607889264238272512
1598810957710598145
1607818721858297858
1601933839764439041
1601152827870834688
1603452051031310347
1599418387783831552
1599448978021556225
1603461913890983945
1599341920375181315
1601233193859837953
1603169875102683136
1599361572358729728
1599413915448119296
1607729489202581504
1599399116249128960
1607727292125532162
1601199179883331584
1598553988751835138
1598257072092901376
1598312061607579649
1598233863985037313
1599335433745231872
1601198158523944960
1598644200505057287
1607685306320556034
1604468727030087680
1601176816668250114
1599160818779979778
1598238707764457472
1598224025808871424
1600674944907501569
1603354318458847233
1599103143542984706
1606590279879999488
1603238968119762944
1603457735353372686
1601321744102354945
1601231364535508992
1599538191912292352
1608060814497284097
1607962247103672322
1604901399288057856
1603145123369451521
1603808744177123351
1603434803814178817
1601200797622366210
1600059551826313216
1598810717049655296
1599891848247377922
1598226467334361088
1602255603761545218
1603340599557488640
1608096309415755778
1603492578996936705
1601241474485850114
1605005328919035905
1598764788225540121
1598266803452784640
1607777245694664704
1603497681384529954
1603269882778370049
1602065205667799043
1598373049325260806
1598255573522341890
1603787171508404224
1598247932645769217
1601152545585778688
1602017362093522944
1598810584954195968
1599293811196592128
1599086893278367744
1603149074898747392
1603781603393675265
1603485032160567297
1601189102048940077
1601839544197849089
1601504462694404097
1602655272014692352
1601924650220544001
1601600440160120832
1601157485955809282
1603159978608558080
1601258598700490752
1607035449893322756
1601259052943970305
1598321348727775235
1607616091269861376
1603202358850134016
1598270287832698880
1607798951633092608
1601164732261548032
1603159222643990528
1599902898845937664
1599399339851325440
1599574465645793280
1607673397168771073
1598228093889806337
1601150837983969285
1599539258347622401
1599347927054680064
1598933503688593408
1603145329666392064
1598277901060780032
1603301023954657280
1607845430825521155
1601947578673004545
1603155925308788736
1599490065201102849
1603379978606821376
1603481308100976640
1601860545627529217
1599101798693818368
1599468427185623042
1601180230881714176
1603720570629230593
1600189090766680066
1603449411161538571
1598347348731641857
1603274437490515969
1601339709363736576
1601570806500589568
1603179141892915201
1603534179119112193
1599127389316915200
1598224894830878720
1602594167535927298
1601338171010142209
1607083918314082305
1599404442092126208
1607676786476830721
1604901425653420043
1598288902468829186
1598236750522241024
1601638786026246146
1601223175781904389
1601151573341933568
1601195764134604800
1598790791559843840
1599479712228642816
1598252647404175362
1601151808004849664
1599540722020950017
1599125530422697985
1602384049359683598
1601352859366236160
1598456528318627843
1607415258313801736
1601232586701148164
1599613745432383489
1603154802791559168
1599596257454219265
1603155956870926342
1599121837237350401
1601247651563180037
1599125068231024640
1599351389662380034
1598845332246253568
1598268476896202752
1600200134767259649
1601475114897264640
1598870165529432065
1603143034627133442
1602042207644667917
1601154820689174534
1599458455001083905
1601513036182786048
1603342014354890752
1601180969951645696
1604225785270788099
1601213704103923714
1600161592389226506
1599889828627505153
1599823696667242497
1601718737811681280
1602310802953879553
1599436315774578689
1599334698266034177
1598987617067933697
1599093625249755137
1601196161548763137
1601180671908585472
1608880608394227714
1608826269860524036
1601873199083429889
1603336388077711360
1602577306073145346
1608020308912672768
1603142123502682113
1601281592965488640
1599405014279417856
1598292382231195649
1599293631646470144
1599336719081275392
1601157481488478208
1601151626458279936
1598236669421170690
1608761703436812289
1603525019769999361
1598266662918139905
1598922827993780224
1598945746996166656
1598924293148381185
1601175507642781696
1599335566230712320
1601303460405649408
1600486877810855939
1607831000825974785
1599343440944574467
1601151068984918017
1603150825332809735
1606311135010885634
1598223470806040576
1599357435222798341
1598643567093637120
1598954810249576448
1603403413764587525
1599649975863943168
1598628386502475777
1603328522113748997
1600210018871431169
1599171914643169281
1599444891179790336
1602023464147230720
1598711935385468929
1608042302445948928
1598763598859337742
1601152497368068097
1599686284867358720
1599140948411236352
1598225154395426816
1601231964383870979
1604908854604464128
1607526708441239554
1601620839266672641
1601244926112862209
1598398414299037697
1602018790388162564
1601322618308636672
1598788408578433024
1601183644516638720
1603298133127188480
1602600859543764994
1601221673612869638
1599517132315774977
1598222148426166273
1601363245155364864
1601214761148256256
1599339058341154816
1603459126155415552
1601941001924395008
1603272354272083968
1599685755571691520
1598283903336579072
1599398063516184576
1598944487115436032
1603260263024791552
1603379895761080322
1604492165731692546
1599523140454924289
1599617190881157120
1600191304599711744
1598234896954449922
1607862391605272577
1603231026825814016
1609099192936415233
1603155542024900619
1602417034356264978
1598955285221023744
1598299853108674561
1601385155452579840
1608906592573091840
1598242944615845888
1599115086328537091
1598990176230916096
1604774525215707136
1603233325451296768
1601185762720059397
1599791184477491202
1598930354534232067
1603486698251468800
1603345427985846274
1601293460367364096
1599436428819058691
1603342482846412800
1599442802672570368
1598222500470878211
1599124580202795008
1598960625845092353
1603345916437610496
1603486129407369217
1603263166242242560
1599456605271359490
1598693835294515201
1602475823906316289
1598407504182083594
1598643240168726528
1601203172135297024
1599740047913545729
1599727714209972224
1606984210228645890
1601934713224155138
1601379054040457218
1601245846795784197
1601936588661207044
1601172117571391488
1599290743914274818
1598237957466488833
1599529743564824579
1598292565459357698
1603719386178650113
1601723858691624960
1599397597923651585
1601343520878768128
1599340443094773762
1601232500017139713
1603147594540191744
1599124196432711681
1599336436930473984
1599397530298896385
1601940183485747200
1603460838018646016
1598237604406857730
1598323380784173058
1603156966762844161
1599477918782013440
1599389501914116097
1603152120361910274
1598336909838897152
1604191103132921856
1599333714621657089
1603491099779162114
1601894210877243398
1598272287379423232
1607716260699152384
1603362591677587456
1602314783658840069
1598223795851907072
1598971206777991169
1598226513257693184
1608130451578785793
1598989452143394816
1601263554673659905
1598822741955715073
1598581917754032132
1601560473258061824
1598305095938088967
1601152332435451905
1599399001664937984
1603182166124498944
1598990134585663490
1599453895423447041
1601152444742144000
1601233149098217472
1598268069532798978
1603162766088572929
1602472527338655745
1600767874259292161
1598409517531815936
1599434621288337408
1598666784722354178
1599396718889820160
1603202657082277889
1601334951794053120
1601321640092381186
1601200847740108801
1601224838856654849
1599493771024293888
1599315619567976448
