1359467737215549440
1366087731055583233
1365977497557471236
1366119906673057796
1366105213761970178
1365364505820229633
1363592499680473093
1356968537877798913
1359616401942728710
1359275509914497029
1365974649063034882
1356899402309320705
1359618851122655233
1356970892094545920
1365436574293499905
1365342939052994562
1366129164739354636
1365769849692119040
1356780374215581701
1363441160597962753
1365722476735467520
1366086054890119168
1359893384350072834
1365978540303335435
1365342196522749955
1365227723652743168
1356727855653224450
1356678188626284546
1356652134473887745
1356998570591846405
1366029305009045511
1364537274843725826
1365954614240153601
1365261487137251331
1364862120366649349
1366098992803807240
1366090547484581888
1366106920327774209
1366128361949564928
1366125183363395586
1359512376974917632
1359783613227802629
1359466168684314629
1359564457878421506
1359503500229570566
1365454558005182466
1366130730720497665
1366106502499602432
1359621475242803202
1359810518152847367
1365275410167181321
1359876491169906695
1366093142836051969
1359987696899358721
1357816755545116672
1364530767829819393
1365328214307049477
1365221585192443905
1365216868110368773
1359479972004560897
1359474385678184453
1356911575874097154
1365335995667931137
1365402844820553730
1359458923489673217
1366093024221085706
1366105942878801925
1364508183683862530
1366080593709170697
1359459584910491648
1366136688876085256
1365214707301416966
1356901908066295809
1365218888351375360
1366101730786758657
1359523813600468992
1365969140331257859
1366149560150671360
1365220638080794625
1365641619517677568
1366104307704201218
1356957758311043079
1357344398430797826
1365318680863629314
1358212480590356481
1359522526834081797
1366088958388633601
1359560252828635137
1359909619120959488
1356678153863913473
1359623276625072130
1356650473680470022
1359650690986110979
1359636134331109380
1363543369327251460
1359566532985110528
1365296161981136896
1365241184185180162
1359548861178671104
1358488022862491658
1359447343121186817
1357440886095945733
1359218113921900554
1365215228028473346
1365222357741281284
1359517367697571846
1366110782153441284
1365305924815122433
1357100134467837971
1365439049247391747
1366118619365728258
1365762133628223488
1359574505006465032
1359475234064187396
1359560793654784001
1359474324537823234
1365255882511167488
1366111686407684097
1359552995176943619
1365246441367691264
1356906693750362114
1359486539672256512
1365827864554336259
1365421248059170816
1359474759873028098
1365291808788537348
1365214572722946056
1366092102866792453
1359606730720768003
1356982814533709824
1365325716292857860
1365642488174833664
1365214225703010308
1356985105483501568
1356681627670372355
1359781239469858818
1357247977094578177
1365222949553397761
1356647618458357764
1366133388499902473
1360149920532078595
1359492825516228608
1356825116550836225
1366087791441027072
1362355318416691202
1359448267868766208
1360508950051971084
1358205724459941889
1365335187446456322
1366082618572369922
1365768575642918919
1363757614472003588
1359466413652660231
1358124089844649989
1365615479767912455
1356542363431284736
1364888911529582599
1365256842079838209
1365595136697241601
1365214302148435968
1365348852925165570
1366104229878898698
1359558772788785152
1365686861126115328
1365280058718498817
1364492576561184773
1358474995253587971
1359520595013230596
1356987835266576385
1359546887225937925
1359455864399216643
1359479464095268864
1359395971877265411
1365313805811650567
1359480270450229249
1365300596727767044
1366100063739641856
1365274158607831042
1366164272821207041
1359610139540672514
1359586706538852354
1356956812877189122
1356398782712324096
1366163998702530565
1356653546196897798
1365223085637525505
1359646291135987715
1366081301766414339
1356881076988313600
1359459767018795009
1359560056325492736
1366129322038280198
1365799055226531840
1364535449344237570
1359524668135333888
1365316746668888068
1365385073495834626
1365321908497965059
1364529162791313408
1360857542885330944
1365641590623137794
1365214847525412865
1365233835378696193
1365243037018898432
1359571700610916354
1359456184865013760
1365952117538762755
1359497945100517379
1365376821680893960
1366120128111386631
1359527294344318977
1366118502290120709
1365242174359678979
1357196432709722114
1358088073171488777
1364187635862880257
1359771383723622400
1365219279105359873
1359473135305838594
1365424152077869066
1363474640081977345
1358491266842034179
1359641334492061696
1359472901074870273
1359459398960238593
1356706422491406337
1359647178961149952
1365290031062134784
1365305375067672583
1366085074807115779
1366156103025913856
1365951819114029056
1357281588862738434
1365425283197763586
1359449442215149570
1359507992484458497
1365219913435127809
1358102037091778560
1356904551983575040
1365580712817082371
1359525865470705667
1359573230856638469
1365303139671416832
1365216309085102080
1366152668868202496
1356545136927404038
1359450553529622528
1360669994640691206
1356836578283421697
1366129606059769862
1364253820222636037
1356754373175631873
1366093254110896128
1365634491939758080
1359455899669135360
1356647665820463104
1365225543524880384
1356907772676362240
1359610934826840077
1359503555900620805
1365218809154527232
1365756455413047301
1359483288512049153
1365477060987285507
1359467060150087683
1358528890424225793
1365963479308451840
1359650337053958145
1365267042836881409
1359965771129114628
1359636911145574408
1366122536015187974
1356920264290885634
1365250764373979140
1365215806091628544
1365430490258374663
1365951593066160129
1365329561379078146
1356648062513512450
1357257452291514369
1365222071152873474
1366107100158509058
1365233880689762307
1356685027434770435
1356899586867159042
1359483565080268800
1365375686261829639
1366129542478315522
1365781311135318029
1365219732811624448
1359552232329469957
1357317349737652227
1366096107156160515
1360222725462179849
1359468317455572992
1366101943622500360
1365341176665157633
1362051194865274881
1365260318314758145
1359499552190042112
1366086792143921155
1366076086984052738
1366136676028985351
1366101595247804416
1366121108815171586
1358727114913120256
1365658282879315970
1359891545554567173
1366174952911732738
1359967043278303235
1366137547533991940
1366144088765038595
1365561981172875264
1366084811325071368
1365381615522832386
1365263830012551174
1357319311115886594
1359516809746132992
1359544805408133122
1365318897084354564
1366107831590678528
1365435058035777541
1359618897968848901
1365284530291105795
1365236056522711042
1365910587054645248
1359628616619950094
1365233582227263488
1365214329411411969
1365804375659188226
1356541433466007552
1365320003541696516
1365382878268444672
1365579500373819392
1366130239768825857
1365230015248551938
1360060638295437312
1364211993599737859
1365264876642385921
1365642503962116097
1361062847564943369
1359711000891711494
1359623806365671426
1366098117695782912
1356919897817812993
1358435139844513796
1365387825579982854
1366075771866001414
1365560054653595649
1365955127761330176
1365222866959151105
1365217529791209476
1366094062886006787
1365235171193217025
1365261170584793089
1356749324613517312
1365398465132560390
1359886682909270017
1365270583466942471
1365214053946294274
1365491912346660867
1365242358896410628
1365597185849626626
1359456223972773893
1365957412080021505
1365568990551154693
1359653891231604743
1365392286264221698
1365236709416460288
1359502648735629315
1365382503469621250
1360407934174429185
1365420683157774337
1359477237117034498
1366030110911066113
1359943470388031492
1366119292979335170
1366107841925439489
1366081711856115716
1359460526636597249
1366121139068690434
1359465093336084480
1365350934319104005
1356960314647064576
1365439791601487877
1365366301171060737
1366174705133236224
1365340108627578880
1359457816742940677
1365390169415815168
1359789673342771200
1364863292691402760
1357298327658909697
1366123842075316224
1359905840740913165
1365287117245579264
1366090431679893504
1365965045142851584
1360345143530905602
1359585879208185858
1365249251882586112
1359498475512160256
1365718100109365250
1365449659456647170
1365310158214213637
1359777576135385095
1360558788722503687
1365761367429550085
1365262510144774146
1357251957036089346
1366121035435802631
1365350167180939264
1359601571571658758
1365969674819756035
1356960592700051460
1359526308708052996
1366167750545199108
1365596951413219329
1356800060068163587
1366079775849279489
1365400236794007552
1357038385391616002
1365228184699043842
1365957670797205504
1359502628779151362
1365558586382954496
1361478826010808323
1365411766176514048
1359612611151691776
1365257374618025991
1365218772794159104
1366101701892190213
1359929887600111619
1359948765071826952
1359534501609758724
1356730399007858688
1359486401750925315
1359458083886534660
1365244902544732163
1365408930831212548
1364535126093410304
1366123281087160321
1359944524634730500
1359600842748420105
1359079294614589441
1365216961546883075
1366082316032958468
1359272133109682188
1365419797345951745
1365246249297997827
1365216471941582848
1358400453684457480
1365281715569090560
1365381670199787520
1357074853363384324
1359498776663228418
1363445700890140672
1357292116423176193
1365434510037426180
1356914952724971525
1365317490092433412
1363533529230028801
1359572958180741120
1366098469602131972
1365239172336939009
1365440188751769604
1365619854892535811
1366117869604454408
1359531966975119363
1365985621089656832
1356683680555683845
1365294856625655809
1366095596889772036
1365546486285631489
1365323949194756106
1359944568897159169
1357612666685186048
1365283862394392577
1359471773981548545
1366086431416979458
1366099519927164937
1365214202617622531
1366037715154857984
1365340024150065161
1365333565366558723
1356920388823957511
1366098937120178180
1365954148936675328
1359945439798325253
1358105627827011584
1365410216259563525
1365444961928380421
1359973747290210307
1366017782928793609
1366082393505939457
1359445139874336768
1365217207395966976
1363519884454461442
1358670048517365760
1365322564420124673
1365226893876813829
1356904296537858048
1365261914025189381
1365278252454010880
1357278972804009985
1359458427957829635
1359570011623477254
1356146617624252422
1359444173225623554
1365240900549509121
1360142380708552708
1365413248539975685
1356549620613144576
1365960837442248704
1365278615999557632
1359455895974010881
1360290633710243845
1365577622751739904
1366149734721875985
1360226035502092289
1364685842736943108
1359534249435611138
1365274081214529538
1365953470143078400
1359500558223237120
1365273981738242050
1366090409437503488
1366100051693608961
1356904984592461826
1364622499124813828
1365248656266395649
1365353551531290628
1359743670698840068
1365731493457391620
1357250065031704576
1356300752738779137
1365424458295558151
1365232976464912386
1365216822023385088
1365632591706095618
1365412437579685888
1365441858567098368
1365245031284690946
1356706597788151811
1365370525606895617
1365237346782871552
1365333837966942210
1356616195177332738
1366120893928402951
1365802545608855555
1356666426065575937
1356926414499549185
1365272210785652736
1365756786893082626
1362072641792864256
1357254120646803458
1365362988002205700
1365271104743440388
1359459426810400771
1359467902630567940
1359584262647918600
1365951984973598724
1356609003367903234
1365310694585991168
1365803294162116614
1365307816777576448
1359494516424790016
1365444487422611456
1366096851800383493
1365303223712690183
1359953871213330436
1365306953895976962
1366119194853572610
1360142651585155072
1365429575434596353
1356905286183845891
1365262929596153859
1362305680418496513
1365953813585289219
1359491791553253378
1365271228030803970
1365342355205853191
1365317023039897602
1359778078537494528
1359465350795001856
1365994686507270145
1359623903853838337
1365393744053305347
1365421067691560962
1365264302232526848
1359586568873377792
1365233379382349824
1365770385418035200
1365422480123453440
1365243793277091840
1365758218522271752
1365241877855952896
1365417074416357379
1365954002245009408
1361737573144666113
1365248655461072897
1366154574311157762
1357019265560371202
1359272874830401537
1365823984131076097
1359592777827377158
1359595942740131846
1365688824320393227
1366153845253042183
1366087069689348097
1359461939152375809
1365797801976823817
1366082678043406337
1365262092677316609
1357060906883166215
1365243578855923712
1359612751170199554
1359486935492919298
1357247359512694785
1365398596590444551
1359588065128382469
1359467836528295936
1358435817002262534
1365764833103269890
1360359405389303813
1365446362461052933
1359542345860059139
1359445101202833409
1357067525247422464
1359970481886154753
1366075902686359555
1366084687568007170
1357028927294873603
1365335859822813190
1359806968458846208
1365288104752513024
1356256571660132355
1360359703646244864
1366080409981898753
1366097706628878337
1366144614869184515
1356303046293258242
1356727203908755457
1365381213305921536
1359795285220872197
1366097157271531522
1357344214569295875
1365250878542913540
1359954555719594002
1363790401056964608
1365242041807044609
1365959952616022022
1365348180641144833
1359889037172101125
1359475847946731523
1359621495719419908
1365958990237212676
1365306164548947973
1358069409332494338
1366083524911128576
1365370086421385221
1359738586569052160
1365235473791266817
1356918051665571840
1359604727030444039
1363540625342275586
1359951535388717059
1365272422979686405
1363518572748808193
1366135344194850818
1356925903855636481
1365273977069989889
1365359715178446849
1364361549293436929
1366084029167132672
1359472791532281861
1365754341446078474
1359158545825083397
1359659461846130688
1365220962459918337
1365623161254006787
1365458525225377794
1356988737826271234
1365995022777221124
1366079046799482889
1365216306283376640
1366158719541796871
1359390575141748736
1365245802008952832
1356992598305570818
1366153727590232072
1363548299446411266
1359644583941058562
1359573492920950787
1366081884292341764
1365276072380669956
1366077977918922758
1356936119347277825
1365228978974453760
1365233998230941698
1356935867303133187
1365225575678410753
1356994866530648068
1359742343407144965
1359545623704395776
1366086704826826754
1359470175477719040
1356922802222342153
1365266058530152453
1359276350608199682
1356545659235622912
1366118939189739525
1357263010939740160
1365294416697647110
1365273297462693888
1365448040748883976
1366119651458056193
1359468735413833729
1359532875150983168
1359883921836699651
1366097584192950277
1366012069712195586
1365957732470321153
1365982622917271553
1359467082790957057
1359470548137500673
1359502240390803459
1359634053998252033
1356317374169886720
1359395752720539650
1365263865366339593
1365375853589323780
1365622601608024065
1356914056620367872
1366089949020381194
1365312961582104576
1365273147986087940
1365254148938153984
1365230994459156480
1365247066612588546
1365751951405776897
1365835749334126593
1364535919940878336
1359510858561445895
1364136961561264128
1357248491655938048
1365441054342791168
1363278574065713152
1356646389703462913
1366141323120680971
1365380350940246019
1359554438034259968
1365243954921435137
1357057471974621191
1359483071192567813
1366168217371226112
1359498512627609600
1359462072791289860
1365216240260718596
1365420246509768710
1359601870948474880
1365659426481446924
1360209416868528130
1356919066670354435
1359616847067373571
1365952798765047810
1359607270410182658
1359833095961198592
1365238312739438592
1356683959753732097
1365921993791537154
1365751102440951812
1359461145787191299
1360373009828220933
1365417118540382210
1359468559794130954
1359569165636558849
1365281043901775875
1359476519421308929
1365377458434936834
1359587555914772483
1365215071929069570
1365363557030887425
1365217455614885888
1357118937209708544
1359517791494234113
1356992739158728707
1356615295415185409
1360297458262306821
1365321973119737858
1366146818552250370
1366106107215806464
1365231375817846787
1357105998117404674
1366170726827503619
1356650082381287428
1360147805264822272
1366122566050529282
1357249913608929281
1365251006947340288
1359899876411248644
1365214828038672385
1356721593448292352
1359978366472970252
1363160971863293955
1365245376903737347
1366097738283315208
1356719069551034374
1365954742313234433
1356697600871776260
1365355511646986241
1364116474890231813
1359570179290763267
1365953439033884672
1360174968420655106
1360604670042009605
1359470847401095171
1365278078050656256
1356676709496598538
1359462676158685189
1364140551164071936
1357033598109573122
1365233568037941249
1365266788909543424
1356998249509445637
1359996664807833608
1360473339370876928
1357016005462155266
1359463608523116545
1365256515213484032
1364326856812605440
1366029275078545411
1366152129652662274
1357035214434955264
1365390565181952008
1358064692472725512
1365254628632322049
1359500254933114884
1365299670289952769
1356925301520011264
1366143118974812160
1366102470603194373
1360181363144589318
1365217471070941188
1365219509150355461
1357268763436077056
1356303678932717569
1366147276096339974
1357254345113362432
1359610647256915974
1357766832036458502
1365248065892925440
1359616011511685124
1359557975329943556
1359585151102107650
1357268684360802305
1357057775914913802
1365300416632750080
1365767533589053441
1366127337973121024
1359488090130235395
1359455646484221953
1357010037936443392
1357389371360616449
1359549201777049603
1365237194084999169
1364316374437408771
1359606074802855942
1359457224217755648
1366158155022012420
1365304228512751616
1366086379105566726
1359535401208340482
1366141065888206851
1359902973221076997
1365922671951757312
1360276559517675522
1359273774554701825
1365480986956464129
1357080243463413769
1359603007151833098
1359905760008896515
1357079233621880835
1360271344894697475
1366094537404395521
1359899277145874435
1365444329418985473
1359273638357331969
1359617343274516483
1358349136773468161
1366032610330349571
1365261183062839310
1366084536057102344
1366076351036469255
1365265150815723521
1359469468976623616
1365215660175933447
1364725412929142784
1365252999904456705
1365288047315681286
1366084947455447043
1366139305903718402
1359593708447019008
1365233230161600515
1359570809744990209
1365411704591572996
1365221788632907783
1364863325348253696
1359623317125279749
1363885235260305410
1358187371808890881
1365432892961271808
1365276940588965890
1365595678446145537
1365216363678208000
1360363194917806081
1359872807967031297
1359570744527761410
1358081225135710211
1359397695958441984
1359594517742125056
1366130130955952133
1365309334972956679
1359766537071116289
1359466896593219584
1365343299465318406
1365336114358272009
1366147222178586625
1359609830382698496
1366169713257173001
1365285534856265734
1360000105017991186
1359457533652570114
1357106140094599170
1365274338966921219
1359272307622043652
1366027547176296450
1356525429616750592
1356653187713925123
1366145660861431812
1366076735557632004
1365997547295244289
1356244414658732041
1365349388453838851
1365307544412049420
1356687518478065667
1366053458823032835
1359458530785386498
1366135142687907840
1365384010353016834
1365279189591601159
1366011384463556608
1365315710025682948
1359482822088675329
1359925227745136646
1365788245909471234
1365366847621783553
1359569609888849921
1359621161710157829
1365551097969008645
1365287972581625857
1366078741282254848
1366020439399620608
1365286933174378497
1365281651287334913
1359479271752933378
1356996780785860614
1365221888889397249
1365971691889958920
1356918306897358848
1366134188970283013
1356900415611293696
1365971928008294401
1365393663283634178
1359484489764925440
1359571199651696640
1359573159738015750
1359484921199394818
1358354487774236672
1366101737925447683
1365980190229344257
1357043240508280833
1365243648464535552
1356265101091860482
1359488036178964481
1365989017804750848
1359447273973899265
1365984025798709252
1359449416986464257
1365219977993846788
1366155483187412995
1363565251573276674
1365215007731044352
1366083946644197378
1359464550513393666
1365482851521675266
1365322450385440768
1365305178535174144
1365752013271793665
1365260117483130885
1361455562798620673
1365363194575937536
1365274474552123394
1359543371728052229
1359458257086128131
1359743475730759686
1356905571698491392
1365215139830628353
1360475021613875204
1366079892547399680
1359272004701081600
1365264966069157890
1365646910791553025
1365260245719728130
1358147028824522752
1359638288156483586
1365225047984640006
1356662474913759236
1365216550911942659
1366092744121339908
1365993031145582594
1359759193293660164
1366116121104031746
1360021233379799042
1356381046770524161
1357012366257491970
1365349813827567619
1365303826631319552
1366082762755702793
1365292709574017025
1365778691188490244
1366098374580125703
1359503297003081728
1366115901595148291
1358523627944214533
1357250200587427842
1365992262107332609
1356605869480439808
1366085812060848129
1359524052252131334
1365975676206149640
1356954360312389632
1359821590708572161
1356135604157886464
1366055494712975361
1365386834029772800
1364505828829634562
1356244220667977730
1365303843102326789
1359487912706998274
1356904286345650176
1356331807118131201
1356955302554394630
1363499183915872258
1366133788288368641
1365757385445433355
1359627261910126593
1357101271929479169
1361471585757122561
1359495796580896772
1359276006008369157
1357135693525508096
1357250671246999553
1357396601401131010
1363972469682495492
1366033162019692551
1360075034388291586
1356956913607593985
1359548856321589249
1365562740488732674
1365429489208070144
1365378558160429060
1366096366116700164
1366075974224379921
1359468648742744066
1365755806830850048
1365420728032583686
1365354128080257025
1359594239340986373
1359537800572461056
1365258048747540480
1364196608410324993
1366131121373794309
1359501341731790850
1359886572494221315
1359866475935318016
1366040286862987269
1365235770701791235
1359517501072228354
1365286702206615553
1359444090425860096
1365450345636392968
1365772081682653186
1359861030457909248
1366096382952681479
1365962019011256321
1364863315382571009
1365435392883851265
1366132024608702465
1359456675732807680
1366117244632264712
1356985954775552000
1359273662340284422
1366092131845210112
1359786410212020224
1359848106670624768
1364527999551471619
1366149717672001536
1365589588308328448
1365909593843458048
1356745489534844928
1359476528363540481
1365246817353482242
1366129708555993095
1365223097671032834
1365426237351612419
1364277387488350215
1366088529143615499
1359275089502629892
1359573348880179203
1365314701928902657
1359967164531412993
1360281851382882307
1357353511432957952
1365324479153512448
1365435725118906369
1356901285753196545
1356598957053517825
1363508705464057858
1359507711931650051
1359641585433067523
1365314633075163141
1365338008325664769
1359534225318416391
1366150255927037953
1356964572331208704
1366080426226376705
1359466467046154243
1359605220909719565
1363213245511847939
1365647066278596611
1360672988283166723
1358428608126189569
1357063763896242177
1356319054089347074
1365222798805913601
1363435625651855366
1365961616383234050
1359987018164502536
1359581467576270850
1359616266437296134
1365801875921068034
1366080934441873409
1359506908621787136
1365398607776612368
1357072049387225089
1359810339819442179
1366083248863006720
1366147390181376002
1359622670824964108
1365442724359503883
1360331090792243201
1361509670851125248
1356991206866190341
1366154451397079042
1359550461041405955
1366087183787044868
1365239518828384256
1366080016077971460
1357049574846791683
1365249710483795968
1357057528870404103
1365226502208503808
1366131892265885710
1366080564219031557
1359543554255781890
1359487016237494280
1357277585437253633
1366086431286964228
1365968912156917760
1366131376341319686
1365650170503905281
1365224897727909891
1359581372747296778
1365233000565334023
1359479262055714820
1366075759861841924
1365952626563629057
1366095781913128969
1356684052611407875
1365289270529900544
1359615170490859523
1366111489845850114
1356986431953121284
1365268720608829444
1366087341484425220
1365218227844956163
1365484110794342402
1359720877903015936
1366109937529729025
1366080318378307586
1366149163260530688
1358433683510759426
1360362737055002625
1365961432114876417
1366162061353504774
1366146965931704323
1365577004905553924
1364638782910205952
1363955706806890496
1361562229150203904
1365421236612956164
1359646782603603969
1365214410361470976
1365217491455246339
1363526035829063682
1359470705902047232
1365660470347264006
1359466163097505796
1365944540838977539
1365240637705113600
1365402833214967815
1365263991564611589
1365553507961626624
1365992252510785540
1365752947414618112
1365976623187648512
1359604724203413513
1359494882625282048
1365288618609246208
1366109910249971714
1366090481000710148
1362201650623053833
1365265451643789316
1359496910130806785
1357248903301779457
1359467091527622656
1357259496222044162
1356901606470660097
1365380253359685633
1357289873070321664
1360378142616125440
1357041181226598408
1357334842472501250
1359468254872363009
1366132103453306884
1366113963050733568
1365220658557386752
1365218258555727872
1364908914266021889
1359490112682397697
1366096289981734914
1365307520827424773
1365626321892704256
1356135190691766272
1359554188322213888
1365758111391379463
1365289878716641280
1357108170179686400
1357077884406489088
1364533082087424002
1363442527441989636
1359595209882017795
1359573247273164801
1359604170546896902
1365763925673988096
1359471042587205633
1365405676009377796
1359886486569705478
1365239284203143171
1360110269754732546
1366124310105104385
1366080800035373056
1366108774201765889
1359615934252675073
1365773004995784706
1359598035211341840
1357034808044638208
1359513581839081473
1359466514492055555
1359590950767624199
1359571828730167311
1356586089067270145
1360157073737195523
1356922690746150912
1364864015369961472
1365373967310221321
1365221425422991360
1364966421579657218
1359749442094698502
1365832683172093953
1359425890824974336
1365215304545107970
1359455266023079949
1366160640486834181
1359475297809235971
1356654367915577344
1366117646169763843
1366094393279668227
1359642112254500866
1356662502554271745
1365415245532065796
1366144486057869316
1365222559344713729
1365305689749528576
1359542109368377345
1365953269353357313
1365346942600028160
1365344219578183682
1359088007505211393
1366100183247945730
1366148361871650820
1366086539281850369
1365832107659034631
1365288543531257858
1359914638796853253
1356980408903204869
1366080542970687489
1359743293572136960
1366149408291778561
1357247076514545665
1359884504501002247
1365449678649704451
1359606990960529412
1365257868753178629
1358854430846840832
1364541944240693252
1360354862375067653
1359516235826929666
1359321235960680452
1359458559432482817
1366048172011900929
1365224489949290496
1366093153682530308
1366167714167992326
1365783188493246464
1359885252647337984
1365221608286285825
1365221252739313666
1365747921958940672
1360142884721356800
1358065145214365698
1360165491558473728
1356926336485515267
1357267977608044545
1359492819958833160
1357254622650511360
1365298029046161411
1365447419417223168
1365318467642155010
1365803882400595970
1359467729758150662
1365285750141501441
1363401633015685121
1365565811000238081
1359474165192011777
1361337828450435075
1359598049077657602
1366166508985065474
1359518022239723526
1359777220387037184
1365228695787626496
1365372467091562500
1356676166053220363
1364627924566093824
1365958341047029763
1356319855146917888
1364534111579344896
1359458881613758465
1356647579619110915
1365305748830515201
1356931042557452288
1361805929545662464
1360172456116449280
1356795082817568768
1363438315828113411
1365787310965592065
1365477127974514688
1365346040002580480
1359527311255736322
1364241879391477764
1366108398492737538
1359750937301184513
1366024955360641025
1359624113342545920
1359599694498963457
1365383294838267906
1365240698908344322
1360282579061133315
1359525775913979908
1365263229853851652
1366100900813688837
1356303496572710913
1359272344624263168
1365767405679620099
1365558808437809154
1360233140229443589
1365960332133416961
1357179987288338434
1359525971490201611
1363401138851184641
1358289946386251781
1359533933596188678
1365955089362468864
1365224255076634626
1359270046615412739
1366167667883864065
1365282127961460742
1365614110319259651
1365767883507261442
1359471255221637120
1356359527852027904
1365255549131096065
1359447677428248583
1366113542366240773
1359937656596148227
1365313972958822401
1365299468330012672
1359618382438535169
1359530259310391300
1359473189139718149
1366144896592150535
1359564055879553032
1359451232448831493
1365787549189492737
1357249556254179330
1365381004668641283
1366020257190715395
1359611366668177410
1356558389258641409
1356653771292614665
1365444110660820994
1365597740789616640
1365951888676556800
1359467564313825284
1365214322239148033
1359471073608294409
1365463130655125510
1357027176068116487
1363756901968842753
1366152957008506885
1366124214756012038
1365419131005259783
1365237309021503488
1359640237539028993
1365231501030416385
1356683134906023941
1366136311980122113
1359478353649160195
1359482839729897481
1366114532465254402
1359452538983116803
1365250877976682498
1365239147385024513
1356917824728551430
1364223011348492288
1359449491724787715
1365382284073926656
1359997182804434945
1366158329593094148
1357046952618323974
1365334386825179148
1365986770823892996
1359463913860063232
1359372008056909824
1359475569361100800
1359502152780177410
1358430493444878338
1359263529107402758
1365254163731464193
1359618683681783812
1359455915192246274
1356721560246190081
1356667815210541057
1366078021594152961
1359770011632627712
1366084930757926917
1365242795875831809
1366035516907532290
1365237129782067204
1357021146462445579
1356914417447878657
1359518291631501312
1365954835653263360
1359926588792594436
1359476725470687237
1365350799849775105
1365972765203853321
1366154273701191683
1365967024057425921
1356901368221548546
1366041520403603458
1365969048069148676
1365254778519977989
1359275931039318016
1356900178247225344
1365378616868171779
1366100220271095813
1366113407829762054
1365391901512392709
1365344460629024771
1365782320322662415
1364528913641336838
1359564635800801283
1365266159201828867
1365981255364411392
1365289733534982148
1366134322722463744
1365222841529024516
1356266143770685447
1359786485839523842
1359453221576724483
1356900956244488192
1357074941036888074
1356979615861010437
1365386397239156736
1365231253113499651
1366143922364424196
1363475596311986180
1359273475362414595
1365258353757343745
1359493657020289024
1358427896541548545
1365432303569240069
1365307452472909829
1356905225320341505
1359560879583473668
1359457726057840646
1365338043129995270
1365233481031254016
1359616244165406721
1356725672941654024
1359469107729616899
1366090562592509956
1365297244380028931
1361642605847736322
1359537869384261634
1366085192348221442
1366088004666855430
1363217081316106240
1359818817581547520
1357255831885119491
1359530083942334465
1357056850856919053
1359889112334020609
1356945459399561216
1366163035224748041
1359638539403726851
1359452890214109186
1356936766394163202
1366102710320324608
1363574279896465418
1359898841621934085
1366106779692711943
1365310525274488835
1356926939097952256
1366133937509175309
1365753491248066560
1365419905542144004
1356657803063140353
1366086950835400705
1359605306284769288
1365300290577182727
1357063084540583937
1359485438512271362
1366114476077023234
1356935802106830850
1356657373545381888
1366092003826663424
1365421450753150984
1359470658619588610
1365264220795920384
1358738789208907778
1365237934799032327
1365235499481391104
1366152451586469890
1356549413565571072
1365287342697811973
1359766651458183169
1358419735940014081
1366009115072430085
1365343131382779905
1365293310097698820
1365393211133489153
1365322411189690369
1359909995492605953
1365560201143795712
1365426097429577733
1359616300851593222
1359457187219857416
1365344600429375499
1359610242326278144
1356954333435330573
1359658839734370304
1364245037970837507
1365222446828302338
1359478037365084161
1366089091478151174
1366093017703194626
1359493192534663168
1356949356801388548
1366097289153044485
1365906894058061826
1359667147182587904
1356614461667364864
1365423141665832962
1366161840183648256
1358175082670133251
1365388994922635270
1359767140392439811
1365675966673145857
1365242129778409472
1359277737404432387
1366129780169601029
1365274285309362177
1365357978984083456
1359538919486939136
1365262444520763393
1365762250359898118
1365246973243252738
1356751642717286400
1359272601001095168
1359561856956923904
1366119497107726338
1365284769823666180
1366094886634717189
1365238821089116165
1356930909711269888
1359472046493888512
1359747061252558848
1365272045349707782
1365579882806341633
1359929837134176258
1359523197440249856
1365770451046252553
1365275168155832327
1365399258162200581
1363946572040593412
1357404801944985601
1365221846459834370
1365216269587341315
1359541175133290496
1362304470999269376
1360501455367585794
1363988437360136193
1365278155133575171
1365647741968384002
1366148102399401990
1359815546322227208
1366164564799275016
1357000073029308418
1365961348258095106
1365271866294820869
1366028309889495042
1365751566054133767
1359477387554136066
1359474840009396225
1364129563077455872
1359523822567911438
1359467603903848450
1359467017569460226
1365370538588258305
1365275192461848576
1365280457013792772
1366077241604648965
1365326563416358914
1359742826326671362
1359605615748812800
1365678409758687244
1359457147235553282
1365952874182770691
1365300091377049602
1365231998223208448
1359718111453319168
1366000259135062022
1366150372310548481
1359484203973439489
1363531129123463179
1359481783323099139
1366083388004831233
1365967797839364099
1365360635723268104
1366094910764408838
1365972738821742594
1365973124878118914
1365347824225951747
1360001118873518088
1366140484830318594
1359468924534931458
1365251608708149255
1359456864380084225
1356654336412168192
1359476708387225601
1359566495307677699
1359450245722234885
1366097199608832006
1359884786848907264
1356964266830680064
1365397450232647681
1358008389662556160
1357003524400373765
1357618385874518016
1365217819181408256
1365222201855721472
1361027581961773057
1366033797553266694
1356936833335230466
1356608410100391938
1360218620769558531
1359455859810664456
1365217751191728130
1364541455122001921
1359450583250464768
1356615493835251712
1359572641141686280
1366079153221607428
1359615604945215488
1358142795198955521
1365441552672296966
1359838281853251585
1365224196998131714
1359479654902620162
1366135870567374848
1366063209321541635
1359447186140987393
1365634986775371781
1365215551052734467
1365349861546221569
1365227911389851653
1359272794870145025
1360292699446910979
1359476710727688192
1359060617265635329
1356671486573092866
1359647283571273731
1359507570159984644
1356955293859647490
1366119496201744389
1356926597354422272
1360362897520623624
1359622958159982596
1365963745109884929
1365941238361432066
1365934901544026112
1359501525480050690
1359889593345208321
1365789169293877252
1356899609432514564
1365386594430107649
1359544441430802438
1356945211751030790
1359587931191713799
1359463512641257473
1358806757242523654
1365429353128034307
1359929397793468417
1359479136293650432
1359628255825977345
1366011229211353092
1365342681052905473
1359786126660222977
1359583051492315138
1360676195067695105
1356646864288899079
1357093417323528194
1359451772935426049
1356934622056218627
1365398282873278469
1365215010083979266
1356678987825762307
1366149693189816321
1365232904473870336
1360258144446873607
1366075981082079232
1356655207787204617
1366153412706975750
1364910062293184512
1360852285123948546
1356935376045281280
1359581250852380678
1359461881698779138
1356677463594663936
1356976137348472833
1366158154837426176
1359540989527019521
1366087613912932352
1365216016352092163
1359454388260134916
1363395583831121921
1357268470287765505
1359456236228534274
1359581711999377414
1366090179149258756
1357276628804632576
1356764449563160576
1356657569704660996
1365956565250035713
1366103836587401217
1365276843415375875
1356662575853887497
1359468309201190912
1357068945287753730
1365952803508740099
1356679022294482944
1360923200532717574
1357022680147513349
1361327653043724294
1366079277729521666
1365059953422123010
1365334929626853381
1365235653160677379
1364227985205649414
1356925094870855684
1365762154826248196
1356954797551812610
1356898993930969091
1365968582375583747
1366031543794356226
1366156328998215688
1365753918848978945
1359477406197813250
1365376152223834120
1366102394891866112
1359448741745418242
1365353114560249861
1366147121850814464
1359627301370101761
1365237512407515136
1365962261223907328
1359502339447652357
1365780396953268231
1359522307933413380
1365344562110205954
1359510710481547268
1365271944095010818
1356923972307320838
1359791062093615107
1365425918731255812
1365246544358895616
1365951945425485826
1359619774490304516
1365399149563293696
1365214962264776710
1366146680538738695
1366111213525024778
1365215638038458369
1359563047766003718
1357104307074695170
1357258688256483330
1359477915826667523
1357009558712037386
1359966761114886144
1366091788138799117
1356900399266029568
1359502509539282944
1358084443550994433
1366132648909955074
1359818643970936833
1359450120056619009
1356980035589206018
1359464528459792388
1359622481615675398
1359496259334209537
1356930629506650114
1359599397986795523
1359506935654076417
1366084567799635968
1365969346527457283
1365381579665727489
1365235640703594497
1365285155024306177
1359463118938779648
1366093102402928643
1365491558288678912
1357001788382142467
1356901323153829889
1363938425775210503
1356686470480879617
1365777092386906116
1356767450759626752
1356753039714058241
1364535868627832840
1364912931629064192
1359562410097586179
1365382096370479109
1365260308395270146
1356671520714723328
1365937474128777216
1366118660390199300
1359467704856555520
1365219919944683520
1359790240014155776
1365788249181020160
1359483061130436610
1359495962922745862
1359569325246537731
1365767989623160836
1365232418316288002
1365647208486436865
1359642966172839939
1356934598115143680
1366090943586312195
1365245573956313088
1364136887892520960
1359272661457776646
1366110471447805954
1356925162826907648
1365358862975516675
1366113003867955200
1364636292542312454
1359611600248983552
1365327655743152133
1365389777479024643
1356842975683354624
1365265810772664324
1359625621354254337
1365297072296067072
1364229444915888129
1357017074166554624
1364534069707571200
1365657628731465734
1365259449984835584
1359521896514146305
1359451075917602816
1365418066100817921
1366118008062631936
1366088168341188610
1366125602420518914
1359298095079694336
1359816855796523009
1359559243821682690
1359465642622144515
1365415556686430209
1365434015176654852
1365424985637011461
1365269200596590598
1364187399799070721
1365215208277483526
1365329248748244995
1365292393201819653
1366119267570221067
1365341830062239750
1366126290013683716
1356653719312564225
1358756497736552448
1365222635265744896
1360272977036738567
1366084760955674626
1365337577742602241
1360485235092295680
1364542665744916480
1359929717806268418
1366123337244684296
1365263878544896006
1359455892954038273
1365753910678454273
1365313136996343808
1365771253668335618
1356895267681955840
1365283062255386630
1365233589512790017
1359659889476456450
1359465799484928001
1366155393391591424
1365958967839641601
1364318830869291010
1366086072309055488
1357103589311848450
1365412735496974337
1356648334853890056
1359459684378435587
1356331987099938826
1365299250268147714
1365450209447321604
1365243457489559552
1366165414590447624
1365229859702788098
1366166170429186048
1359481904240746500
1365219904123731980
1359407843959595008
1365315286044393474
1365252199308267522
1361547363043729408
1365215144872148996
1356920186906025991
1365802430902976515
1365219475574951938
1359769370558402560
1364119982607589377
1366092587480870914
1366145807930580992
1359902700947845134
1359475152497631239
1356901552615804933
1366124316048392203
1365215611274559488
1365597645163667458
1359583668247941122
1359546826911801347
1366077143692812291
1360867154548113408
1365268384825417729
1359600650200494081
1359494900329426946
1365270638039031811
1356292597975810050
1365414394541318148
1356280213496340490
1360614997433409543
1366142820168392709
1366078362247192585
1365273817191481348
1359455904983355399
1365283707221901312
1365418913220157441
1359482437584244736
1365962116566573056
1365704324630863873
1365420489775185921
1365221057502846977
1365957861659062274
1359528334372331524
1356967562102341634
1366117951053660165
1356921927743471616
1365396025926709252
1365240543517802497
1359464455902478339
1356917010588971015
1357016590533988353
1365955773747101706
1365760677521088517
1366115784695635971
1359590173777002507
1365215956788731906
1364637810741944321
1365986587390148614
1365831232307798019
1365233045364686849
1356903745574088705
1365225583404277760
1365349111159996425
1363624370007117827
1365295562409586692
1366096477412597760
1359904151271047171
1356693189525200896
1365322919560290304
1359736625899667458
1365342549150486528
1360152797572956161
1365317361138601991
1357292154918473729
1359934122324590593
1365959018758479873
1365233709557952512
1357308155986911233
1356650615087202310
1366112415587438597
1359458524410089472
1366067030890336261
1365293442226618369
1364174480034119681
1365224165968654336
1365216410595696640
1365375756365398017
1359495973765074946
1356983225239937024
1366112789736157185
1356819401094410241
1365308410162540544
1360479866379005953
1359560269668773890
1365237513942614016
1356725399389155331
1356930110927097858
1359572568995463168
1366166266466156545
1365217549420527616
1356078672139210753
1366144456823570436
1362313954106703873
1359446151825612800
1359596325831118848
1365285047880871945
1365239709555916800
1365395365013426179
1364327107048992768
1359287095571992579
1359187135111311362
1359622706442960897
1366075597504606212
1356838032133996551
1365811657923063808
1359558670615515138
1359554273336508417
1365420390630236165
1362273999158472705
1359924306566905861
1356668604465504262
1365225284467904515
1359897804479623171
1362336690673750021
1365281136449114116
1359547015949074435
1359500421405044738
1366127654903177219
1365228803434434563
1365642693083332609
1365239784478769156
1359457014678769664
1359470326489313282
1366094510300803074
1365722462256848896
1359685426450169856
1366076084329074689
1364477103153020929
1365331558798929921
1366001041477672960
1365327385713852417
1359575366210367489
1358907366985457666
1365986739781840903
1366089849720160257
1366079085189988355
1365262074423762945
1364369848751562758
1365303644447535104
1359636784804691970
1356029947400355843
1365436954049978370
1356661933882167297
1366069386440810496
1365419352229613571
1365215239357218818
1365225483554717696
1365233844803239936
1359622850026610696
1359992776121872389
1359983027791802373
1356526844405837827
1359456899503190019
1359480646394142727
1358421107662086145
1359596056942702596
1359273166061916162
1365758965376761866
1363794184998707200
1365525154097483776
1359449707798548481
1359805004639588354
1363974740881334272
1366099710507941890
1365240656877260804
1365378063693971463
1365227804405739520
1359592545454596098
1363441767857737732
1365241832075108354
1365296338980732928
1365267201041829888
1359455901816680449
1359820928176320513
1357038063898271745
1365982156619718658
1365306000622968834
1366013230351605761
1365271700024221696
1365266036451389441
