1458828869671264257
1458624322340368386
1458443416623370247
1457978950794235907
1463185423220551680
1458823513486368771
1458692868693020672
1463071075944837122
1458420535885451267
1458416692242046976
1463138515206774790
1459683573917790208
1463157690117636096
1458802452560596994
1458757463109476353
1458552131380826119
1463132520908824578
1458921001316724750
1459805256615968772
1459711360699359233
1457875947517009929
1458064994185191434
1458398581119983618
1457825863660093442
1458555977884700677
1458406326518812672
1458766851715084290
1457841179605803010
1458802478972030984
1458797659695816706
1457845239973097472
1461730311151276032
1463966852854554625
1458746571340791815
1460312763289505796
1457967280147640321
1457708977052164102
1455485106404175872
1458804109256142858
1457717525555384320
1457715074597113862
1459071056451227648
1458144744027168775
1458042806967099393
1458942479881936903
1458713352339865601
1459637072122286087
1458479138113835015
1459547406253572097
1463323799340957704
1459852303264067590
1463492870179065860
1458811376445661185
1458762156036526085
1457718323857219585
1458555340757340161
1458960235767472133
1459624973581139978
1457731834242953221
1463278732186165248
1457678990278332418
1458413768703201284
1458089223089688582
1461432003606286338
1457686756015448068
1458724049710952448
1457611177392066562
1458475062881923077
1458460553958072324
1459565908557545483
1458402379813081092
1457825936330608644
1458568826904252421
1461655536894685188
1460486367448870915
1458440658939699200
1457812063485677572
1457951068047003649
1457816296532451343
1458857559855611910
1457401161233965061
1458561967954841604
1457768576392310787
1465720420913586176
1458696328494690304
1458530338460905477
1459095599047974917
1458411959548796929
1457852891541250049
1458386853128773633
1458428969678745600
1458859202055741440
1458050145396920323
1463180074778300419
1463299845209444355
1459712693804359680
1457825350591946752
1458832349303644163
1458769933194649600
1458403392561238016
1458111202769395713
1457815811763150851
1458377382474223617
1462058437114802184
1458466941002256392
1458716886330449922
1458768150229667845
1458819747823427585
1458432971539685376
1457451315076997126
1457713086358511617
1459658554885947397
1458873548701896704
1458143782600380417
1458458328519041037
1457627880213602306
1458453024037289987
1458797731779129348
1463325898489446401
1458819123354476544
1458590847235203073
1459852519765598211
1459165862091497477
1458851530157834246
1463271589726896137
1457443031263678465
1458898645269590021
1458951752942862345
1458800418402807821
1458408936248315908
1457721951590420485
1463163886753001497
1463320965513977859
1458436058761383946
1458426091270557700
1458015343696285704
1458920422846738439
1464246347201142784
1457681282629054468
1458795875808038915
1458852378074038273
1458777011636289542
1465035741717741576
1458868699927035904
1458881787875278857
1458810982344671244
1458420889121431559
1458779266754166789
1458375352561152003
1458017992948715522
1458904094043779076
1463529823247216644
1457815274779029507
1458711416672854018
1458467919327907845
1457678556335591425
1458379343827197954
1458046004494807046
1460293573409226764
1459334839904186368
1458420842216501255
1460374758407745536
1459578159054082048
1457820480711188482
1457629483448537095
1458808140926005249
1458745319139774466
1463172297418752006
1458413278347005953
1458761809981231106
1463131938798120962
1457803352692068360
1459821579538505730
1458711828289232896
1458399488889008139
1458744710068068356
1458893295032090634
1457988692237291522
1457647234019958792
1456869006024060933
1457895526184230912
1458403290631315458
1458031361646858243
1463131111379324930
1458853563447365632
1459799415376461828
1457867582091010052
1457604597682475009
1458443098518925314
1457493865599053825
1457098731057303554
1457719792346013697
1458896750119370752
1459559849956675590
1458218949024358401
1458888673781587985
1457747923970764803
1458971094501801986
1458444078442549257
1458903371776200713
1463550463257817093
1458487228729004035
1457687275731566598
1461379704414474242
1457977680448655364
1463181536677748743
1459038358139723809
1459293352579448837
1457108904618479616
1457817547169017874
1458711349262012420
1458500067271319553
1459550144676966402
1458942036174905352
1458442798672252934
1458369196455350272
1458896347898294281
1457668614350413828
1463190652951445508
1457677550809976832
1458872807174066180
1458537769182109700
1458824824143466503
1458880530489954304
1457679354759155714
1463189621651693576
1463367947578187777
1461607042695712769
1458041008449626117
1457716412231913479
1458540367050158081
1457738471775350786
1463622662488563713
1458910772860538886
1458812179440881664
1458767646091055108
1458473994487836677
1458402302918807555
1458821634685612035
1457954466251087872
1458079071884218376
1457807680593178627
1457695107247968263
1458580927068712963
1458711649318285313
1463211429830578178
1459888668261457921
1458796133308895237
1458167776707760133
1457653720003616770
1463937213335494660
1458555706412568579
1457822965677109254
1458560601538584577
1458747232275083264
1457743286446211076
1458826099270598661
1459569563243360261
1458768423731798024
1457633774833897474
1463494433454833665
1458864085618077699
1462196284492759044
1457635224414732291
1457837342165716997
1456375733031522308
1458865745589325832
1459587834109693955
1458192438384807940
1458796810672263168
1463175572595654659
1458788012989501447
1457794537133207562
1458821728453472277
1458872738014236672
1459054482281619456
1457738036276510727
1458368089473622019
1457766714893013000
1457811261660581889
1457278867459252228
1459652450202312705
1459798645461729280
1458770025427390470
1463363322116517888
1458926150131105794
1457406684842844162
1457753303287279616
1463146482203250693
1457809181247934475
1457815033442971650
1458929098504511491
1457781866128310272
1463324927138967553
1458894988130111489
1458794956076769284
1457723165799587851
1463145728818257926
1458800181772795906
1458516064795566091
1457887297299488769
1458110854948397062
1457977600702300160
1458919333141352449
1457689285319172101
1459049030181347336
1458944923856777223
1458057283422801929
1463209559330336773
1463490043079712774
1458382869991239680
1458556128221188097
1457600661617618945
1457768925874229249
1458785364823445517
1457684562906161155
1458713451761704961
1458914445191753754
1457769166987988992
1457646706917576714
1463515473572683787
1457681273397420033
1457630005186514944
1459139131381100548
1458413628412006405
1458375761535062018
1458657016315101190
1458829790899752965
1458443268618964997
1458433431919079428
1458560798708617228
1457814712033464327
1458816625457647619
1463182681374707714
1457801231057907722
1458453469245984770
1458893926526500864
1458804263254122509
1458044478636412931
1458802115011399683
1458484402778951680
1458718813445410817
1458839193308700675
1457771992573112326
1457785868148563969
1459541954765729796
1457979941925101570
1465661414685749250
1457729869320704004
1457747361762005002
1458804560374505480
1458386300369883137
1457739315740659718
1458518134420344837
1458023950961856517
1458445990462173184
1458810930083602436
1457683776780345349
1458058608076328971
1457597389183803393
1463151346899722244
1463789288680742912
1457790608521658373
1458796681349275651
1459863264649691147
1457713950955642885
1458810023769886730
1457807272571244555
1458375567020118019
1459125275296423938
1459630098672324609
1463261195855699969
1457658705319763972
1457647056655458309
1458820862119972864
1458374655316799489
1463506342841311235
1458823111021838338
1458560110574415874
1458456335528439811
1458392078413598724
1458155799075753988
1458008540921147392
1458401037308637186
1458844152519659523
1463133674598195206
1458804170530693136
1458712728483381248
1458697977518776322
1458494142338715665
1458525445289357321
1459288019551330317
1458897834661531649
1463159785923170312
1458433052938473477
1458585857305239552
1457843199700094982
1458464640363597827
1463141617209155597
1458827190766903300
1463520533081960450
1458780098853847045
1458572795986776076
1458534959094845444
1457628133255958529
1458646151901716486
1460376292415741955
1458464790389698572
1457662598309089282
1457450853623812103
1459600981067452420
1463252322797211654
1458115807507058692
1463171115409453060
1463150358621007876
1459660233802985479
1457730692612247564
1457961179968647168
1458913940793176070
1457443368645144582
1459060407314878465
1457638718064496641
1459838686300942339
1458568268189478914
1458542360770527241
1463138247383658501
1458770230122004483
1458567275804516353
1458372292141096962
1458026758633136136
1457658038903508997
1458805141755289600
1458760069244506122
1458525321318256642
1458496455858077698
1457829874329128966
1458922650554843146
1457679590210609157
1457825185088917508
1456971882352320512
1459895643217047555
1463296011808481282
1456026437727801349
1458092178358644745
1458037365579079680
1458888661446049811
1458799925299400704
1458524360386523136
1458443112272039943
1458436619325820939
1465357984050126857
1459065895205191697
1458022336884580363
1455288300747493376
1458044427922984963
1459675034025439233
1465360011220164619
1458815869887385606
1457724528726056960
1457654473023754244
1457821320725635072
1459694146525048835
1457684526751174660
1457650519250440193
1459076344915148831
1458775187176972292
1458772656480612352
1458845743867904010
1461739132410114052
1458368272395558919
1458779104266838021
1457879990687739905
1458421557093670914
1458518261117636608
1458803747757428743
1458031616157159425
1458471714023743513
1458832635711664128
1457737711448698881
1457786659248893960
1458112033073815565
1458796388536524810
1457619983635210240
1457656769380065284
1457592791991738368
1459830316529508353
1457597151824031747
1457618757505912833
1458456723572854787
1463134249461104644
1459110500231430159
1464506645703278593
1458021019751489537
1458799597929873411
1458011301960110082
1458406834826579969
1457727035401515013
1463126944719986694
1459115870739963904
1463591662911995912
1458846168063135747
1457832764364009473
1457816747323559944
1458340581441167360
1459590611179294724
1458937580704223232
1458382095559000068
1458029281616048135
1459040066320359424
1457733800780308488
1458377077976190976
1457812047283068935
1458432160071884810
1460375723307376653
1458878125123768335
1465684041135448064
1458163220112416776
1457816964777271296
1457666812015955973
1457813245637668871
1463158700122808327
1457628665089507331
1460297175271972869
1463178438244712453
1458824697219534851
1458601592857546753
1458118767632912384
1457844468875411459
1458690753841057795
1459529833831096320
1458460818534768642
1458549331087265793
1459082701676421123
1460026036859592708
1457853308614369285
1459109825925763076
1458855402490286094
1458898437726953477
1463498840888299523
1458829258281959432
1463132058499403778
1458879137242918912
1458536742663987200
1464247665328275477
1457783715849916422
1463589469878161412
1457814497960382468
1459934538168164354
1458489960512827392
1458971402703409154
1458899971852455936
1458753694044876803
1457849980861960201
1457829120457515010
1458046876951924741
1458960572641382401
1458844207595065355
1457818033083256833
1457803894914830336
1458795241197256708
1458551535701577733
1465634409042919425
1458865675611561990
1458461688697589762
1457823837157003265
1457641314871353350
1458604134559539203
1458585262561316867
1465633965704990724
1457662613182111745
1463129548074192897
1458796483105464320
1458139942329061379
1457717394261086208
1458366830494371842
1458438547720089605
1460033139389124609
1458375233593921537
1458019888618999811
1457614436957630468
1458882716590649344
1458850481401470990
1459653012360765443
1465784676228947977
1463229164052529158
1457757187506331657
1458960273230938114
1458377089195855873
1458861673029292042
1458026445444460546
1457680415427285000
1458799224733196297
1459353224931168262
1459098443289403401
1458794859096154112
1458556969980252167
1458795508378611715
1458401550393610240
1457674681687887874
1461377317884805122
1458492144822497283
1457750073010442246
1458423962296324105
1458793569431523331
1458382968762863616
1458825339677798401
1458757047823089664
1458374298356310019
1459543252990935040
1458794507118465032
1458080021021700103
1457773922049347595
1458919976253992961
1458894341716520970
1459545765962002439
1458537999600394252
1457599294358360066
1463196976825180165
1458037005217042442
1458911969394794497
1458838426850058240
1459901226469015552
1457783792978968581
1458806741773258755
1463166563855609864
1458698749056856064
1458961756659802116
1458667268406222858
1458437106624307211
1465673063123542027
1458857939838590976
1458091481462345742
1456980098033328134
1459639107462836224
1457967720293613574
1458572816262049794
1458547106843668486
1458809817062064132
1457949096434704392
1458883806249771010
1458784624612724736
1458712762905993216
1458802837476065286
1457716400517173248
1458544595713892352
1458943024701095945
1458580339786457088
1458780785968926730
1459050950983929857
1457640358280638464
1459063142051418114
1457945014076645381
1457678832929067009
1457396172818108422
1459100737745608704
1458723339388788742
1459377602557267969
1458391317411684354
1458806936141508608
1457837581899636738
1459080041334296576
1463133517630611466
1458722920881082369
1463157828084973586
1458543904211546112
1457403336102133777
1458713489841737728
1458799257738264584
1465645460505468933
1458926046607196165
1458842287119773706
1463180111658860554
1457741728346255369
1458511996626866178
1457750603132719109
1463126267272835075
1459799656209293321
1457641506643357696
1458989371403685903
1459004018311766021
1458761227753205763
1458479342720258049
1464127291630526464
1458754916940492800
1457122834141044737
1458382652608811008
1458452642976370692
1458875443885613056
1458815381926203395
1458768691634581506
1462401769535856640
1462747930855673865
1458662112746741766
1457661208534949888
1458731174776512517
1458899670147739667
1457987475650105346
1459673641210335232
1458827781752643584
1458449499005890569
1458789337294950400
1463500342402953222
1458700024041324545
1458377534505164801
1457596246542127104
1463136630764617729
1458832149998706688
1458822248878551050
1458484858985095168
1457676561147174912
1457590485053329410
1463552120997744642
1457984793233313793
1457789524138811401
1458439381191168004
1458411560536354820
1458804567169241092
1463181874055028738
1460012433460891651
1459839578500702209
1458708125532528644
1458865102258647049
1458024760739307520
1459599416420151299
1458771199425720327
1457812868427141122
1458505395924840453
1458457362923196422
1457440968299458562
1459451965797285891
1457997780081954819
1457587732046389252
1457650283698434053
1459003225294745601
1458408532831870980
1458865899256090630
1457732834991484934
1457453035689369601
1459770889860435973
1458666950796750849
1463196549085900812
1458882009271611397
1463512772478586886
1458874163402317829
1458748732518944768
1458810266565627905
1458699512487288834
1459178700822437890
1458839864170926086
1457649603357126660
1457654879527260161
1458887349186686978
1458415090445729799
1458795352262385666
1463134044774875142
1458441937359446016
1458492418005864451
1458428483944734728
1458808047099420672
1458433988993994757
1463205654630473730
1458216504596512777
1457623022328811522
1458526780164349955
1458445063642656776
1459122802708070409
1465813423233638404
1457827678887849984
1458797003098542089
1463157410785374218
1458897268560510980
1457741987902275584
1458526693598109712
1457811377079209986
1457723526459314178
1463927071516897285
1458067546721210377
1457939051244359680
1458858767454507009
1457723430783049730
1458678541214789636
1458571104595886083
1459858154020290562
1458410465961381888
1463263292814733319
1458902894074335249
1458558213712977925
1458657474186297349
1457835406372876296
1458756205350998024
1458796625187508226
1461612179644370945
1457809957601091599
1457589928976605191
1458814624766300162
1458798722289180683
1458769166450765825
1458031217102757889
1458839663972655104
1458646991789985799
1458894651994345472
1457640405621673984
1458867514453155840
1458896080230404099
1457747640100311047
1458691813368209408
1458429556352823297
1458823448826978304
1458752651907276803
1457599516513873921
1457596374313230341
1458997410705940484
1465799097869389834
1457875633766346752
1457761969855938562
1458410922112847874
1457859413163888641
1458801145594490894
1460233910755942407
1456918044782080007
1457649955632521219
1458760777977024515
1459286110727815172
1457594293904883716
1458863006780116994
1458511194604675083
1458773224557318153
1458854852063338499
1463251372615376907
1458905239881494544
1458739208198275078
1457733696405053440
1460568615225282566
1457659789933166594
1456384078131908608
1457849302001332226
1458403752101228552
1458404604916420612
1463503124207972359
1457943847883972608
1456386606185734156
1459557175643287558
1458912299796762627
1458442983288844294
1458826692001214471
1457832161550143492
1458427356805226501
1461432596789792769
1458685754251649027
1458542547702272006
1458840006521462788
1457758084227551234
1457398513076248578
1458840521225420808
1463600439732092929
1459546665392746496
1457621371438182404
1458515347397660677
1458752059830902784
1457841973054918664
1457600623285788674
1462059572122824708
1458471830713425925
1458823106060070922
1456759884742074374
1458864099887136778
1457590238461710340
1460600905406070784
1463929151145099265
1457689467406454791
1458041137084633091
1458461510297063427
1458943132255625221
1457850031692828681
1458580889429061633
1463177605008527365
1458927493977710597
1463297952630329344
1457654166294249472
1457747771247796227
1458794813625708556
1458371532275736578
1458769090793943052
1458367471669350403
1458937381701177344
1457774436942180359
1458986125196939275
1463195024947040267
1458762406260363266
1458541573986267139
1459130212923359268
1459096070609379335
1457823427654467589
1458019374753800197
1458891185272020996
1458480637233483780
1459122146026917889
1459862204543639552
1459553148838809607
1458772673266434049
1462750902109024256
1457954749186252802
1457851666850590727
1457631518591959049
1458805058427146240
1457818055044644864
1458820840573874178
1458025173706285059
1458795486064828421
1457718161269301250
1457778907805995010
1458711075608797187
1458919875850776584
1458043174849482753
1458898428763820038
1458876931714260995
1463251258953940992
1457732279632076801
1458934201495994376
1457621994963415043
1458404265521827840
1458545006499844101
1458737677604380673
1458717156875681798
1457741180175781888
1460379578111823876
1458703430667706369
1458843058498330632
1457987599050674176
1458445028838322185
1457608210362286081
1458822317631541256
1463728004836868101
1458787360590675971
1463140912930906118
1458807376405045252
1458425382596759559
1458877965555666949
1458857457296490502
1457663482481061890
1458374548055904257
1458506482387927041
1458732350951591936
1458832156604743682
1458214649653088258
1461763858968858635
1464239384627187720
1458774736419397635
1458772301307125763
1458710829025611782
1457594427199873025
1457812087166619652
1459905147933540354
1458931266074599427
1459542881996357635
1457613870785310720
1457602118609784833
1457730008970145792
1458780865597775873
1459238406307860487
1465757577552310297
1457589840543981568
1459095273775501314
1458826961086734342
1463345137019412480
1458808342105702415
1458928595301195781
1457592885487050755
1458803079776808973
1457992514128990209
1457390880923561989
1459814376513622016
1458118731716972546
1457970172107571200
1458447098135912458
1461422303711940612
1463273467978125319
1455622855278858247
1458881387784777729
1459543509887815681
1457609236301635586
1458040406248239105
1463150151413940232
1458808393112735751
1458819034728878087
1458794317213016067
1458828768160714752
1457656653294231553
1456766371262570501
1458907121798557702
1465806342241853444
1459541814365630471
1463205248764370945
1458394206112727041
1463137479062695953
1457947611302932481
1458421492081963016
1458932823545499654
1457587103227944962
1459848650268594181
1458713350150541312
1458559474617229316
1458707576544235525
1463267964422180866
1458416981821034496
1457648593851068416
1458605274374234112
1458825809834217479
1458711213857288193
1455874232555016192
1458109025422282752
1458794584025227268
1461563038839062528
1459067897058410504
1458793824935981059
1458773916726538243
1458705007440715778
1458405440556048384
1457811360415457283
1458447654019608577
1457708791546396677
1458826087035772934
1457715644984659974
1459712154764992518
1463214752054886404
1458454221850910723
1458806492136673280
1458862687870402560
1458217712690282499
1465628546341212162
1457824402641412106
1459769672384094208
1464123180931559461
1458457129090629634
1458986391459794944
1459144127480803335
1458088233615699969
1457727606254669826
1458401119617658887
1459055137100644356
1457658981200060418
1458815928712540165
1457842605195251720
1458146070354186248
1458892392829009930
1457730240302694402
1463126966454870018
1459831116806991873
1458751928935010309
1463126290433822724
1458838806262697990
1458819784347463687
1459677879458017288
1458027091203661824
1458002060515946496
1458811470154768384
1459559117358616591
1458824855391019011
1463966716317380609
1459047906372116498
1458201691598303236
1457750475655335942
1458564822304448516
1457780754402865157
1458379304971210754
1458678292249300995
1458566365477019652
1458443989179408393
1458420736863973376
1457987843524071427
1459660506252333060
1458851001369305089
1458780745674199040
1458381280198934531
1458751122638876676
1458688680823042050
1457999946683232259
1458753972462833666
1463136763774488583
1458412992446582786
1458547607102500867
1457835472328302597
1458811507614040066
1458842249542971398
1458455975267082247
1458492496032505873
1458760766287405057
1458919067843284994
1457714485641322496
1458542220269826057
1458396745466064898
1457491514116952065
1458026140782759939
1458836921615011842
1461065942771847173
1458720969720315910
1459131603112845313
1458824597030252546
1458820555403149316
1458043870005141510
1463177014781820931
1457682881267044353
1455234992192294915
1457478563112837122
1463165240884011035
1458911478409580551
1459093566089793539
1457724810990137346
1458423730724655108
1463267140774117380
1458901360922005514
1457666871080243203
1458806571962675201
1458845129809268746
1459030579853287452
1458857011752452098
1458838554893815810
1458461987843854336
1459582917169098755
1459572758631886849
1458928164474961920
1457685840717619210
1457644688329031683
1464214933172899845
1458867241290809348
1460023044596977672
1458853999273299974
1458024780855140360
1456942448945639430
1458915528903385095
1458793763032252421
1459606744510963712
1458441789749215235
1458793714193739776
1459741018140688387
1458921740780847113
1459060024827912193
1458918920287625230
1457666814230544387
1458830985999663105
1458767460543475714
1458556867102269446
1463931555206864896
1459061667808038913
1458405494167687170
1458528320015015937
1460023380925636610
1459136386750193666
1457699869158690826
1459669001601179648
1459044589982081044
1458754920836997122
1458720983129468932
1460900527114440706
1458074266277228547
1459017284165513265
1458033643826339848
1458965047238180875
1458856483999916037
1458627654236749825
1459816023016751106
1458796832394514438
1465757109300207616
1458933376195379200
1458837617768898568
1457444921951072257
1457716170329575424
1463506627647229954
1458777448665997320
1457724913024897030
1457442501854437377
1456351282957103115
1458695799274151936
1456912544644358149
1458794460926689287
1458461511207333894
1459036029982236685
1463272211750522882
1463678609021878275
1459273659638558723
1458719072905015298
1457623703546695682
1458412593136156677
1458401285644996610
1459578692980686849
1458657872355770372
1458568881379889152
1458377876928147456
1458525594623295489
1457677235318571014
1458915833057579010
1458494075770974212
1458367278672666626
1463955365972922374
1458519887047974916
1458474678926909440
1458410145965293572
1463327200611028993
1458824448577097733
1463479477393047554
1458542259071328257
1457799193368543234
1458880351993049093
1463605381070995462
1458918710215946245
1458469192458506240
1457996618159042560
1457877257003876356
1459058530384818178
1465771423855697921
1458860824831971335
1458799799449395204
1457789316084617217
1463493740044115977
1458025285824176128
1458879503388884992
1458836330906107906
1458710585693065218
1459598668760334337
1458875813970038795
1458429048510730242
1457778928064466946
1458402067450679303
1459220515990687751
1458653354352160769
1458900571260342272
1458391447015669761
1457963476081577986
1458931115113291783
1459907114449702922
1458916726935105544
1458588438811324417
1458179749621243906
1458566491679375368
1458218743453061120
1458803135145644035
1458805015905198082
1458813235071647751
1457946318974996482
1458884377518161927
1459791572279742464
1458792592699760650
1463244605219028994
1463133417659416586
1458826548753145861
1458196345517449218
1458654041760751622
1458794004057935872
1459759335953809410
1458547579181019148
1458390059284058113
1458022952520273921
1457966578398638082
1463497292992950283
1458794685787475968
1458377644584669185
1457889533094150146
1459639209908748293
1458899314563026954
1458782477296836617
1458657119952064516
1457885898989781000
1457759001983193088
1458375321460297731
1458448814831030276
1458421758176993283
1458086129874489360
1459823589222408194
1457815551238094861
1458829428398739459
1457772000315772931
1458768239408951299
1458453083764269065
1458085752114491394
1463586054091460608
1463134988795355137
1458669408159776770
1457778862079680516
1458834589795954690
1456227538871767041
1455626174944751616
1458408589048045570
1457817107748503554
1462099107829501961
1458420162013454342
1457408125212975108
1457605353663868929
1458378227966222336
1458825050241572876
1463492605484879874
1458767955542560769
1458462087626334208
1459233158835146752
1459630867949707265
1457671255063212033
1463511899308445703
1465754434051481612
1459567666574811136
1458711862485397504
1458824176442220550
1457711561229881350
1459603546819772422
1459206139942514695
1458408962995408903
1457730245725986821
1463206437161689096
1458671941389152258
1458423905333530624
1459557876406620166
1458643968909062144
1458478472788066308
1457984212531884035
1457823632814641160
1457676047797964802
1458034194798493697
1457780892198268943
1458523893333958660
1458413013254422531
1458821171785392132
1459573524281057286
1457818372624822272
1458749999328681985
1458568767634645002
1458412369902768137
1458563342050762755
1457742908812058625
1458552778142388228
1459153112510382084
1459555103984214018
1458673976121692161
1458439001661181956
1458417689626615814
1458405477113532428
1458796655361380362
1458401386824093696
1463155014520741890
1457679695927984128
1458594901625614338
1458896939249025024
1459616892793073665
1458772288376119307
1459559423446335488
1458723220052402179
1457725155606769667
1459794090653069313
1457721087266021379
1458413636595109888
1461108779412504579
1459612045440126979
1458717619503173632
1458905983925772297
1457734841089282053
1459006042000535560
1458723265220808707
1458379819570315272
1457450877426573314
1458815743819194369
1458803608095444995
1458402393482268673
1458454969493999618
1457780685901484032
1458376651763560448
1459938330691440641
1457685495799029761
1459708502100914178
1458862906779521026
1464923901939662854
1458838341508648966
1457977721263431687
1458377503475634178
1457779958181351425
1459119712231698432
1458865214829572099
1457837398918934529
1458938917659496448
1458386534965600258
1457848256944300032
1457654284154286082
1458893123694862344
1465638444303097860
1458720033601949700
1458084306677551104
1459157383083700230
1458885282980323328
1458869612716691466
1458704941611208705
1458869314715537410
1458413300048400396
1458368847896096774
1465751970543718418
1458543972343812099
1458873448017629185
1463182077948579854
1457779259695452160
1459574852973740035
1457926783597228033
1463134156565659659
1458571983441043464
1458814353004765191
1458563923096047618
1457602269717975043
1459595507878268930
1458547971226836997
1457938924358316036
1463180368509640709
1463134532249530380
1461071980241772546
1458887769258926090
1457637524722049030
1459607425384951818
1458768863747784708
1458020112221577222
1458461195040591879
1459092196746010641
1458936008494489606
1458427371636277249
1463145960238981122
1458811041949917189
1458807778559070211
1458041553033777156
1458529992288215050
1458484976161284096
1457762829470162951
1458918272859090944
1458724423482191874
1458456594178613248
1457396415525687296
1458077911311962119
1457625726451130370
1458481683162808320
1463416771122286593
1458804127270674440
1457700784850837509
1458795015099068424
1458857159513583625
1458394570916499464
1457728488581091335
1458806857280245762
1458823347622625286
1463156992378351616
1463183512174051328
1457735346561691652
1458573576504844289
1458771953410613255
1457859943495835648
1463234668812279815
1458441174868443137
1457883946704850946
1458920331691929608
1463258653696442369
1459576337564377095
1458918638329729035
1463517919351132162
1457974204368818177
1459584539135721478
1458417042441256961
1458849467181019137
1461383996332552192
1457649080818094084
1458921892556021763
1458686816358445062
1458431592096018434
1457715869941964803
1457770871720796169
1458486531719634949
1458791126467584005
1458774866723840002
1459271623794733065
1458594634549141508
1459105238057689130
1458891564516790275
1458756855749136385
1458035046158323714
1458847957957099526
1458687898191073284
1457780438282358794
1457853997478449155
1463166564916776982
1457825424608796685
1458659956081762306
1458074220005572618
1458374300982038528
1458097572007006213
1457835760900521985
1458794635346776073
1459073089145389073
1458821538120187910
1458780559296114701
1458874543607627778
1458011761043558400
1463135463410225156
1458574596802756609
1457716905758838791
1457647182899814401
1458476000904466437
1458818875383025666
1459620031000629251
1458829409646002179
1458818672294875143
1462872936629559301
1459063040159236121
1458779714437398533
1458822253878067201
1457874529037033478
1459544560481284106
1458147201931227174
1458875222673735681
1463496021330341889
1458915083585732608
1458595122954870788
1459077446733643776
1458025594772459522
1457820605584080897
1458475041205719048
1458529066085146629
1457651792825683974
1458044232111902731
1459565507212947468
1458463001124687872
1458838695252041731
1457813790402228224
1457854688989261828
1458885029807931396
1459567782778085382
1458868144550957064
1458908261680394240
1458768650459136000
1459084162795769859
1458783751631163401
1458367303993659392
1458801773133582337
1458418441615024131
1458868704788242438
1458557805288361987
1457622666748342276
1457620211000020998
1457643706312499202
1457668563062362112
1463174300970762248
1457685993553809413
1465767163965456388
1459092953079689218
1462503619824168960
1458898234127134727
1457731315889999873
1455414226814705664
1458667694119604224
1458555393106448390
1457388131850797057
1457806176675053572
1457813082042945542
1457482358991556614
1458612795738570755
1457819504688472071
1458539867453988864
1459141429155057671
1458575036617564160
1463270875394985990
1458791218003992576
1457803639318212610
1457672602516873222
1457763472880582658
1457465837540057088
1455108607767363588
1461392972344344581
1458853445398585349
1458756597308694528
1458564007175069701
1457671223698132992
1457591806993047555
1459561632519139330
1458794813030076422
1458198520884867073
1463928433889710089
1459031984987164673
1458714721645965314
1463928894269108228
1458646095416934401
1460411685232160770
1458691901872390145
1457811683578089475
1457806686627012616
1458369952335941635
1458374605803032581
1458408432734777345
1457866321736126470
1458084258321473539
1458906213501050888
1458757553584844804
1457716044966109197
1458861229544550404
1463186478394183698
1458909716327849985
1458065756550205445
1463925842204147713
1458373513895677957
1463210236634972160
1459623321876713477
1458821046161784837
1458409986518929409
1457830998192889858
1463185669082263554
1458726351633108994
1458924885938483207
1458565821207306243
1455563607723360263
1459858659643736077
1458470856804474880
1458797973735985158
1458823866592149506
1459810166078115846
1455672843216293890
1459795253205299201
1457748233292222464
1458770491456593924
1458454234970656774
1459186257444155396
1457962067886026755
1458022728527712260
1457996234224963588
1462774561351639042
1458793240430272512
1463182311177035778
1463127372534849543
1458564302059843587
1457754643610615813
1458373857216172034
1457988943090274305
1458842642108801028
1458537703813926914
1457636174474977286
1459057712663347203
1459115551771484160
1458475161271820295
1459566232047341569
1463126778277515264
1463111431969255429
1457735819901521920
1458028362333626372
1463998378489135116
1458406554923847684
1457990629691113472
1458824917131177989
1458820337605517317
1458430575375699979
1458942426408701952
1457641417841516546
1458832616862453770
1463133671033032705
1463128278978469897
1459540682847272966
1457767761007030275
1457700848700645381
1457637053580124162
1463498586348572672
1458869613354266630
1458533572034375691
1463141586221608963
1458960886526271491
1458043335030026243
1458834539145482250
1458763050945847296
1457708877458313222
1459833667686223873
1459807681791901702
1463182346254008332
1459084094478987268
1459082190990549012
1458800425537261571
1457620192918388736
1459564181196263431
1458783072124612617
1458746519297871877
1458400902876913667
1458383763348537346
1459012426901430273
1458084349417492488
1457757713421770760
1457728117104054274
1457680968655917066
1458626169088135174
1457958401032572928
1457830677118914568
1458808858269429768
1458655202916151298
1458372024074649600
1463156874451292164
1457714155813752835
1456979280651595782
1458475530899046403
1458695460458307586
1459074120021426179
1458906122442743808
1457874382337056768
1457640121528954884
1458083030392877061
1455915889803644935
1459654945611919361
1458037762205143041
1458784461210984449
1458778413313974272
1459565878178111489
1457765385114161162
1457834471428866051
1458411579939213318
1458749550236164099
1458793073480241156
1458433955783450627
1458416116372488199
1458456548355751940
1459749266797252609
1458775419344363524
1459603819323699218
1457636076357668865
1458775215970869252
1459557835457675266
1458429690042064899
1458050581365469189
1457836244700909573
1457752663815344136
1458909637609205769
1458810892716593155
1458860899981312003
1462831761101144077
1457760112777519107
1458781660384833539
1458201924348563460
1457991212523196422
1457863924016156672
1458469445563715592
1458657336894046210
1458461626059870208
1457716063077076999
1457653035442872320
1458795028122325004
1459191585674084353
1458913455684075522
1459023631439249408
1458059456412098560
1457972224233807872
1458803326804500486
1460334283793567747
1457678007980761091
1458401771651571716
1458805653682720776
1458737425732321283
1458516610751287297
1458805082208849923
1458721902277632003
1458555606382546957
1459561339827986444
1458683373271011331
1463181805188694025
1458814113744891915
1458974902187446272
1457837431319941125
1458503549936152577
1463981197017718788
1463413076708020228
1463145075156865027
1458367034962632713
1463264029129023489
1457701347269165061
1465776541485387787
1463160889704685591
1458791980188987393
1459920870479171597
1458745797726638085
1457730240227184640
1458659010794737664
1458765575543570435
1458029213345370113
1458874757143797763
1457715921116618752
1458820078208786436
1458751383021174788
1458389426242035712
1457973071709675520
1458405103367508008
1457789192440668174
1458823103388213261
1462386572154880004
1463159128864526355
1458777526571094021
1458698412673708040
1458884481734086668
1458760951163990017
1458560273648848898
1457628212020842498
1457681038273138692
1457656385269911552
1462754628924280833
1458394555640856586
1458805058083172363
1458427093100924928
1458458180338470921
1458472731436015617
1457628997261615106
1456310140991418376
1457826066106552327
1457604863353835520
1458754358875672576
1460360102691717120
1458767303269662724
1463139212463640580
1458420490540814345
1458645659603681283
1458484610275418112
1457810258508845062
1458932383928008707
1457722269103439875
1457640902684463106
1462076267424014339
1455457839938514944
1460290698771673109
1463220680674136071
1459574059554021376
1458439794460172297
1457746252943216641
1457591018820415490
1457628566775009282
1457655551492509700
1458419895624929280
1458033069739462656
1458409196995678208
1457812357409824771
1457600238726926336
1458036537598386179
1458772436816646146
1458696643612655616
1456682828062732293
1459579272234999811
1459136920936661029
1458446058644807686
1457811523716452352
1457750605724889090
1458910118515519492
1457466111281205251
1458919152857534465
1457942685017382917
1457619713853362176
1458761036887216129
1463127209867161602
1458812600922390542
1458798023237062664
1458530435609382916
1457718097301884929
1458829278741766153
1460224446212587526
1458814902672535557
1457964686616539136
1457590892064354305
1456911962592489478
1458872302368702467
1459562095364689922
1458834643252400128
1458816103094927371
1457739151609147406
1459587735086370817
1458548964190572544
1457893826777993216
1460231034155511811
1457731492755410947
1457857820263698438
1463249554627833864
1460375701643747338
1463609198508449795
1458018848679108611
1458924332860723202
1456282681600266247
1465673935857586178
1458440298732920836
1458485802481168388
1465768671096328195
1458860726123208706
1465824651829989379
1460551972461887488
1458416645412634626
1463227576801972237
1460892795254849536
1457620199650246658
1457586876156678149
1458079283881074690
1458804810963202058
1463461024611328001
1458023775530885123
1457613610029568001
1457990521704615940
1458818291967971339
1458059522774388742
1457647263690412035
1458411474100043777
1458868665319923717
1458908887441186824
1458774741691650048
1458446305647370241
1457810724537909248
1458566361047838720
1458125885551357955
1458550279322882054
1458458517417992202
1458940177573941248
1458893772201336839
1459660370793086980
1459193735397490702
1457848205069234179
1464726980939685889
1458770124127748097
1458447628438495234
1463153687300395016
1458560291546050567
1455694282472501259
1458026330700849153
1458918738481364992
1457657254484840448
1463533724637745158
1459433935130222592
1456303034791772173
1457397495470993411
1458510928916500489
1463934470751461378
1458868101039206400
1458798752286842889
1458401076974166016
1457839389531332614
1458457583912693761
1463486447764353029
1458433376801673218
1458003213299367937
1457808647732535311
1457432090027384835
1458923049269477378
1457656970475941894
1458123140127760394
1457655147576926208
1457729502038085633
1459627996550250496
1463126746979520512
1458938049304444934
1458393202453630977
1457704923630604288
1459783252005249024
1458830654804795393
1458857991193645056
1463296125025370112
1463214308687593481
1457973865364197380
1458803546003062791
1457086582574526476
1459785303145820164
1458882053643112451
1458752552347054080
1463188267864625160
1457457275375915010
1463929371207643144
1458700059424530434
1458406916644814849
1458411602651275269
1457671048946716679
1459112292805713921
1458856647133212675
1458877970244947973
1458426839769223172
1458432934151589889
1458560885065195521
1458471280655667200
1458901917548097536
1458874029079764994
1457823235521847300
1457661803148763152
1457636749388156930
1458429700733378566
1458366857371693059
1458040372651864071
1458383493356982278
1457613234551365632
1463295374525878281
1457969174618288130
1458925712749039632
1458433333269078026
1457712698146365440
1457728136754384900
1459562488433979404
1463364789825159172
1459091840725098516
1458383063658999813
1457635168219541504
1458388772475842576
1457649433924050952
1458748899133374469
1457120845957107716
1458916155238854662
1458423210618363917
1458676565949227008
1457748130791936008
1463493983770980359
1457854669175275520
1457450403709267969
1458595625390559244
1458093514525397006
1464906673655631874
1458825482493964302
1457625808772780036
1463126043687018502
1459795335740600325
1463622034731278352
1458431488358223874
1464212195487723522
1458848490889662470
1458402413929549829
1457716664338952199
1458969031550160901
1463519803277201414
1458915988938838027
1458424156878512136
1462236411692826625
1458847867230109697
1458376997516808200
1459048035418267697
1458815898463219713
1458409996731944963
1457865575162580995
1457477708116594689
1458724599605125120
1458103664921518080
1458548164206776324
1459214448284078087
1459918238872178696
1458509593278042120
1457830598991650820
1457639229429895171
1459583377435156484
1459139950717325319
1458402330517311489
1458538753157484547
1458512900058923019
1457768399522705432
1457812097899839490
1458646737850097673
1458095771233013780
1458833401604104202
1458858349072719874
1458754139639459850
1458572787891716100
1457731575370723334
1462081820896514050
1458824604466790404
1463568590913814533
1459561537274888202
1458446205768413185
1458666583245660161
1457868627810660352
1457836009454981121
1458456338351206409
1463181613471346701
1459916790616760327
1458670641335476224
1456675324037578766
1458471157192081414
1456588891339776006
1458492842930802696
1458816751555301385
1456386379303247872
1458694969674407936
1458492607961645059
1458749957377302531
1459820042275762182
1457641456164687876
1459837091270086656
1458919868607176704
1456915393663180801
1458876362886889477
1457839756126167041
1457649441675087875
1458831568915599369
1458552029438173193
1457599031610384384
1459616238968184832
1458013057519661057
1457647795356192768
1463126957802016768
1458400179586011147
1458762471368503300
1458574591601872910
1457735542234402824
1458877576395608069
1462794424224731138
1458774274135797767
1457801247424061446
1456967196551286787
1458794521702055938
1457833063984025608
1457631462824595458
1463603139404259336
1463493182562394115
1458796954780114946
1459556504772751365
1457688544160399360
1463491087272665093
1457494110126870537
1459804425665527809
1458901884199186440
1458805468579651590
1457623534822465536
1459551780707217417
1459258248784191492
1457818386843459592
1463189406198685702
1458944554955124738
1463183350940766208
1463179222403489793
1457715448770879489
1457623366324658181
1457404262808526849
1458046409152794625
1457845989772042245
1457980211367120901
1457756885289930759
1458411989164859393
1457878650431459328
1458409845833482240
1458530500268679171
1457632168327458817
1463484185813921799
1458830295411666955
1465643215298744321
1458471005719048193
1458772338909057024
1459057799116251137
1457601093622509568
1458753676043075592
1458418643021156356
1457637382816256001
1457981341119750149
1458718631999778816
1457678514916843521
1457609599570354179
1465741749259747334
1457103593941741569
1459621567177052164
1458400735436083200
1458775211000492035
1458833587080413184
1459544821501251595
1459178151813300225
1465679016208343056
1459560281575772175
1458870121229922314
1458862613853573123
1457664817297305603
1463151147590504463
1464297961937117192
1458760265584025608
1457830294355066883
1463277012588675076
1458415658031587337
1458766864037859332
1457875999060811779
1463174789015785478
1458882996984033284
1457829500335624197
1458869320151359498
1458938211196182529
1459073139829358629
1457675822983270403
1458416468010405895
1457641380201869315
1457610269560123394
1457761484474355716
1465756581828743171
1463137927152738304
1457834033434476552
1457654796744265735
1457404751218360326
1457594839957229574
1457820396095524865
1458078384257384448
1463138251666083849
1458417274814189568
1457950671139913729
1457704383202877441
1458459382258315269
1459585572473909250
1458376394992357381
1458370898642276354
1459308229050179588
1458419290361708546
1457769203360956416
1458473342713876484
1458406202195554310
1459118640377307139
1463266095343804420
1458863898304692232
1458366529322594306
1458768642653437952
1458889388188913668
1458698549777113093
1457755812030521350
1457811443466833930
1460390266809077760
1459450072115077127
1458768846685413376
1458713881556234241
1457607236751142914
1465782871898087436
1456992306834378752
1465751868852903945
1458373570057359365
1458081998468173840
1458067867883167755
1463138992103346181
1458689674709508098
1457827213550800908
1458819185224687622
1458819943009599501
1458767803352244225
1457805491367727108
1457652048145625089
1463177027071184902
1463504678768021504
1457632661166600194
1457449887126196232
1457396772054130691
1463296733602095104
1457870204579549188
1458714899920658433
1457633728512106498
1458800740676386816
1463786236674514945
1458805112273608707
1459561328931229699
1458867677326462978
1459584148444753923
1458006249828667397
1458721171466342401
1459553178538684419
1458024177420718083
1465655694397423625
1461675401911095299
1458463958378106891
1458037499398344710
1457794465448411140
1458865820164136972
1458395200678674434
1457812515375788034
1458781884851310598
1458374896489279488
1458407843208499206
1458892727320522757
1458432215587737600
1458490671422115842
1463201079420674053
1458677979500982272
1457750786352586763
1458775579638046721
1458410594751688704
1463499521334386699
1459831521821483016
1459645555114655748
1458551862362349576
1458890322294018050
1463245647595945987
1458805695155949573
1458435010285948934
1458402711565705217
1458368584955084806
1457807845429235713
1459878434486824969
1457709845809967113
1459632770993606659
1463294522109177862
1458699949173055492
1458462735558225926
1465816236944764932
1460696987091804161
1458906255427260416
1458057101926862849
1459540459278245889
1458569698438795274
1457975614267346944
1457749693186908164
1458718823981461508
1463176921693536265
1458121365614116869
1463183193364910086
1457788844829331462
1458521581173542918
1458440503914123266
1457612451722235904
1458819653518692358
1459813417364213762
1457840491647668224
1457617798499274752
1463134170142621697
1457620758914600965
1459097830367371307
1457853280608997381
1457741839864377353
1457973756601806850
1463493405791723523
1459049402824286222
1458863567034277892
1458569015534759945
1458557694957195269
1456870766734098436
1463141365186015238
1458883063308558341
1463557538989981702
1458919634648842242
1458406988879126529
1460375798943301638
1458929534946971652
1463495235821047814
1457830627764547590
1458430778778394624
1458525350040936452
1458797475595227137
1458793854979780613
1458709075835957251
1463127218385739780
1458726013224079361
1458895953080037380
1457950716706840578
1457787291523371011
1459006065367003143
1458547154709004293
1457738666101596171
1458934618728673288
1458932515943682051
1458808593260687361
1458806562823286785
1458862550586699783
1458728816264765440
1458767884667301890
1458711299068678144
1458423377924870151
1458767593624514561
1457862235775291403
1462801896549367816
1459119233187602432
1463525992299995147
1458380189017198593
1458823781124919297
1457861310180380674
1458536163791163392
1457663443373334528
1463146256285548552
1458019096948322304
1457803424100073472
1458026126601822208
1458801913626075142
1458827242910347269
1458044129573806080
1458027118491746308
1457881404012908550
1458427069461848066
1457676685327970311
1457587679692984320
1458936316595519493
1463152745666555911
1459042910289154048
1459007663333941250
1458517419236986885
1458864470554554371
1458530708180307986
1457782569152385024
1457645632596885504
1463475507446665219
1458774665455976448
1458017668406128649
1457688288622485506
1459550705036013569
1458752117703913473
1458772176065249283
1458762860813819911
1458740200054693891
1457479429979054080
1458902574271287297
1458762012209684481
1457048445064302603
1459555312847970305
1458552158148829186
1457647916152147976
1458799013931761674
1458881901775790090
1458767977936007172
1456676854455230474
1457993923029258240
1458048050606260228
1460182299220365316
1458958143413788672
1457839136111538179
1457614362538090496
1458527646581764104
1463935617193189387
1457853859209023490
1457539125171523587
1457897372672004100
1458413352284217352
1458801423605538823
1458380253286518787
1458773422801043458
1458706189597003776
1463584909122019334
1458893373499219986
1463924345194127365
1458431749319495680
1459671883864027147
1457784589615730697
1459782109321695232
1457372374936993794
1458694470539649024
1458910523316129794
1458803692719816706
1458829320630292487
1458886808046084099
1458809155125399555
1458412776368529411
1463255358919561226
1459622651790508040
1458726031913803779
1458410579165593603
1458388674404618240
1457679895073628160
1458408826361745416
1460498319080316930
1458776279168208904
1457763709053509639
1461815476183523336
1459545825957269515
1457786173632303104
1458394399302369280
1457814159014379527
1459544779327512578
1458736630290948096
1457755866577477636
1459117863768412169
1458482094582153227
1458376812652908547
1458368337558347779
1458547424209866753
1457691774894346246
1458583606335614976
1458922416437178374
1457737355750789127
1457635065047945217
1457717441086246916
1458442989806800898
1455871690190249990
1458392637136949255
1458442934462844939
1457781830111825923
1458498775270428672
1458670413811261446
1458858727063310340
1457624220536561665
1455848169938563072
1458678442027888640
1458589245371826176
1458427466700279814
1463558350969450497
1458951542770389001
1463282222941749252
1458816283802275851
1458847117598937097
1458800142644043783
1458374521069740036
1465785596681629703
1458439707776491528
1458841929702158339
1458708804791586816
1458989920362582024
1458769888336662534
1458197096914374656
1458477372626374662
1463493979647975426
1459604435211014158
1459843206422700037
1459068424655671298
1458596734263779328
1457033760298479626
1458367238671671298
1463230799407419405
1458394492088815621
1458791972718718981
1458433817547583492
1460739447406927873
1461978248527626245
1458636797861367812
1458571184660963337
1457704014980780036
1459225459691077636
1458822614558904332
1458583684584464389
1457597298926444545
1458370868866867202
1463189091575607308
1458594583403810821
1463178286742347784
1457978941499748361
1458433313278992391
1458673000329486339
1463417159997140994
1457944235035013121
1457378821209038849
1458882349727322113
1463195788239155200
1457759965381332995
1458384979579346952
1458714724787441668
1463134126345699335
1463210125347414023
1457626304313020421
1463540248684679172
1463137815479435276
1461010090228695045
1457443834716205056
1458807217168302084
1459797079346327558
1457624073278787590
1458867533885366284
1457823260477956097
1457384273359609862
1458865560167538692
1459551598892527624
1458773623062376454
1457831746758709249
1458778769368530944
1457734467280322561
1458026584175267844
1457718456263057410
1458450517139591175
1458367858661105673
1457626305327939584
1458724725195251712
1459009713077637120
1456668865388220421
1458836164308262916
1458807546387570692
1459570346538020867
1458797740847247364
1455677667278213126
1457784511052214276
1458825693027090435
1457676835630759946
1458784679964954625
1458828790105350152
1458810273905709056
1458608836361785344
1460496053577334786
1458865247549333504
1458816402681483267
1458434566184710153
1459543905356197888
1458713680502263812
1458062811435839489
1458543466456260608
1459012440650354691
1457746642921304072
1458401950282752004
1457666799449878528
1459137497829621777
1458895805247639557
1458823853388574723
1463468846938050562
1458836904363933698
1463248304272293897
1457680788825251840
1457749249098199047
1458692630800392202
1458435753353093123
1458704279963938819
1457706950347694089
1458689109556436994
1458690195788816385
1458374659074928644
1463135790339399685
1457819646858612741
1457731876748210180
1457835477344702467
1458002770456350720
1460360373157216258
1463178357198278667
1458874496392347648
1457821078714257415
1458018635188944898
1458792345219047429
1458821463646117890
1457610460082098179
1463931712778510338
1457640689169321984
1458424706059624453
1457854750188265477
1459034312809099265
1458896284258119683
1458698180506361859
1458811538287079425
1458859069389910018
1458879860554752004
1458815699091087360
1458526070106435587
1461606781856227333
1459113027324858374
1458442888812146693
1458063443924295684
1458041213370703873
1457740711504252931
1457725481252446215
1458833368339128329
1457714260025413634
1458384354766434306
1463762865639378944
1463421182296956934
1458402677587693569
1464345435322130434
1458096824141721606
1458808821430763526
1458080448865841161
1457774188266016771
1458933119768276993
1457879018846494722
1457055114838085637
1458888965168287748
1457599769971408896
1458770570271670273
1464368653529497607
1458658831685369860
1458409391628201986
1458804687122182149
1458448176831098886
1458571879065825285
1463973918709100555
1457467532357652482
1458791328104566788
1458733336122298374
1458754901773852673
1458111495133335560
1457782465800466432
1458705055834689537
1458794078183866373
1457860624621395977
1458727294248308737
1463139317447020554
1458524541701943299
1458376110815723523
1456956621293334531
1459043456513368065
1457827498394324992
1457723870581043210
1457771639936933891
1458667030740144128
1458113638355673101
1457659140378083332
1458805543242506241
1458752674690654208
1458813691609206785
1457648120347734019
1458900579263164425
1458711483295141891
1463511878982844419
1463187319071166474
1455019003970215943
1459066361653739522
1458037096430583808
1458693214102249472
1458047042836738051
1459588190969475077
1457665452851748872
1464211809708265473
1458537200354725890
1458543930488889353
1458795857797652484
1463150313620357131
1458373347553710081
1457811265968037888
1458023273917079556
1458822167748132865
1463131645209452550
1459817699559809030
1463187041047531523
1458833432470073345
1458814194493673489
1458701150786670592
1457755007701471239
1457715531969089537
1458800487952756738
1458509785972805632
1457771192102703110
1458825279334461452
1457597628221476865
1457769518655102979
1458936012437172225
1463146484577312772
1458531151287619585
1458838803808980997
1459575764941250562
1459072883645464603
1457993767915593731
1457780538899456001
1458920104683622410
1459287756929175553
1459877503921762304
1465659421703520256
1457971212458631172
1458395054649876481
1458863908165402624
1458461537375559683
1458858095820562434
1458665681822625795
1462747856096350221
1458740001659924480
1457635001055522818
1458805547457605639
1458600962273292296
1458139392896212992
1465529197682642951
1458432699450994689
1458406470815473668
1462429501032386569
1458043176846086145
1458989525846347793
1464084933689888782
1463176300772958231
1458771998017007627
1463947703826718734
1463188725081559055
1458407331331547138
1465794056395628546
1458375640843960325
1458409643982606347
1458964226748428290
1457812699069485064
1458538025315614720
1457606352491139078
1457829848110575624
1457819763770540036
1457656113428668426
1458866593224609795
1458446627203686411
1465799168505569281
1458475873636687887
1458403258763038729
1458445162909257728
1458467907231535104
1460345135129055241
1463297690293387270
1458417213065547784
1458815884798083076
1459637231812059144
1464016994420801536
1458766251627589634
1457932537322426371
1458864053972086786
1458404124412764160
1457766216752320518
1458841019244548101
1458819660007284743
1457759892165603333
1457747633271934977
1458581087072960512
1457396087946453002
1457850512443912193
1459088769311776776
1457834910341869570
1457813556423008262
1458697157859553280
1458441851086774278
1456629775519436806
1463340455341576192
1458824282667114505
1457963723457540096
1458709936435781634
1463131218900361222
1457661450231721984
1463197940529471490
1458796044410572806
1458809907621285888
1457652742571311104
1458546939646160902
1457633958741557248
1458812776193921025
1458769318540464128
1458799553247952901
1465695849971793933
1463185439322513428
1459831062507528192
1463963615095046147
1458805532710604808
1457586819428663297
1459632515631788033
1458794929413574662
1458729614113746947
1457645743850799104
1459645695451930630
1458821402769952768
1458814869243838467
1458712413042315273
1457715491645046786
1458803695626428426
1459554190716506127
1457724603581796352
1459807432826310656
1458924950182678534
1457787318140428293
1457691745555259399
1458401231383191557
1459943772226260992
1463144910375297025
1458823112745701381
1463215884261068807
1458918421807214596
1458056493400473613
1458877965685575683
1459117060311724034
1457647550832463876
1458921547574530050
1458414826464718849
1459235489593143300
1458751794453037060
1458508913725349900
1459924695017562112
1459925666166677506
1457616907444625410
1463127052878598145
1463691470175670274
1457604010714750979
1458293878575009793
1457648415299575809
1455188088804847633
1457718923319721989
1457743062470438923
1465619672024420356
1459302271968284676
1457693033613434887
1458559348620283909
1459637171091132430
1463153846377660420
1459087341855944705
1458819060913876994
1458375236487897088
1455881294911623170
1458792533622988807
1458411091248177156
1458410137870381061
1459093997557850129
1457870576824070148
1458765736084709380
1458852961124327426
1458822915785383945
1458562242602049541
1458394701602738182
1459055322375626752
1457843167999500293
1458382852576497665
1458036691978137600
1458770392642990080
1458018867721211905
1457593461952196612
1458369267959750660
1458788525944369154
1457691081135558660
1457745822536323073
1458445895205376003
1463547351839166464
1458382308701089794
1458783684396527624
1457682750463426561
1457682360573517826
1458769710984613893
1458757382079750152
1458469821709193216
1459060605990715397
1457801917006954500
1458419583598174210
1459241409710632963
1463131705204748295
1458899770269908999
1458558251327492103
1458382520693710848
1457643541434355712
1459195280029540355
1458868143401672710
1458761956760997888
1457717280561930244
1458105750333571079
1459804497228804096
1463253509172776971
1459469100393107457
1458841901403193344
1457682298451681282
1457827207401902080
1463227279132221440
1459124917807497223
1455916245660885002
1458775523165888519
1458563187972968468
1458410429806415873
1462749824437075973
1463154339808256005
1460099793196396546
1457684326078889990
1458510599114141696
1458045275860254725
1458596554370072577
1463186258641969162
1463155058565160963
1463972787991846913
1457613797552795650
1459813722571091969
1458924212861689862
1457717703590952961
1458451395800076291
1463126156534861830
1458543201187504133
1463135627243888640
1458813862539575303
1459804119049322497
1458821139489296384
1457830896460083209
1463140477054636034
1457811415281160192
1458740850306039813
1459574155574136834
1457862928078675980
1458408269928665098
1457606262422708225
1458904886171611142
1457453569951649796
1463800123369132034
1458664131851169792
1457688982230376454
1457652747709337604
1457644097406124032
1457692276990283778
1458829726026506246
1458807002243772421
1458139689936818181
1459072575276032001
1458921241314795522
1457624729662238721
1458031690828455941
1458924366671003651
1456925188205985795
1459599628710649862
1458412337459834880
1457819447134203913
1463928992801640455
1458740694336606210
1463139102371553286
1458670726320435201
1455643674927374344
1463214383589380098
1463128021372747781
1458836533788741635
1463926170274127881
1458777449299390469
1458937485585694728
1457683413733937152
1465645644912250886
1465636675237863429
1460377467336732675
1458920218269519873
1457853362427383810
1463538956109291520
1463138493635383302
1457626959073185797
1458574693284421633
1458445039319728130
1461677278694453249
1459223805742747654
1458535956273901568
1457484385322741763
1463176897932705798
1458885030881734668
1458788742978838531
1457827157057605633
1458931045701754881
1458808104032817154
1457602903691120642
1457433466019237903
1458654542279622663
1458557002259501060
1460078011852673025
1458395932513419264
1457413011019206657
1458428576290717706
1463224235657207817
1458850597004890119
1457107686043045889
1459061843905949697
1457625455381688322
1458799079232835584
1458449335897796610
1458915157917188100
1463265715394383879
1459599685262483458
1457745455731912710
1458559700165869571
1458865108046815237
1458599783573114883
1463257534542716930
1458899359777660930
1457629784192831490
1463178673922711552
1458425044078575625
1461434412755787778
1458750833114419207
1457843929135583239
1463195088486637571
1457836757723009024
1459064763523207170
1458830203799625730
1463125931606757385
1458931922013405184
1458904949274951685
1458898699673915392
1458766747226488844
1458581108107452421
1458875689122385924
1457659830454427653
1458775852049645572
1458875245604052994
1458724797832122368
1458373781962072066
1458530764295913476
1457647364299280388
1458863112468193283
1458224767576780802
1457938356806033409
1459664994350551043
1459057478000381952
1457640522856730630
1458904760577314816
1458867841751470082
1457947437352488961
1458514534197510156
1458475889130446853
1457829906235199499
1463236363952836609
1457625121376583680
1458874885061718020
1457076579792719874
1463585880044711939
1459046223596380186
1458408924407865347
1458492566303875074
1458404966410997761
1458042647587733505
1458377320004210688
1465643278963986444
1458084997852798997
1458747811902668801
1457745957542563842
1458784842448084999
1458803125104611334
1456954227465523207
1459660074255884292
1458698556198604803
1458873061151760390
1458835566305361921
1458907796011995138
1458809499482001411
1458116869362159621
1465704773349371910
1458943432018350082
1458908229891727366
1458789690136530947
1458896639716954112
1458650701714927623
1457656471639011329
1463498135016292355
1458964591103332352
1459078628952752159
1458771910393831428
1463184283397468162
1458427809160912900
1458690378568241161
1458731581397422082
1458992940399874061
1458581000372502533
1458827334472065034
1458781466113024005
1458853064341925891
1465441289177079809
1458647381294170119
1459298568062353410
1457775051374149643
1457718692947636227
1457014643302486027
1458957143990841348
1463135982740557828
1458772690467270656
1458799731518451713
1459542241924497410
1458150575774867469
1457814107202146305
1463135633854115841
1457654754780274689
1456924262581821441
1459072066834116610
1458042952094257152
1457837899504828421
1457735809482768384
1459022234824159241
1458715417313222661
1457419481022619649
1458905510518960133
1463493163025321995
1463128826465206279
1458768295339900929
1457744766548987920
1463502621801693190
1459089027504742422
1458767203545845767
1457779435961159688
1459659106487345155
1458943728610066448
1457809737471324164
1458819235367505921
1459900967743283201
1457845508366536706
1458815701007937536
1457467406977282051
1458372835328598019
1458401226790514696
1457835858694971395
1459545425250332685
1458856767375527939
1465625877711101957
1458809339972620294
1458120148246831107
1457696114476474369
1463539889153183744
1457740464757645314
1458852634241245194
1456203105507418115
1458293187211141122
1458681232317984770
1457655622128873474
1457636503039922177
1458773706461921281
1457681782334230529
1458558336572575745
1463784043221241856
1458565002214969347
1458024178586632197
1463244647283802114
1458110347097911300
1457680013667577866
1458749894085197832
1465646661980536836
1458824535814422532
1458820357008338949
1458701764518109201
1458881307161894918
1462804083602079744
1457402432850378758
1458714982485577729
1458503045197844488
1458669561864146949
1462421475810594824
1457680145800695809
1458803230561996803
1458375439571988488
1459065926628917254
1459575976627691524
1458771149500858373
1459026158008291331
1458953804607541249
1457450834015440907
1458795159567622157
1465754745876922374
1458566758126788611
1458742687314628608
1457980041116143617
1461461541203726354
1457626162037989376
1457751390554628106
1465758965753647107
1458033366515781639
1463829898615791616
1458840757704536064
1459105250560909317
1458026678119280641
1458784144188747781
1458720840657391619
1457592224326295559
1459876637277884422
1459709939291668489
1458439585357250563
1460668636859936774
1458379584811016196
1457984235256664066
1457726334935998469
1458044226470662144
1459085492708941824
1457812036180709376
1458410693162586115
1458884784957046787
1459633263975313412
1458041584889606150
1463126305134764035
1458424956245708807
1458715586586976257
1463246213499826189
1459030838356631577
1458401710628655104
1457837929552830469
1458868662199324674
1458796815378259979
1458375891374026752
1457775406325514242
1457682698768683013
1459790210821238788
1457774981362827267
1463153748163932183
1459587609458528259
1458806124975689733
1459095321775161347
1457653781265633281
1458412015177842695
1460569777068511233
1457835685386334216
1463186078484074507
1457836408626888715
1458905411956920329
1458552277426376712
1459606411164401665
1458785090532691968
1457727008558002180
1458804533736443904
1458026277479325698
1457806205745774599
1458819445258866694
1458823006726377480
1463616042857603078
1457722542614061064
1457775814196412421
1458385797040705539
1457765639188267016
1458097370089103374
1458466099599745040
1458427766735613956
1457837104864583689
1458859061924012038
1458825363744768008
1458879115667333131
1458447979334021120
1457998265450905606
1457597953007366148
1458150447114510339
1458479907919568907
1455915389251096577
1457802777690660864
1457807311242674183
1455642406582358019
1459778256484319234
1457973188529430536
1458068540028825608
1463380469442039810
1458810401840320521
1457750995312783360
1459566902448173063
1458928560975007747
1458821822825259013
1457970318870470659
1458498228396208135
1457704216219226119
1457613744717062146
1459031335557869570
1455907364029280258
1458880906542862336
1457844819716460550
1457656035393540096
1457716930509475848
1458794610784972801
1457059244075798529
1458200969745997826
1457637665373831178
1457789872589082625
1463153438460719121
1459102834486616106
1463500709710774279
1458408205382569987
1459571735402012674
1463496942705590274
1458376012216033280
1465787039211733004
1458765607747436544
1457719597080137731
1457862254607716356
1458841982202220550
1457451855231979520
1458200023024418820
1458552392836911111
1458400284733022211
1458689010189094918
1463148942699421707
1458919533578788866
1458673809062613002
1458719434416304129
1457723534696910851
1458896435827523584
1457624697030459393
1457389674352291844
1458067089961406474
1457643032577257474
1458469277229531146
1459693857566867458
1459641639698419716
1458667349649854464
1458424598073069568
1458917733513449485
1457969919681781761
1458823550203277320
1457824106649423874
1458925564610465795
1457700739216777216
1459607055153647616
1458963017589272578
1458468927860793353
1457724155349147650
1458798069219270659
1460559237336162306
1458432945136541699
1457644418958340097
1459050586507206666
1458778795964608514
1458397964867674113
1458861120618381312
1458332160373542915
1457701631647174658
1458821814768087044
1458093010395275281
1463282331725279237
1458529747776983049
1458803542630834188
1457643430847320071
1458756435458859013
1458515173275279362
1458867830477234180
1458379100142325760
1458401478582931463
1457721196603133955
1458388092516282371
1462886014679232518
1458519407299203074
1459828902088650761
1459117196542627840
1458754532570284035
1458701073477214217
1457855734134280194
1457779518010060806
1457761314965753863
1457724163993620485
1457723545396654084
1459565142174322690
1457838229642698756
1457400490849886209
1458807478775386113
1458377509314174976
1461806633542160386
1457735167032893442
1461660320146112521
1459075531786403886
1458073392163270656
1458454812455014407
1459571082273382405
1458403753611206661
1458400544460926981
1457743144783683593
1458867246156161027
1463265561664700430
1457796472104128520
1457886725078929408
1463613388114776072
1458808104552996871
1458889822727192581
1458803171485175808
1457716386382352384
1458816287120015363
1458428745786839040
1463207862805671937
1458528682994282497
1458034512957427716
1463452351042306053
1457714642101411843
1458686094426390529
1458012479955640321
1457103479441346562
1458447693227958279
1458910500444643331
1457445842063970310
1457817368848109574
1458378319687204869
1457636385469444101
1457727425161334786
1458004561080295424
1457970648568012803
1458015878302236673
1457630288771694592
1457070820266807305
1458389614121701377
1465784510222684173
1461382174523932674
1457859314123694084
1459901544145604611
1457617379584794626
1458059656828493827
1463189037620109317
1461227312393998339
1457646128858546182
1458842023893606400
1457845367937114115
1458402240767664134
1464034862059470851
1457840338635313153
1458677551367393280
1457471957457309698
1463498698974015492
1457938060360880128
1458530775259926533
1460124731156402176
1458571303556878342
1458865840129032198
1459585329137131520
1459077614388363282
1458915329732751361
1458436361044779013
1459587333049704454
1457730908430249984
1458798689825304578
1458386002096099331
1458866175081955341
1458692888318124039
1463241800395771904
1457583759180582919
1458128557423595521
1463505899658661892
1458156567430406149
1458801587523104784
1458678173483343872
1457812367304232964
1457354347575222281
1458807353575456773
1458400000178806788
1462427452731502593
1459388751491252227
