1623397926180380676
1622378721133879296
1630263354659930119
1621830411876814848
1623704739383848961
1629102356460707840
1623432886069374976
1623603666476273664
1629023954751848451
1629231660469215234
1623557195689496577
1623465036977930241
1627751104871075860
1625171779852414976
1623471114767704064
1628707983201824769
1623688693348290565
1622476075216371717
1623733900122943489
1623468420867014656
1623747595037249543
1623629071983804416
1625575100148744192
1629028848158343168
1623399342554873859
1629144049134206977
1622148040520863747
1620842503435059200
1623972041236905984
1629036709378764800
1621583945765617667
1625914905990660110
1629106459383308289
1624201080010670083
1623431030773358593
1623421299660824581
1629145973942280194
1629102392598822912
1625840729451896833
1623645333476499458
1629094937642795009
1623653194596220929
1623747964605808641
1623664160415395840
1623694429046317059
1625194309728317442
1623592729438461954
1623279071491751938
1623637269117632513
1627741736230391811
1623679485227720707
1625174102444064770
1629157957609848832
1623481740281929729
1623497814259933191
1623426990685540355
1623698703876866049
1621849122146848768
1621946162566529024
1629086972529586176
1629091572640886784
1625154798575140864
1623481412132143104
1623621027560407040
1623401327278673922
1623731307082665986
1623424935921065985
1626281503285018625
1623560833199644673
1625797586551554051
1622350734317568002
1623659093566140421
1623679726731644929
1621112062859694082
1623653543272914945
1623591277328584705
1630567275228004354
1623411569777319936
1625757476757831681
1623711077979631619
1623555387881574402
1625854119549480960
1623431759584198656
1623778576913817601
1625156963142189057
1628927703796576258
1623652254665375752
1623661542007877635
1623637760010555392
1629135293281337347
1623416992358096901
1623655680988119042
1620749721240473600
1625172143922200590
1629105587983187968
1623588834372907009
1623489957724581896
1624406023887781888
1629022830003101698
1629577316643885058
1625773178839605248
1623582700006174722
1623455939960643584
1621070322089984006
1625165696526065667
1624707833009778688
1620874101622726656
1623320036101193728
1629091872370044930
1623297911315390464
1623606424658972672
1625919554441314306
1620881177333866497
1624840200164712454
1620671150627110913
1623659056958173187
1623407238608986116
1623429679213314048
1623631875418820611
1623569413386522625
1623538943617630208
1623473424503824384
1623611311828369408
1623403357300830213
1623582481143287808
1626235942058217477
1623518908434067457
1622658513909473281
1623602120451674112
1623633846611705857
1620796101535363072
1630220171079036928
1623471162155061248
1623717180595470340
1623803829220245509
1623703132432728070
1623370022277025795
1621124854907916289
1623328849550352387
1623405571658469377
1625155999626670083
1623617181312520195
1629022631922991105
1623471869234905088
1623420596645163012
1625568612021899264
1623631296852271106
1623615340100964353
1623428629135867904
1623454595027709952
1623692361334157312
1623613245272604673
1623657534761345025
1623624275352555521
1624308954758094849
1621600761028255744
1623584010797518848
1625163068761153538
1629127362737569800
1629087443017256960
1623747621859782656
1623654697377595392
1623433725861310465
1627980190012907522
1623680816407539715
1623939416254476289
1623532984724000769
1623611163756879873
1627477798628491264
1624010429352620035
1623731101846970368
1623598295250501632
1621915575021617154
1623705933103652864
1623411945561784323
1621954984081244161
1623434239856480257
1623612216091066368
1623630800863350784
1623469274424541187
1623398692752441349
1629073298523922432
1623508738790375424
1624176751168438273
1623410331975393288
1623475535488712704
1623657419535446017
1623279580172763136
1623331597318594562
1623279102533795840
1629092144500686848
1623428307130646530
1623324670387691523
1623712829655089152
1623612149674176512
1623412985099350016
1625914503949844492
1628632293861457921
1629129691700371459
1625523070449381384
1629257880401506305
1623589000777723908
1623561259756015617
1627777788215283731
1628986748205252608
1627113486034542597
1623429477609996288
1629098882671026177
1623699445039742976
1623397864469585921
1623460284403789827
1623759958918549506
1623675425145643009
1629796537575276546
1623669322341138437
1629086633965367297
1623706112322154497
1620761722507382784
1629007471082713090
1623657617485705216
1630580916811702275
1624375204305678336
1625569259484024848
1629047600404987904
1623458131832459265
1623420195015467010
1623044407371898904
1621949344617299968
1628663507725037568
1623772178477973506
1623674916410212352
1623567165931626496
1629092505764388867
1623408498632425472
1628286005684981763
1625955376347680768
1622386082699509760
1623628434210537474
1627966468347371520
1623433052582993921
1623474138009554944
1630262995824590857
1625935518969085954
1623654397652750337
1620753753396883456
1623761090722115593
1625250910908608547
1623595150059397125
1623401538306572289
1621664301462298628
1623564185505263616
1623693387244228609
1629773914095099904
1623633053808529411
1623635105422929921
1625196623503495168
1623597364404539392
1629091893173796864
1626950996533313538
1623459930031247360
1625255261408489500
1623215919810895874
1622917861697114112
1629092613885161472
1625929818976944147
1623653422841966596
1623654680038367232
1623641110567436289
1625951140654288897
1623625503188869121
1628068908023398402
1623398844070240259
1623424011106500608
1623601716791844864
1623297887374397442
1623740433749708805
1625165280576929797
1623828050797289473
1629579754998317059
1623429740290777089
1623762288074170380
1629535471242969088
1623412226458525698
1623304366735122432
1622293038801342465
1623573654406668288
1623421186905460746
1623571682244849666
1621787765770682368
1623459677680852999
1620888339237998592
1629143610900840456
1625196806635196426
1628014984188899328
1623778069935685632
1623656999022915584
1623609351268143104
1625917631860547584
1623646611573284865
1626625839251980312
1623599720772907008
1623478963665338368
1622356476940394498
1623688018753118209
1625835385212350464
1623757982176534530
1624680305851236352
1629114002369306624
1623493098507493382
1628638873055109120
1628630116245901313
1624580721460273153
1623421564485083139
1629086442088460288
1623596735275712513
1623466028633055234
1628620418788597760
1623642114645950465
1623466319323488257
1623725054801453057
1621660124468084736
1629073116432310273
1625514563314626560
1620772354094927874
1629797958613889026
1622025912723046400
1623431130631352322
1623489436330921986
1623604931830730761
1623799794454999041
1623576352023609346
1623461248246419456
1628004760832933888
1625152134537773056
1623691101906341896
1623472751418679299
1622350244930363399
1621526925478084610
1627730057627049985
1623411029865635840
1623575093296222208
1623594394568859649
1625187426531524628
1623663902658625536
1623552005448024064
1622308809610764292
1626538428933210113
1623559216010039297
1623672101121974272
1625563556589580289
1623427438339293189
1623604639399657472
1629085518674681857
1623466759138287617
1623468391250944000
1625247924530606097
1625556721417461762
1623602528142106624
1623684064409448448
1623631726042836993
1623402711260463107
1623654383865978881
1623426746753187848
1625170806106890245
1623704190705967105
1623432047258923008
1623720455306637312
1623594631454679041
1623424001811927041
1623657502557478912
1629120397504307201
1623736393628372993
1621448300263256065
1623598528021798913
1625981740626980864
1623410575568162816
1620917353897934848
1623431913116520450
1623746288075386882
1623611052209451010
1623628923249561603
1629012333207977985
1625941113516265484
1625152540135370758
1623416263975337987
1623588349398208513
1623574771676971010
1623404839261679617
1620860143381647360
1627528002635550722
1624066503845748740
1623486069046931463
1624740236851830784
1623422700340277251
1625261035950071808
1623465649577099264
1629203922110799877
1630395390087266310
1623637280005947395
1623612265063673862
1621578968968077312
1628921573716422658
1628546436471173157
1627024868750270465
1628630443573624833
1623415925339787267
1630504083382583296
1623430670260523009
1625133387806547970
1627450081271074818
1623700407624036352
1623591771673448448
1621094483348824066
1626464464760438786
1625583835575377941
1623729221318193152
1630473460488044547
1623429538226094081
1623708676711239681
1623647765166276614
1623762098420436993
1623758647686840320
1628636694424551425
1624017489502916611
1623530198867083264
1629095722053169153
1623634471105839106
1623593701313331200
1623460160470499330
1623412099866152963
1625157928159248385
