1321551687774064641
1322584844191309825
1322543695342821381
1311732872802435080
1312813790644383747
1312709206789812224
1311689667943837702
1322208757078700032
1322514211663159297
1322463698129162245
1312809103417397248
1312806376243068928
1315945317657972736
1315705268806840326
1314063191459147781
1312715693968756736
1312728499023687680
1322490322434359296
1322514690640089088
1322564921125687299
1312832382341451776
1322582710695665664
1322481068235202560
1322610488111484928
1321727229915746304
1314342506771951617
1315935328012840960
1322619851215654917
1322577014885416960
1313963651372638214
1320238998854553600
1322513961141608450
1315931682525122560
1322508474052390913
1321560795776471041
1321553030702137346
1312789893165314048
1322558409569378304
1322527975544365061
1322545294777737216
1312147993663959040
1322517156270166018
1312020543990833156
1322533641054990337
1321735292345307136
1322463007037923328
1313841974718455808
1322638378093940737
1313958883325603841
1312810561818816512
1322574021217669123
1322472489201684480
1321029945292967936
1322499953227345920
1312814302487867393
1313785362053988352
1312770185909227520
1322560123328483329
1322629621028999170
1312108850414120960
1311999062292467713
1322585640937181190
1311689827797135360
1320299868599033861
1313925490726576130
1322662410675757058
1320051766591918081
1322662842156359683
1322580748948414465
1313851192691298304
1322556461805916162
1312800930509750273
1315704284818833409
1319510303739170816
1322333510879846400
1312862597025275905
1311696916707782656
1322516463400456192
1322610725769064450
1311687559186198529
1322469469785067521
1322586907696648195
1315935947012419585
1322579487297556480
1311678720940347394
1322636999128469504
1316290649222717440
1322532163376525314
1311729715485577216
1322454617352032258
1321563497600266243
1313856305380106240
1312852587658518532
1311984378185211904
1313553808811843587
1319406413979013126
1322658651996409856
1322438538651193344
1321012829013577731
1313902682688704514
1322561500217835521
1311683105636450309
1318458654941716480
1313477782865956873
1311712447015813125
1312159316523143168
1322665259052765184
1313851731663564800
1322626379578548226
1322470278228750336
1313846569742069760
1313786193461600257
1322648619506372611
1322552459647213569
1321549755315609602
1322590593034440707
1312862334948388864
1312795494071009282
1322453064297730048
1318457538069803008
1322493783649456130
1322677066953875456
1322489303604350979
1313850647582838786
1311687296513703936
1322556844456452096
1322643202097238016
1316088247945228290
1312819395165589510
1322613710737866753
1315677019695349761
1322563512258994179
1319976495310319616
1311628465330888705
1322532528176156672
1321562138234785797
1322436243351871489
1313916134299754496
1322649296630616065
1312863513673596935
1322674812498649088
1322477851086589953
1313908184231350277
1318534192486060033
1322547587090681856
1321058212813168641
1312015435324428292
1312813878145945600
1322477666960920576
1312003940251250689
1322598261375553536
1319968961593835520
1322654589888405504
1322524146815934466
1321009269270077440
1320839652278964224
1322571617604653056
1312027235684057089
1312679560522145792
1321014555154198528
1312005528072183810
1321561707479814151
1322586752289263617
1322626539159232513
1315933833653620736
1312795380439027713
1322525138009673730
1322579434671689731
1322488057615044608
1322563484614332419
1317080393347104768
1322599580815470592
1319381641698152460
1314110765838856192
1322547245133242373
1312795682772848641
1322680623685898243
1322309348752871424
1312685068478025728
1322558012985401344
1321564837072293888
1319413663250419712
1322505317813526528
1313139338830655491
1313923151647121419
1315703602430783493
1312752164746539008
1312821768290209793
1319379777896259586
1315999853940482054
1322481896337645570
1312814684484046848
1312013565365309440
1315962418649083904
1322518601648295936
1322583313723334657
1316398255895392261
1321572810045693961
1322564753647194117
1322535502650789890
1313489478149910540
1322561110629928960
1322549656275062784
1322580015377223680
1311603920075137024
1322625977445457920
1322481388952629249
1322495395902169096
1322586746585047040
1312836984554037249
1311630398636654592
1322550191065628676
1322474128180416517
1322508591379656704
1315975018103402496
1311992783780098048
1322623062416805888
1321565942812413955
1311775797456367631
1312795328555384832
1321730990646112256
1315700357318807552
1312805262378622976
1322571160454922242
1311682265802584072
1312707895147008001
1312769732014202881
1322613565040304128
1315711147429986304
1316087974854098950
1311996852338921474
1322557077596835841
1319230798306942976
1313842600856743936
1322536395630673921
1312118320049475584
1312034359109713921
1322670863162974209
1322540406190399490
1322541050297225216
1319179027668676608
1320033978334826496
1311986002727178240
1322536991016263683
1313476328608477189
1319716625550086145
1311776671448653831
1312093049904934914
1311759002066395139
1312716025679556608
1311762404859170818
1321560421057384449
1322326309540896770
1313970890435108867
1311602909302460416
1311765374350876674
1322482721462079489
1315045152969445378
1321008356476231681
1312844024919842819
1322689185157963781
1322564282450587648
1312676175484006400
1322466246168879104
1312089182328807425
1322642775045713920
1322492346454388738
1322463830597881856
1319387733685620737
1312850179347931136
1321019565942472705
1322657668968992776
1311603953843527680
1322472016151195648
1322673198626934784
1311581881880784901
1312743149337481219
1313893626653609991
1313827044376150023
1319985221551476738
1321012253043396609
1322610714192814081
1322528656871333889
1312012019814600704
1321738338383155200
1321735173759737858
1312022327799013376
1312823051550101506
1322478288590249984
1312136672704778240
1312787228385570817
1311504809900548096
1321552790049771523
1314033744450400256
1312002354745610242
1322674851581218817
1312871317570572294
1322507868847906818
1322316534103101441
1313563293781499910
1312876608651513858
1319378753911480321
1322470322214473728
1322433303278841857
1311612932661350400
1316003473096421377
1315936364257574914
1312812896313843715
1322640223680036864
1313050362962731008
1322467194274488320
1315707112488677379
1322570809165185031
1312150248706375681
1312796522724184064
1315753106714615810
1312687349537611776
1312002229814075397
1311985333698002944
1313894358299467776
1313817625860898816
1322498299211952128
1322496160095940609
1312026076126867461
1321570553648631813
1319545141837893632
1322558995035492355
1312012510451597319
1322539512292102145
1322311785609920513
1322507965518221313
1322482286336638976
1322616256164433923
1322591666033799172
1315677094584688641
1312670236785680384
1312798871920279553
1319983101167153157
1312795441273110534
1321777793269698560
1322492557264302081
1313782144506966017
1312670868619788288
1311727257828962308
1313473261557223424
1312670059320532992
1312192250932207616
1322558201498390529
1322517484021362690
1312874538796027904
1322648731523682306
1311756139923677186
1315700275810795525
1313016453273182208
1322510152554188800
1318273987697348608
1322539205264920576
1322570925162795009
1322559909486100483
1311783404753563651
1322627210524676098
1321564293008105475
1322543093892190208
1322064766446260225
1312469518111784960
1322581537330765824
1322520847089848320
1312787959167451138
1313883807234297856
1319517987129446400
1312837352038031361
1321044308879937539
1312878271961411587
1313965421855477762
1311991800597483521
1313750528153849856
1322590403531579393
1311733520394588161
1318548049287938050
1322625905206960129
1313070297365577728
1311694324095234048
1313487498610438144
1313824661399056385
1313997105267126278
1313788920224714754
1319428899303022593
1322616452642459650
1311991998459654144
1319970066520309761
1312835418828820480
1322518900081369088
1313989883434872833
1319982106928349190
1322599579012005889
1314050166454915072
1322619722974810113
1322561900618698753
1312869460026568706
1322469119711711232
1322467218421141506
1322086026035212292
1322463395883458562
1316523724250722304
1321791553044697089
1322475530365607936
1312864148766814208
1321029077847990275
1315972000389763072
1313886251934797825
1322514363639541760
1322480534631698432
1322612399875252226
1311698398077124610
1312823961277865985
1320022469974106114
1322464824396316673
1322493037080170497
1312011544302149632
1322521280386682881
1322522685121900549
1313884185522733056
1319976629943341056
1322624050825433088
1315757637896744962
1322612414047789061
1315340270746185729
1322476164095610880
1321752390522015745
1322605952063934464
1322069592454402050
1313939636268474375
1312806266750808064
1312014252396425217
1313857654046052358
1322515367680446465
1322484225401102338
1321045940690657280
1322622635059105794
1312827123044888579
1322657978185560067
1312805351679459328
1311605509397639170
1322647728124530688
1322528203962015746
1311460518666866688
1322670145047793666
1320057913352880128
1321607893121175553
1313493521614200834
1322475002042658816
1322493325585354754
1319977440517738496
1313968024207138825
1322493991871565827
1322670907278721024
1322608845873696769
1319393001207222272
1312006557333417984
1312028594596720640
1322573381854760961
1322515317785059328
1311697412927492100
1311736833047486466
1316661993923846144
1322528348514430976
1321554861637406721
1322520832699224066
1322605801463259137
1322539708908507138
1319501399248560128
1322533288527814658
1312670696208826369
1321567306124795907
1312004349606932480
1316902558896717825
1321560345324982273
1322615381312286722
1322688299165716482
1320063512224387074
1320097757768654858
1311997992367534080
1313913301877821442
1313896977780924420
1312151839945580545
1322610241528365057
1322494911095164929
1313877684246716418
1322470348726685696
1322082990713917440
1312037652594651136
1319394123695165447
1322618400670208000
1313812971936776192
1311695899974922242
1322660965490503682
1313798901284175873
1321010213370187777
1322563923413999616
1313474592741167104
1317049465556094977
1312032863685169153
1312718845581328384
1313882259506765826
1316785355287339013
1311786614687965189
1312015122265759744
1322575145085685760
1315946397749989376
1311994876138004480
1322604405007568898
1320037413348147201
1322504723686215682
1313903805583458308
1322562095360155650
1322534216245104640
1316038334683242499
1320295615272751104
1318274059721973760
1311732251252731906
1322637954909720576
1322686481991913483
1312705355697266688
1312840196375949320
1319507470847512577
1313843747923398656
1311607621229719554
1322507759074631681
1312672382000205825
1312387010150240256
1312035775089909760
1322627439563051008
1312780607957729280
1319379257467015182
1321033610665828352
1322602698588475394
1311654446326329347
1313928203141033984
1319062737561976835
1311682759228825600
1313979471465242633
1311463150429052929
1322632400095105025
1322475640076029954
1322591541140033538
1322508324278067200
1313812035998830592
1322507780511666178
1322503934318096391
1313779354455945217
1312169449743503361
1313897141635604485
1312026603401228292
1322493518808555523
1322523358777516036
1316717993737498624
1322189355390296066
1319415444437164033
1322493957394341890
1312037615491780610
1312033746258931714
1322530785287643136
1321088722667003904
1322553451654598656
1313936210298105857
1322560122749669376
1315934997702938625
1321580124983222272
1321011845084401668
1316395532051513347
1313527581665353729
1322593246506328065
1322622294682984451
1322535228901122048
1315716735551582211
1315935256923590657
1322468257387958274
1322493307314987008
1312710019775954944
1312862021893881856
1311992676624084992
1321058578527064065
1313899425023090689
1312797387941961729
1322618834856148995
1313988666172289024
1322549522040528896
1322553164277702656
1312062967484215296
1315700787381755904
1322555989200162820
1317471065434693632
1313779799622668288
1322661979564199938
1322549688676089857
1320733125115367430
1322583613662236672
1322515493236940801
1312010246743822342
1319291784178978818
1311726868148748288
1312700795897417729
1322643001160720387
1322523425827655681
1312051714330107904
1322617968958836737
1322613229202382848
1314089976389341185
1312788599574867970
1322528076367089665
1312751609798168584
1315714098018029569
1321736762591481857
1312795129950932992
1322662819821719553
1321012401794404352
1313869798124793856
1318189388367613952
1313801868145983499
1319386631338627073
1322508401667170310
1312007817340112897
1315678792829071361
1313980764174848001
1322623690639577088
1322634636711874560
1322571248656916481
1322619488605556740
1322524881020477440
1313818110198272000
1312671051743191040
1322624989636534273
1322491870501634050
1318558820570963980
1316835427744182274
1312859892496175105
1312903587392032770
1312809138313928705
1322571218994778113
1322463483766755328
1312005238849708034
1315802224958857216
1322611750567579649
1322538887084941312
1322476317540044804
1313024683764318210
1322549877180682241
1322559394278707200
1321009665820557312
1322649961524195328
1322483206462021632
1312742783074144257
1322523893253443584
1322539369186689027
1322308728658497538
1312825608200740865
1312861185390383108
1312799032306274311
1322587268180283392
1322628674429112326
1322644278842216449
1322562576685932544
1311582326435065856
1313026842144669696
1312713190124531713
1322512563582705669
1322487837745446913
1313481993854779397
1312070355410976769
1312812009956749316
1312812111580614658
1312806712739606528
1322504768619761666
1311988077427150853
1313958570464022530
1322441086569222145
1311541372273516544
1322538827483877379
1312142645406261248
1313927909917241345
1312707833172025344
1311556084096786432
1322525638050414592
1313885781178617857
1312998377903267845
1312813418169204736
1321561614127161345
1322566009203642370
1315704177297850368
1312034906504073216
1312034615415189506
1312063631446749184
1322482173971173377
1321582429811953670
1322513293454565376
1322680531973246976
1312883524446363649
1322620263251513350
1322473694317498369
1315889807353094145
1319543669423329281
1313949419340025857
1312036756976545793
1315975063787778048
1322567774028312577
1322561004362936322
1322287032312434689
1313947642691493901
1318461181292666881
1311616987165011974
1311602763562975233
1322624449389174784
1322581710811418624
1312692561350397952
1322572676314050561
1319233644603596806
1313995998390353920
1322490552676425732
1322672121798184961
1318272058489507840
1321054719297671177
1312794969330024449
1312810649949474819
1322539132896354305
1315677177292218368
1312680630807941120
1315700735477256195
1312136514474668032
1322579114067435522
1312828009364193281
1322486002087272449
1321552313534894082
1311695408008232960
1319464664019947521
1322595011570110466
1318675419948875778
1313890272972021762
1322686051018821633
1311688719611695104
1322515209307774978
1315935582376415233
1322476311877685249
1315701039883001857
1322531596885524481
1313886564557168641
1312709532028743680
1313780044532264961
1322526350071181317
1311781845722427393
1312794504160776192
1322653331504926722
1311986842019954688
1322482551680831488
1322637846637907971
1311581084195454976
1322622193063309312
1317058636439523328
1322483562898169857
1319443050540707840
1322485855311876097
1322499134474096644
1312732430978220033
1319980610065235969
1314098040119193601
1322584423494307842
1315677624363032577
1312720268822032385
1322498460600438785
1322491406590627841
1322654987219030019
1322557876729204740
1322475793910538241
1312794882864484353
1321013089425346560
1322312251173408768
1321008948938481665
1322606493791932416
1312696693176119296
1312042949828583424
1319380496183341056
1322529843632836609
1322649328687718406
1322590997570822145
1322364865248374784
1311612778269073411
1322475724842946560
1312886028324286464
1315883573145219072
1312832686915031043
1319179350651129856
1313006504296026113
1311692733128544258
1312800276290695170
1312693731577847808
1313825384069312513
1313920996592758784
1322539639190757378
1313872787120033794
1312794760474693632
1322647089466155008
1315702658611720193
1312844434996973568
1319385762304040966
1315962773885669376
1315958463252647938
1312676474508509190
1320093413354672128
1312861771804430343
1311754459706523649
1311991026626723842
1315693434120925190
1319381799798231040
1311682768263426050
1315983418434506758
1312809126242717697
1311984909398007808
1312799327488794632
1322639448325107712
1322646424857751552
1321757973585272832
1312993713153548288
1322486242316029952
1319385930126544897
1322293187092897792
1321571706218139660
1313074920767750144
1311683339401801728
1311995230812614656
1322607088976175107
1322486917930323972
1313921889509703682
1313028386315476992
1312118966765064192
1312009478221500417
1311615680614105088
1322587647655743490
1322507566425976832
1322556483192717312
1321596980695650305
1322602893602656263
1321009577790369797
1312828677344964608
1322545785926541312
1312029092443820033
1317471238021939200
1311995591841452032
1314108546544476162
1314998494831222786
1322463586984304640
1312830234501279747
1315897685925339136
1322506477932859394
1322688578602893313
1322529560584462337
1322555873949081602
1314099282182578176
1312006247089090563
1319389423486816257
1312813660922884102
1322521850795143170
1319379317596561408
1313975344811126785
1312697476995059712
1319408266083008513
1312810231324442624
1319436572882763777
1311764936385802247
1313855338223894528
1320729329601490945
1316675684631220226
1311984575476830209
1312822033647099904
1317182930536534022
1322605149651697664
1313505207146381314
1313476646721261575
1322567723323371522
1313800085638086656
1311996791680794624
1314063537996734465
1313489422759997447
1312677188211216384
1322612297999798272
1313474946845282305
1319182688327184385
1315934266182770688
1322501980846247936
1312842662077181954
1313867296331489281
1322689159899787265
1322670029083729921
1315684744584138753
1313042135130820609
1318544129366917128
1322662426978979843
1313597808444952576
1311761368341770240
1313961014367485953
1312680714626912256
1313351357433352194
1322589190643716101
1322558484144148481
1322478243379818496
1313923070609027075
1322574333877882881
1311456029121695750
1319181947856445440
1322493261290770432
1322498856072990720
1315961533789360128
1322508083462049792
1311697425359224832
1320001577218936833
1322502959180251139
1316071894324580354
1322595474378002434
1313054511917916160
1312098631214723072
1312775364201132032
1315703466405310464
1313814725839462403
1322627143885590531
1322462584428265472
1313782397390008320
1322455394476793856
1321560493295849474
1312816771280367617
1322664691743817728
1322605927535661057
1313475179822153732
1322525604567306241
1322631836334477314
1315724759993331715
1322655139556134912
1322644016589119489
1322623777075843076
1322552449299697668
1312680722302480384
1313811866301485056
1322520633859887104
1320015784643579906
1322514043350011904
1312000049967235074
1312026282041970691
1315993879485861888
1314061428333125633
1311997006542524417
1313928834341892097
1321072735779508225
1319172106849050629
1311568206868422656
1322434263082508289
1322542090765668352
1322586936616361984
1322499839347904518
1320035108607459330
1322465132870512640
1313867484915732480
1312819640352022529
1322511088399908871
1322479299249786880
1322542446023237634
1313476139915055105
1312708277629788160
1311489837376167937
1313950205595783168
1311692022185693186
1322544414556889089
1314459148021567488
1311685834182139909
1322614147645923328
1311714864524668930
1322687119144476674
1312892933272752129
1322326805844578304
1311765272773222400
1322619585485561861
1321590472033345536
1322478416550072321
1313922666454286339
1312072880616767490
1312833530234368002
1312122723712208902
1322517661935407104
1322479692201512960
1322577154144673794
1313816260329852928
1321570223854624768
1322626993050046465
1312841320206143488
1312802817506185216
1313862954274754560
1322469404068765697
1316114245403193345
1311575041457430532
1321735275731689472
1321566428949041154
1322535425500684289
1312115295209680896
1313059916303794176
1317184171463352322
1322541180505251841
1322496687429091328
1322683792822251520
1322624621301108736
1322571285185073156
1316363898249936896
1313473948756172800
1312328861984739329
1322587532622782469
1322662419936747521
1312678748718850048
1312010564718264320
1314602974379941890
1322530548775112706
1312031161682665472
1322473567318089728
1322461807911538688
1322475456143282176
1315754150622310400
1322609467209453570
1312737922882457600
1322214912983207936
1313550167497469953
1312780465712107520
1322469587070443525
1311683667660550146
1311705898449018882
1315936258997317632
1319894449560932352
1316359035164209153
1311714390698266625
1313934037115961346
1311929225725779968
1322619423165980672
1320551721056276484
1322520243508514816
1312117429883990018
1322494038151516160
1316409069285126145
1313780314687311872
1312796622351466496
1322523058649923586
1322481569391673345
1319982329822138370
1322559676496707585
1313943781394309124
1313852552778309632
1313898152081096704
1313869929809051650
1320015626409267205
1312002027615145984
1311721620260691968
1319171112455016448
1322085254090362880
1322576404756811776
1315933526408261632
1312296663881519104
1313837818066726917
1321009140676788225
1313784515366653952
1321841669742931968
1322527070023491584
1316420942877413379
1311995085828091910
1313875709908185097
1315688584419082241
1322614079509405696
1311765188002172929
1315936236855603203
1313479017065000962
1322507490152665089
1322475034921914369
1314102346884972544
1316394507060080641
1312690615713497090
1322650990726811648
1313861233804824577
1322493086686203906
1322554049674256386
1321573455683297280
1319388131179810816
1313780418261417985
1322611473559048194
1322526468581318661
1322450154381860864
1311994910883680258
1311615932280836098
1322626817547788291
1322555101475721218
1315682123337076738
1312718470065389568
1322528478386933760
1322549466449272833
1322600071012196356
1322529677987205120
1313855077975810050
1322514781845204995
1313928515650289670
1313491136544210944
1311684240833228808
1315707341858373633
1312035182766100480
1311771199828045825
1322614085704404992
1313804975307456515
1321752143687114752
1316036356121001985
1321044017203859457
1322671954382512130
1321564333185200128
1321575843773206528
1312824109487726593
1322571411400105984
1322495445009014784
1314081016974372865
1311748303344799744
1312803709924110336
1322566145619202051
1312826904744005632
1322483356530020353
1311695555416985602
1312676504048934912
1315735995682181120
1322493725440942081
1322672291331952646
1320068862658957313
1322573515711795200
1313683248543936512
1313788486638620672
1315740039469584384
1322477255382212608
1322215496566059008
1322623522926170113
1322624404203950084
1322560103594295297
1322486035847274496
1321561298803580929
1313781027157008386
1312694153852129280
1311812422966087680
1317086433262358530
1312802566418423809
1313807128763813889
1321886716542799874
1322491327184097281
1322526930533572611
1322617110892290049
1312095882406313984
1311686914160898052
1312033973439287297
1314189568216883201
1316570575809191938
1322593724715642880
1315702442345017346
1322629389897682944
1312677171341733890
1319378856193757194
1312688856140050432
1322471863960936450
1322492116363259904
1311784688642674688
1322474427318177792
1313014978094432256
1313996986329305090
1322602815571853312
1315966881321414656
1321009987662077953
1321010213592436736
1322483228305928192
1322616131690127360
1322463962043211776
1321014739921735680
1312836308059009025
1322540726144651265
1322576609812140033
1312031898588381185
1322554074693308417
1311683677919809538
1322469571362775040
1321014287754821634
1311693821579792384
1322513317597007875
1314622704360787970
1322593608810274817
1322480187502714885
1312696081164242946
1316059170836283406
1321026949700034561
1313473600045879298
1322481318920413184
1312835808865460225
1322464318311538689
1312823604120350722
1312005664332492801
1321770377811496961
1322503686468390912
1322491649902186497
1321558055243440128
1315693959935668225
1315704064890605569
1312814247613804547
1312831867826122753
1312795003383668741
1322644077683367939
1322507824249917447
1322591877175091200
1321025256690167811
1313797944559177728
1322630393045131264
1311682730846048256
1322557960002916352
1322538632343920640
1322656737221136387
1318471917431607297
1312814723096866816
1322469172786450432
1319381797004890113
1312078482961203201
1315945704175611904
1312768016363540482
1317475481009246209
1315971699330908161
1312677335112572928
1322491503688691713
1312847540463841283
1322610506398605313
1322517108429905920
1322485920520642561
1322499839305916417
1318448496454848512
1311698762025271296
1319993469474131970
1322509446770294785
1322584550053216257
1322477457916760064
1313832497294303232
1311815225147088896
1312004654860062722
1322478825893224448
1319414987849334789
1319995871141023745
1312746810759434241
1312670570627072002
1322592621332733953
1322597702287458307
1322593771876458496
1321568982411943939
1312803490880720902
1322567675277619201
1313885970295648261
1322665324827807748
1322589391156596742
1321016152332652544
1322530655415259136
1322470785815089152
1313779726742368262
1322559346144911361
1312845741925294080
1313972522271019009
1312827661576740866
1322661831236853760
1313845647938908160
1322561244872794112
1318808799445241856
1320070204647460867
1322462865324937216
1322607786543501313
1312009677945872385
1313795884874948611
1322551251729567746
1312801817877770241
1312804823151063040
1322644029016821767
1315939779293466624
1322591782002151424
1316088560492187650
1322483586482712577
1321014052034805760
1319991514165137409
1322609570238369799
1322501586229301250
1311992300847927301
1322436112548323328
1315004120177291264
1322660285266710530
1312261798805078018
1322473472510038016
1318462359527165958
1322513326392414208
1312826960217804807
1312679237581709312
1311684665837748224
1312673227999764482
1312112920952598529
1312032239752888320
1311640569857404928
1319395771431661568
1316438108330774528
1318525539007823872
1316717413669502977
1312712017866903552
1313968601825763328
1322521837310541824
1322484815606779904
1319378342076964866
1312802956614533121
1311692280508620803
1322633059221602305
1313828296275177472
1313915971648868352
1312677794565042177
1321700497674436609
1322633706666864640
1322463127808651264
1322536263958863872
1319175452578226177
1321561473571803138
1322513166966919170
1319402399853850630
1312009893751271428
1321023262449717248
1313881325372403713
1319392442785931268
1313828719153369089
1313863296408322049
1321757685562413056
1312696818065649664
1322552417859346435
1322645851588726784
1311696598041231360
1319999412798689280
1322524502916517891
1313841317986922496
1311573223755132928
1322642680074088451
1312774078063730691
1311984247926935553
1322657000216502273
1312815749849907207
1322520080484388864
1322496630386577408
1322518020531605504
1322492879177211904
1321010416672219136
1312711281078669313
1322562443474833409
1312670219974987776
1319551954419388416
1321713285234872322
1322536748522606593
1319520284014161920
1311996102774861824
1315723594438193153
1312845055611277314
1319988164132524043
1322664119397437448
1315992544820506624
1312836191318937607
1313783962590998528
1322475345287745537
1322475832980459521
1313829710888087552
1322634106203787264
1321795142370631680
1316110690772549633
1312828178927423490
1313875651569610758
1313930871032995842
1322438077965545472
1312808028178128896
1312684287540506631
1322627357409222659
1315935124526161921
1313976403336069121
1313843187790876672
1312853051275980801
1322482977650184195
1322523161057988609
1311984318089244673
1311986067982123012
1313807352169213954
1320272020161110016
1319994248821956608
1312287822678757376
1316440722392985602
1321737179840811009
1312823334762090501
1321010918621401094
1313957627127369729
1321560886151204865
1318472369749581829
1316061759090970625
1316425454467928065
1322534109378392064
1322250431171579905
1322583519273648128
1313978628796026885
1312826337728569346
1312862188470767617
1319387342419918848
1322683661234409472
1312858884923682817
1322553571456569345
1322609042456518656
1322563287444267008
1322572682546892808
1322600051886170112
1312829441098342403
1313951388343455752
1312742792934952960
1322682044250468352
1311995265348440064
1315950666125389824
1320024406488420352
1311679411188633603
1322485520979603456
1313837785237909504
1321760833916030976
1322492000487251968
1322545901953556482
1312821434364854273
1321104620056420352
1321015420422365184
1322680663410135048
1321729586187612160
1322465690729795586
1313967481539760128
1316372026928623617
1313840109524054017
1319514729208041472
1313474636785557507
1322653583486132225
1322474379079520258
1313867422458351622
1312681698929373185
1322107687946039299
1321576781883805697
1322476772013887488
1319417493786710018
1314102534793986048
1322538519219310592
1319381667673477123
1322445850145153024
1316025657990631441
1313942271700742145
1315716674201452545
1315942478030270465
1312099652850708480
1313883624400400386
1311705817469661184
1313973532288745473
1312951226863149056
1315934681943207936
1319400837177892864
1313882708725108736
1311688381961732097
1322556777637040130
1321013818626113536
1315773345166766080
1322481546977304584
1312672097114763265
1312714710417104897
1322623183632142338
1321723136904208384
1313932240745889794
1321009430352244742
1313920536343392260
1311985635712999424
1312823681119379458
1312787588932141056
1311684412841566210
1311993281480478722
1315905400789700610
1322546023827410944
1312063893632675840
1322595178834759680
1312804149931671553
1322623902900752384
1312040231072391168
1322573112970563586
1311696014764630016
1322609492337577986
1322328772973121537
1312812745172094977
1322500080553889792
1311698470596681730
1322491187618598914
1322562136204288000
1315718082250313728
1313905993412227074
1312886129029533696
1322470039300247552
1313860694450855937
1313793860137562114
1312031153633873920
1313845556758958082
1322573728333598721
1315699286412324864
1322493923881865218
1322648459007197184
1322521441791840256
1312062793408040962
1312996777407188993
1322491391533002753
1311576765320568833
1314077075096186880
1312848437822607360
1312104243143168000
1315727595460341760
1314008788949782529
1322674154689204231
1311759460193492995
1313867767746105346
1322623192977018883
1312811341674143751
1313875344341045250
1312811583635103744
1322621139471007745
1312068053539192832
1322543882828132352
1322571345226551299
1313167704333975553
1313971913417424898
1322617590347431939
1313907752264241154
1313846456760111106
1322619939686174725
1319382857903706140
1314060174416588801
1321020770223562752
1314096599635841024
1313892436301819904
1319383927669260295
1322469715382599680
1313911839844167680
1311771518934933507
1313931693691109376
1312800405382991877
1322615045717692419
1315679784878436358
1322606875830046725
1322616037070819330
1322660638607495173
1311604177001418752
1316065866413412352
1322559647627313152
1313974742458806273
1322518090198994944
1312148980743110656
1322464362892824576
1322673105597288449
1322308653903417345
1312811328046854146
1318489289781555202
1322539614570250240
1322537569599574017
1312156684849094659
1322658152198885377
1322643948633022464
1312054103871287297
1322558282318438400
1313955353239982083
1321566003143364608
1315945216818450432
1322607091308208128
1313798734321537024
1319985912823095297
1315758242065190914
1311617399138013185
1315745054514917382
1313917904149270528
1313879830379802625
1313934278380711937
1315718435595223043
1320009105717792768
1322510666641645568
1322478387332550656
1313622187471966208
1322482216446971905
1311606564453842944
1322467652963602432
1322471092158685185
1314127947905798148
1313862901262962689
1312806907070083077
1322436400818622464
1314089851814400001
1312811282962296837
1312011044118765568
1321561217337610246
1315969087558778884
1313956271108878339
1314041952233492486
1312725423957200896
1311798419703451649
1311640468464242689
1318514047038464001
1322451803666001920
1315743648181555209
1313970400624336902
1312699386540027905
1313958605931061250
1312805230506057729
1322465895655088130
1311562124322320384
1313855207634358274
1319389624259805185
1315937353211486208
1313125740288802816
1322476418991857666
1312677498325553152
1313845112175239168
1311746153306824705
1311603408806305792
1312813932558589952
1312798613450493952
1313780547618041857
1312991760965132289
1312800276852740097
1312139570763292673
1322481505986322433
1322606832049938434
1322438643982737410
1315951177910161409
1322642508757741569
1313855674959486976
1312103241560145920
1311732053608730626
1312816622504157187
1322514829324800000
1322562465201348609
1313789253843853312
1312102398895120384
1312720102215815170
1321035022414041089
1316082450813026311
1312672978413510656
1312042819557695489
1322460847944409088
1322644069726781441
1312825499610161153
1312063641701814274
1322550467499577344
1314009435526828032
1311769219307122690
1322308875878600706
1322551080279048192
1322647719421292544
1312812879813513216
1313780330009112577
1312696758825345025
1321016756031377408
1313861676479975424
1313790952008548358
1313563995362779139
1322582181605220359
1312831729539993600
1322605449724776455
1316346248086147072
1319392173104766977
1313069357833105416
1322428681491546112
1322626437719957508
1315939615472324608
1311785115664756744
1311665328091349002
1322499687270748161
1322472585955860480
1322514567310778369
1321036250959220737
1322468628613222400
1312817354217316354
1312803044241928194
1313889282545905664
1322616724634689537
1313793873299345410
1315787251880808448
1322585802723987457
1311681411183775749
1312683263660564485
1314271567917068288
1312687449240469504
1322487627992412160
1322681847168569346
1311685364919209989
1322499545150951424
1312714322196430850
1315959018280701952
1322611777834725377
1313922998596964353
1319380436750127104
1322625254607519745
1311986439098454017
1321361682287988736
1322048640056086528
1322648690994171906
1322482155201744897
1321109792665030659
1322568946504052736
1313948347183628288
1322503970066190337
1313816892960903175
1322514956798013441
1312842303619436546
1312800365612609537
1322596029074755590
1315677136686997504
1316110615077937156
1319993281930022912
1321564352001069058
1311996708000325633
1322327577080565762
1321562316652093442
1319984597833318401
1322596222809591813
1322612360616574980
1322501617585893376
1322513654793850880
1312799890154684417
1322511654614114305
1311992927892180992
1312795417202044933
1322586429873180673
1321044998561931264
1312809290307166208
1322564426814423041
1322615144116092930
1311776146434994176
1319380245225607192
1319181787650756609
1312795364118933515
1312808948752429065
1311685629466509316
1322466277974249472
1322492424179060737
1315970695772372994
1322624799970086913
1322641668601008129
1322214542663962625
1312215192835514369
1312794438087966721
1315969823478865920
1313501010682359809
1311992939460071430
1313785650584395776
1322653826713849859
1315935426146959360
1315678448833228800
1322639002898436096
1319392454492258305
1311603091431661568
1313788084002213890
1318257856605454336
1312809124338577408
1321009835589226497
1312033458223484928
1322551462686318592
1322562121708822528
1321012588365361152
1321614127962402817
1321025932648353794
1315001284362145792
1312714954118705153
1315674560818278401
1311985792672243712
1322502064660951040
1311995053569650689
1312075567953596427
1322508419857862656
1315694047466590209
1312688022438187008
1319383241695035392
1313802168659570688
1312726890407440384
1312119709702123521
1314027688911306754
1312829779029233664
1322569765127393281
1319515396265922560
1313805072896348162
1312734485050425344
1313861611367657478
1312794288846188546
1312805141461032961
1322563444298711042
1311777779755687938
1322483142981242882
1321047808498126850
1315967539139223554
1312436681677520896
1322511987843227648
1311695891628257280
1313954107514859520
1319991600798441479
1322557621925302275
1312017309758902274
1322518385788362761
1322633873969303554
1322662601579528198
1312865055126499330
1311985518754885634
1322456265566703616
1322488955879759872
1322443999907598336
1312798672351002624
1322562558998532096
1322518225993826304
1322506142162046977
1322517326919536641
1319385973067833348
1322548358137958400
1315677674266857476
1321574803241926658
1316484658524291072
1321757823424974848
1312669618943729664
1313808217730879488
1322591770312626176
1318272925930225664
1312686510748192768
1322610565664149506
1322522644441370624
1322635868255956994
1311710290686414854
1322641043993579520
1322552481621135367
1319981571370352641
1313868074467106816
1312876387959742465
1312134759577907200
1312686513445056512
1311580005160411136
1322614178855735297
1319177935228633088
1311631872242388992
1322605889593974789
1322475368767541251
1322514602194817024
1319386366673932293
1312776605887062018
1312007612238573568
1312725700462477312
1312082012883292161
1320691187662147584
1322445542555877376
1315934957383094273
1322548607275405312
1313842171573923840
1322330234247663617
1322574277992976390
1312893349146374151
1322469554367401984
1322563143558746114
1322594249142079497
1316062606126391297
1311994690464514048
1322470739207983104
1313955002709348352
1312800179892912129
1311999059872411648
1322617182312910849
1312835641449775104
1322567624878903297
1316721481070579714
1321199175162302465
1317430727517130752
1313520911178444800
1312850621612077056
1313902485392809986
1322511530982809600
1322514062098472960
1322523915219066881
1312846584082767872
1311683416128131072
1319378341493936147
1312825082373386241
1313811440625758208
1322561278481752066
1322462925274161152
1313780696641679362
1319990604688969728
1315680466582802433
1322618548800409602
1322576556150165507
1322565030982914048
1322489829054156801
1312694817516933120
1322476756914360321
1322463897090215936
1312684928182751232
1315677981289873409
1315684241632526336
1311699123620454400
1312808069051682817
1312833545086394368
1322667400970588163
1322632208054669313
1322596872448626688
1311607620608851968
1312685185176141824
1319402581320454145
1322675318906302465
1313896009345490945
1313785411626508290
1313914350982311937
1314053539459719169
1312791578742853639
1312739065029165056
1322466286614597632
1316127554772914176
1312675960605609984
1312682746259570688
1321027153853587456
1322484563294171136
1313840197608640512
1322507354232016898
1311481332174925825
1312117821443198976
1313885501410156544
1313170333952806920
1313929223602569217
1312701180544454663
1312801059543412742
1312862695335636994
1322517586958012417
1322313860414689281
1319431556272971777
1318591424749834240
1312226098344792067
1322580656937934849
1322546873752801280
1320012657286647812
1317714125880020992
1313578922999767041
1315935731093733376
1322526537221111808
1319483404501516290
1319177306729046016
1322542599757045760
1322687644225150978
1322536297248993284
1322555807242833920
1322520411448483847
1311916783985659904
1311994634810294272
1322558403844186121
1317600139779952640
1320053738053242880
1315723496824213504
1312011326223536128
1316001895622864897
1313844576042520576
1312702745602928645
1322095314250174464
1312020578845499394
1319182153473839106
1313579396104585221
1322642106096246784
1313991835761684482
1322493020038717440
1322310565038051328
1322631431710007298
1322626077567688704
1312673831371366400
1322537329072943105
1322571642434953223
1322475884792762373
1312034451187273729
1322497687619620865
1318467630890668032
1312803675736338432
1322520106275098624
1312009715296108544
1313819519899631616
1315709073984237568
1311608713610919938
1312798982184329216
1319998240876580864
1322557191535140864
1313887260882939906
1311682839562334209
1322587422169964544
1312765183702507521
1313927631260266499
1322507332492906497
1322514768931028995
1320299762038509568
1312913245724979201
1312834219392073728
1315958042786234368
1319411532913049600
1311611995523817472
1320088347046457346
1315677994657222656
1322532696371924994
1311995245366784001
1316390717477064704
1322470791250874368
1312860970641956864
1312861252977332224
1318463856587558912
1322472143016366080
1311686526754066433
1320839175487311875
1313964685406937090
1313488210438352899
1311755947380015116
1322485589028077568
1321052201779924994
1322463568240009216
1313487647973801987
1322588534407127041
1315245666063601664
1322512738313216003
1322501106157735939
1322507461664845826
1322500284602613760
1311780395302760449
1312671168332271616
1311695691455107073
1312882474901540866
1312827877092659200
1319387487828062208
1322666314335428608
1321014583138619392
1313783685603373056
1322449909249966080
1322541372600102914
1313779961149485056
1322664478710943749
1322551713786699776
1312707753228500997
1312192286550179842
1322470565387603968
1322540119912534016
1321747975912230913
1322563423016787971
1314063118411141122
1312689808196669440
1321572831256322049
1315703404451201025
1313523791537025024
1313965328259579904
1312821969893691394
1313833714347110400
1322587469917888512
1318479691716714497
1312853125078933507
1312837781975117825
1311734971627982848
1322536733062344704
1312798271602126849
1322634026147074050
1315699004727009289
1319382885024043009
1322494124977803266
1312798049937260546
1311694740212133888
1313838682999324673
1311590758282137600
1322500422347739136
1321565519934349313
1322530765142450176
1312027972338098176
1312759995814084609
1322538001147269120
1313905021394845696
1321138265303506946
1313781172527341568
1313815495339114497
1322451220796215296
1322541088503115778
1322590965471809536
1322666189919801344
1313848347749421057
1312069375919357953
1319379855461449728
1322616441766641669
1313896681101029376
1319378913097928704
1311603631528046593
1312674124066705408
1321572764747288579
1312149107604033536
1311764478460035074
1312796603108012033
1322609295121416193
1322562310741889027
1322483557546250240
1311718343720816641
1322485721828118528
1322572333345873922
1322540376188739585
1322507184836694018
1315971766972559362
1312804832370196481
1322556552088346630
1314072739808972800
1312679800197259265
1315945805388353541
1322606282155696132
1317467639804035073
1322462242781233152
1313892566186840064
1322550191078154246
1322485962602139648
1322590697321627648
1312804722345234443
1312802986381508611
1311720139528732673
1322466340607791107
1322514299261231105
1322585037620072450
1322470234343747584
1322506587781607425
1322444648619646982
1311985745855422464
1312980320522825729
1322650823000805376
1322564107342663681
1315970762965213185
1311469434901532673
1312704110307745793
1313045601433640962
1312858069169328129
1312827819278438400
1322561183090618373
1322665250848706561
1313496410961203201
1319573346984579075
1312022517436030979
1312856971180224515
1312804543244238850
1322654419222175746
1322475040030556161
1322500143988547585
1322581368174530561
1312889514654945280
1321560059743244289
1313824470189191168
1312769089153183747
1315934674640830465
1312670009819361280
1322505308091146245
1322494860713222150
1322527902886408195
1313825202082639877
1322565203905622019
1322530868754325504
1321758351659880448
1322514197595492354
1313552763066945538
1312828315942686722
1322332980266913793
1312879804190949377
1319379524962967553
1313865875418738689
1312778490404655105
1322561557851721728
1321758081760612352
1311688302244909067
1322557038006816768
1322546588615692288
1322480308365807618
1312903849603141637
1311985462035308545
1316987877960699904
1322577363075534848
1322647982026723328
1311986745332895748
1315950167594536961
1322463220263772161
1312794927517007873
1312754374142300161
1322470721067667456
1319996601683804161
1322483510360363010
1312818585950134273
1312851480622387204
1321560422907023362
1313538476198055936
1322464616044220417
1322555233206194176
1312074553984782337
1318473847427969028
1322622585604067329
1312021462472065024
1322662182098817025
1311759731954982916
1322546284696403968
1318993682826231808
1311996960375738368
1312809153631522817
1312762282863099904
1311711978071756802
1321779419489488896
1312017971758456833
1318897679179616258
1312810474619260930
1313799290272309252
1322479541844135937
1311534004655534082
1316040977644171264
1321560933274189824
1313903110113366018
1313899827927945217
1321885232426004480
1322500727156125696
1322558651773702144
1322530812936466432
1312055805596839937
1312830895536115712
1311988259946405888
1319982197957414914
1322497398204235776
1322564885016956928
1315994006485110784
1312804315245969408
1311637139294171137
1312882832893673473
1322487728160804864
1315715847181262848
1316050580671008768
1322548255771762693
1322582189280735233
1322468485394583553
1321578467855605760
1312672795709628416
1318485647469010944
1322487201029103616
1322488327996608513
1315703080592211970
1311994789102071809
1322312793782210562
1320045758331166722
1322476298153959424
1319382408999960578
1322673814627618818
1312026908377452544
1322674557199749125
1322499467250225152
1312039407789236224
1313821698601426947
1312822716593045506
1322619425170870276
1312047105918328834
1311740272120926210
1312004355948720129
1319386501420023809
1312789038492012545
1311991686332121089
1312686516414668801
1322474115295531008
1322500122463346689
1312823021074345985
1312802441268727810
1318459529051463681
1315938330131955714
1313916910770290689
1313805672228761600
1321029179555647489
1322473040559677440
1312030516049260544
1321462129313153026
1313937714765537280
1313923513179418625
1312009299795689475
1312985320917528577
1312670482257399809
1312821037583806472
1312166393085792256
1312925092989603840
1322600722249166848
1321760944687599618
1322678416408252416
1321720326007476224
1322544449839353858
1322508955936002049
1322153593881972736
1313597063075188739
1311543269604589568
1321555020001796096
1312082303313739776
1322596651526197249
1322589614222286849
1322557044738547714
1319377627434594304
1322479163224301568
1316093375737720838
1312746704274296832
1313868328448950272
1322623800526147584
1322454238056820736
1318478459132325889
1313801283875287040
1315677669800005635
1322473837141893120
1322591409266925573
1322567383693799431
1319381301678510089
1313413120023506944
1322631849127063554
1315694148293451777
1313823878867824640
1322561573307719680
1313999524709437442
1313795233575063557
1311728590124449793
1312011010094641152
1322653380620288003
1322618383913943040
1311580846453817345
1322556930167111683
1312813477816344576
1320016254699266050
1322493236192169986
