1552819548319109120
1552715058190360581
1548011319139307524
1549296829916930048
1552768667372462080
1552085207376953346
1551964438718300161
1552036409225142272
1552326016567316480
1552225398443892741
1552767582419165185
1551973427136942080
1549288459025715202
1544445457707012097
1552228398293991426
1552139149897093122
1549507270572216320
1552579109729046528
1552201973793001472
1552038744362029059
1552320147439886337
1552627695699492866
1549147214731173891
1549108480065376256
1549360464030728193
1549034706343145472
1551979125727952897
1549285725048291328
1552598853316218880
1552026143250939906
1552615931129597958
1549663958730264576
1552748242995187713
1551456668835348481
1552361704671137793
1549875295200632833
1552586035065913346
1552570001634328576
1549421390205444097
1549089391901114369
1549141778976104450
1549035060975656960
1544057787373830144
1553636587136843776
1552024079087140867
1552178072803328000
1549316119600799749
1552299861646708740
1549341829606379520
1549104764725899269
1552185486990516224
1550394872821153792
1549528313307271168
1549496405567455235
1550182602832654338
1549200450909622273
1552701538723930113
1552643156662837249
1552909603612024832
1552608134681829378
1548756881514336257
1549331151705325568
1552356661095956480
1549452956944187400
1552033164033495044
1548771161047285761
1549158921063043086
1543925444231184385
1552620847629844481
1552598061167394817
1552665148271300610
1552564924890681344
1553027868552269824
1551996068929445890
1544746441976971270
1552747196805791746
1552256701872672768
1552028237672448000
1549313817850646528
1549082208366985216
1552234484560429058
1549155174836486145
1549060171732754435
1552562183191625729
1552250978774257664
1549450814934188034
1543877164881297411
1551988613629501442
1552092971964694529
1553123447655514115
1552215016820072448
1549068895167840256
1552582293612646406
1552170124798578693
1552662553339248641
1552763951666151424
1549073809776545793
1549094810254036994
1543904728354099200
1552293270725828616
1553327096683978752
1552299154331897856
1549338330323623938
1552584336410550278
1552048103976476672
1549061843020386305
1549036528131014656
1552769833225289728
1552606667350675459
1552278669317513216
1552688388385521666
1552664936421199873
1552680531787235331
1552687293328199680
1552576722448662529
1552279707722420225
1549154833957093377
1552380427448598528
1553115883245010944
1544335878549544961
1552526908633620480
1549856089839210496
1552011389375496192
1552056381703966722
1552605947301863424
1552654585579196421
1546189265587109891
1552260148630114305
1549302237192675330
1552091602239344642
1549294799097847810
1552322074944864256
1544791187692855296
1552407817214115850
1552014906282622976
1552603969603657728
1546191384243277825
1552068533466664960
1549327833578852354
1549246044537585665
1549393268143804418
1552661864492007427
1552604486258069504
1551974872993222657
1552626843433459712
1552735602134614016
1549046482048847875
1544342012681687040
1551990187252654081
1549776654788169731
1552054567973576705
1552210691549007873
1552789831394238465
1552050018751741953
1549085885592895489
1552038626980151301
1549880987194011650
1552755844760100871
1549118053316698113
1552559251628908544
1543999855902834690
1550032901152055296
1552589543047585793
1552007876536934403
1552759065230671875
1553444527628816386
1552190455500210178
1552603875194159104
1552963062856024064
1552675617790910470
1552770703291826176
1552048280384806918
1552029655397539840
1552772071561764864
1549039418954043392
1553044276778618880
1553319393672708097
1552681473957892097
1552052388273569793
1544452148104409088
1549507512440856578
1552599136062636034
1549166411116847106
1551983326600331266
1552296955992219648
1546193948657451008
1552634342991708160
1552588272588791809
1544334553388666880
1552139473357623301
1549137765895491593
1552679579013218304
1552657542316171264
1553716268406116353
1549388479351721984
1544336743159169026
1549176051280105473
1549376244772478978
1549340234223083521
1549078922951684099
1546123264015192064
1549078599961120768
1548817782871040003
1549301721100390401
1552689303741923329
1549229611636211712
1553729593646931969
1552246874840645634
1549422785046487040
1552725281043013633
1552184664219066374
1552925438766456835
1549080198158639106
1552533848356954112
1549248023397650432
1545009324954730496
1552786911479169024
1552066803433672711
1552643490055593984
1553552984356913158
1552573267478822912
1552741807280340992
1549408523615977473
1548917792325668864
1552170159133057027
1552608043216654337
1552213945641041920
1552036137102987267
1548958717151936512
1552287225504829441
1552733282692907011
1549373457619714050
1543913298793562112
1548893283123953664
1546529105520300037
1549138856028651523
1549126528461570051
1549492591237947394
1549040491530166273
1548772104153219072
1549360907704205312
1551972926106238976
1552013114551435266
1552546250297319425
1549854074866212865
1552651770496552960
1552202094853120000
1552418397471866880
1552320747523244033
1552009957410734081
1552621156913610753
1549085162687922177
1552662520242003968
1552625236352409600
1549133809072881664
1552280780356861957
1552381917730856963
1552580303289475072
1550121288718462978
1552567369838501889
1552651587536838658
1549054425246875649
1552764876682051584
1549328972126773248
1552218211340394496
1552019565076529152
1549624576832831488
1552030363983253505
1551975929630670848
1549288447302565888
1543885894394040321
1550437976022421504
1548795184217001985
1550176221224488965
1553641701436264448
1552582971873525761
1549373976492777472
1549059699865227264
1552036294594789376
1551985808181182465
1552797835954905088
1552731058478759936
1549742536910045185
1552635019864248326
1552640166933790722
1549342476569378816
1552671679993810944
1552345597973512192
1553491672415313920
1552059985491890176
1552719554635251713
1552413611053797376
1553677194479673344
1543888409105776640
1548772827054096384
1552007130370215941
1552663353054609408
1549049239862669313
1549377911374991360
1552573642856439808
1552669803910922240
1552673573881380865
1551976174057930752
1549269014731431937
1544335131577667587
1553322873661554692
1552622912942776320
1549273888978264064
1544430394480775174
1549284352617586688
1553662493523861507
1552417570162200577
1551967536975077377
1545861105154678784
1552622731132280832
1552027536321925123
1552821629142663168
1549202679217487872
1552579048886439937
1552542936025505794
1552160922965245959
1552016257326645250
1549037644423630848
1552577763932094465
1552174455882924033
1552704676956700672
1548732470039805957
1552764960983359488
1546137669234790403
1552043715136462860
1549873420065701888
1552614597651202051
1549283881202978821
1552730499210264579
1552205746825306112
1552685007810043905
1552024530507505665
1549385157366398981
1546113075270619136
1551960413742448646
1552785532912017408
1552276471720321032
1552612449148407808
1552776945435287552
1552568652288901121
1552585446194122752
1552214404745367553
1549864555047698432
1549844090841341952
1549428814702419968
1552384080045658113
1544375093849194497
1552043579882749953
1553336511831183360
1552559953814093828
1552977408223059968
1552196618555985921
1552618820191358978
1552048673881817091
1544342958778028032
1548770850245066754
1552888198954713089
1549359395007565825
1549340251809800192
1552029952966549506
1549085581690413057
1552700800383819780
1552202684282900481
1549154404405739520
1552764042829340672
1552730105973284864
1552692324114874369
1551963012403191808
1548951663750385665
1553499893364301824
1553128785750401024
1552284711615139840
1552202148154408960
1549070041303240705
1549049672547057665
1549087815090274304
1552736739478863872
1552049937508175872
1549103096768483329
1552644645573853184
1550961379812818944
1553726858448994305
1552138431018450944
1549317777810489344
1551964768000528385
1552753924364550144
1549143449152225285
1552680768454942723
1552133635742076930
1552390412479987717
1551982550360416258
1549261581938302977
1552756406079700993
1552016128284688384
1549369018309660673
1552260031076335616
1552000657930043394
1549036535429083136
1551983171922759682
1552859208122499074
1552294813562806279
1551965758116270080
1549068486583910400
1549854380194762756
1549087309626310656
1552607453652684801
1549276958655221760
1543891282862407682
1552263038711070720
1552305770368319489
1552732576770580480
1549057083638775808
1553150351121039361
1552301020205678592
1552596159780241411
1553490837044183040
1552191238992023553
1552251014480273410
1552668843776135168
1552057989581914112
1549083093369339905
1549857129502314497
1552779433089634305
1544327389727031297
1552906270197309441
1552808430183800832
1549078508068110338
1552022571616555008
1552699221517766656
1552746518523875329
1552022957404430336
1549541066138853378
1552609525366411264
1552004516895199233
1549278419594141698
1553471027153408002
1552596933620948993
1552009426105688064
1552592006798622721
1549328940493307904
1549081326061494272
1552050367424233475
1552021795695464449
1549382640335290368
1551978478899236866
1549058693139931136
1549338374737125376
1552598504463269888
1551985773913817090
1549861386871881729
1553724753873092608
1549366884423942144
1552214170245939200
1552158667235008512
1553816683990622210
1552317415240900608
1549035960712974340
1552071993767378946
1552320059858718720
1552012560223854592
1549340139557732352
1549140166572445703
1552577971856318464
1552598294471344129
1549480724654428161
1549365115186823169
1552855847495208960
1549143828279484420
1552282181602627586
1552169490783375360
1552987617364434947
1552149003378491392
1544450680974442496
1549385565346349059
1552091363873005568
1552077813204885506
1552045712212361218
1547152624713080834
1545011891159834625
1542782035126788097
1551999500612472832
1552263652404854785
1549237190118576128
1552648804255637504
1549162906197327872
1544333056412160010
1552687769973133314
1549391087671943168
1552209744101777408
1549149608328450048
1552232917711159298
1549156522751660035
1549184095741263873
1551964465868029954
1549314224643522561
1552581694716317696
1546071973155028993
1549494581556875265
1552360687846006784
1552019484600410112
1549342678164406274
1548791768442961920
1549318855641677824
1552034670501658625
1551969932103098372
1552049598344351745
1548692903672909831
1550010763460460545
1552953660891611136
1549329469965565952
1549061580498915329
1552742531191955456
1549035746454937600
1552102215631896577
1552023293607174144
1549255334568644608
1544483862671138816
1552002155921416192
1549122445227003904
1544334497537314817
1552005599193452544
1552290879477633024
1552261399480619013
1552636888468553730
1544552603228536832
1549157449747275776
1552077735476043776
1549153636638498816
1552769330093375490
1549003850820075521
1552853205566083072
1552806098197008385
1549413331252953089
1552214399812833282
1551380821642207232
1552053991592402947
1549376005936119813
1545135258751877122
1549062117881421825
1552281144384802816
1552260095433707520
1552183959743864832
1552333337661947906
1552572832764264448
1549388103156121603
1552263599636336641
1549069256913985536
1551960985157738496
1548777297414610944
1551972436228415488
1549528711556481031
1549087235701604354
1552958568999145472
1549333435268866048
1548919700192727041
1552175803181449217
1552183810049118208
1552067334248042502
1545824351685066752
1552623356956008449
1551998363167604739
1553662609530011649
1549042357915758594
1549084671895605249
1552799954825011200
1552690873741283329
1550789395996938240
1552035551653543941
1552527003743567872
1552808772699037696
1551996459586916354
1545056295828393989
1549356867402571777
1552262178379636736
1552807200799834112
1549302664181202950
1549046907301134337
1551973720104763392
1552204568812994560
1552047174430629889
1552011109246328832
1549295880603422723
1549054015522033665
1552661413444845568
1552271513449119745
1552715981109268482
1543908071738691586
1543891593618391041
1548897128667381760
1550022905635000320
1552388175024328705
1552325647661518854
1551996212445945859
1549075603655200769
1552617545416544259
1552239637988605954
1552018313923928067
1552621194976940033
1552331673878118401
1553654682857492480
1551992959947653120
1552290349292347392
1550589576976138248
1549893990748721153
1549138357711937538
1545161355891712003
1552139405426556929
1552757996954042368
1549049782890790912
1543200914458173440
1549354419564724226
1552589799344803840
1552612175704907776
1552603617261223938
1552558644465750016
1552347483925348352
1549057108389273600
1549262406785941504
1552640879537569795
1552164811567505409
1552238619221434369
1549055937373425664
1549854422112653313
1552044980822331392
1551993525461458944
1552718110154711040
1549038298072420357
1552567189307363329
1549316693087895552
1549206836867469313
1549293619907018754
1552565347269709830
1552064330912473098
1549382704311009281
1552035354261209089
1552301959171948544
1549885203480563713
1552558295503749120
1549344799639179264
1549193477132615682
1552582118957633539
1552601565093138437
1546197683328761859
1552583378184142848
1551980385650855938
1553599445845016577
1552736425464008704
1552014961408458758
1552232465296760833
1552051003800911872
1552062762691563520
1552691003899138048
1552591092071243776
1549274060357619712
1549600651352621057
1552759792288108545
1549154728361299970
1552683604890861570
1552033727445975044
1552828646246735874
1543728361230458881
1552016254231367680
1549036787733250049
1552981996003115008
1544445095583309825
1552789658630856707
1552633712520699905
1552286207563939842
1549031957656264705
1548770773766180867
1549314946147704833
1552051529045131270
1552030600445444098
1552628508098273280
1552810882752778241
1549102561180925952
1549360569492406274
1552659751519092736
1552343504440926214
1551995008483557379
1551982797170122754
1551981288600518658
1553473757762691074
1552639304559640576
1551974181021040642
1552047279326040065
1552729815815524352
1552095935760662528
1551544804491804673
1550427401611534337
1549111953389502464
1549051693530169345
1544338876411568131
1549314786822963201
1550022538629206016
1549088079545262081
1552237605349167104
1552199260875235329
1549117658771120129
1552034633545666561
1552739654822232064
1553446462553563140
1552280426156380160
1552699058581606406
1553438432474660864
1552028257876381697
1552330021360074755
1552595441946083328
1553616323669905409
1552805203992272898
1552687717762453505
1552796294418145281
1552252028767838208
1552150199379820547
1552025086898671616
1552039201918566400
1552710677072068608
1543890874173644801
1553320668426543104
1552576182159302656
1552413739261071362
1549143768632287232
1552360999847608320
1552782349431185408
1552931451875856385
1552599903746117633
1551971341158473729
1551988626384461830
1551973117098082305
1552585376451203073
1549083253134573570
1552280143187812352
1552712529968857096
1551968685052534784
1544727440613904390
1552033395861069831
1549854509454745600
1549079838069325825
1552046140044021769
1552050346230484995
1548752646399561730
1552050284611919872
1549088322533867524
1549147526909104129
1552002840641650690
1549149421908131840
1549363710938038274
1546117784706367489
1552321906942115840
1552149435752366082
1552730311309594631
1552698832093417473
1551973037293158400
1552603695187214336
1552142814242381825
1552031885488013312
1552006069983002624
1547260127773970436
1552705112858042370
1552603064678457344
1544019183872131073
1552053808720748545
1552293403416825856
1552224339885494274
1552036631573630976
1552340391009083393
1552514113523310592
1552716426032455680
1549088336148668417
1552051908558340106
1549039239249047552
1552035954596126720
1552283893725904896
1553092901982330880
1549412766670360576
1549335717825978370
1552349079992246274
1552273544339496961
1552057871713669120
1549332640855166978
1549078905499406338
1549067373931646979
1552937615216844806
1552071510466220033
1552623947593781249
1549107171794763778
1552583201511690240
1552591384510701569
1551988041190866945
1553453561203331074
1552560564752322561
1552593837171900416
1551973634029256705
1552741530590494725
1549282538149093377
1553496590773473281
1553458946228240386
1548771957222555648
1552653436495077379
1552099462335664129
1549288493897195520
1548679818526576647
1552631286690463748
1549337932061970432
1549380533536395271
1552574865122758656
1543848037994434560
1552647821999890432
1552158970252562432
1551971541293973505
1549103415455875073
1548915113679355904
1552596969293504514
1546544815902425088
1552053680358178816
1552008075921473536
1543681697383948290
1549776856777478144
1549485336832638976
1552738940456734720
1549106712593965065
1552306831762006018
1552677502329528320
1552639618637565952
1552090357302796288
1552339240805089284
1552319348777304068
1552922733754843137
1552643340230950912
1549086971254956035
1549065047359594496
1551984082975866881
1549135907340664835
1549531838607245313
1552199529008611328
1549384041820000257
1552124438048653318
1549281589380759557
1549294286189088769
1549056801680883715
1552368113261346828
1552052625704615936
1552897464809783296
1551976165799239680
1549119170452881421
1552574458191306752
1549860807051206656
1549494239217819648
1552062612657082368
1549624391947980801
1550098371356024833
1552142297718050817
1551983566690590722
1549385997229727746
1552758487049986049
1552242648597012484
1552253578215055365
1552640220448817152
1549154424798461958
1549115245750255616
1549084823586734081
1552770558487560192
1552580404376485890
1548398983952748545
1543920038184452096
1549052777380577280
1552603344971202560
1552198889092030467
1551984451877470208
1552633136361705473
1549393186317033475
1549152189024714756
1552508335211044865
1552153427295326208
1549069691766730753
1552183689240625152
1552647508714786822
1552571641682698240
1549469901722730502
1548788410055331840
1549724600703000577
1552710950515621889
1549252887284432902
1552014128109191168
1550228905138819073
1552508574047281152
1552065882192592896
1549674286444675078
1549156930408570880
1552768379462844416
1552715785222619137
1552065751992995841
1552277954293547008
1552424044498141190
1552030125969080321
1552683232679821320
1552571646086725632
1552005523247173634
1552235012019195904
1553398038600863745
1553383404447694853
1552763393928564738
1548790894907871233
1552049853450096642
1552279763363979265
1552761580319801346
1548976564301438977
1549990843989245953
1552092908895051777
1549126675551723522
1549347652369895431
1552274469388951554
1552814721706954753
1552046699765456905
1552600519247634432
1552195477587873793
1553479929970540546
1549335017448513537
1544677622805938176
1552660345302523905
1549383117819072512
1549294825681330176
1553322684875956225
1549716433994645509
1551973567172059138
1552621905131315200
1550160560481787904
1552045643463532547
1549096979015286784
1552605377191092226
1549065733904154625
1552637303570550786
1553865881901535232
1552741399782629376
1552603120890482688
1552250876554772480
1549474809653886983
1551964278936174598
1553321177497706496
1549268417244430338
1546083324724219905
1552297162532438020
1552749244045574150
1549865640386859008
1549138464976916493
1553633452712501253
1552738387223781376
1552578883110768640
1552289180096598017
1552605630246043648
1549084177445703680
1553463042633089024
1552214955151302656
1552730629862817792
1552552623873687552
1552267262471688193
1544440288164212738
1552596522344267776
1549285168460009472
1553478956308897807
1552730737899720704
1552593345641435136
1552600710470156289
1549285431681900545
1549820789653913601
1552205564264038400
1549117688932450304
1549137386151501824
1552233078508101633
1552185124195897344
1549787403606441984
1552546091555495936
1552029435989204995
1552591825822781442
1552000587977445377
1552385379705262081
1549755831142473728
1551986478401585153
1552294706813476866
1552680409674162176
1552712117995950081
1552704471108550659
1552211599594819584
1552152503642456064
1552764069689581573
1552681269208702976
1552277491443802114
1552261161332219905
1551976430246010881
1551984608979320832
1553048001429573632
1549690279376162816
1553426292732739585
1549462528899571712
1549180919361200128
1549352544442384385
1549315272678547456
1552051535785377794
1549110314230321156
1553793514462449665
1552008374916714497
1552973409805635584
1549137733024714753
1552215651330269185
1549040961820405760
1552595178984280064
1546880414412857346
1552209493563424770
1552722436252209154
1552690815364997120
1552574915248881664
1552058042983845888
1552284748491509762
1552202087424983040
1552758607229353986
1552630227112714242
1552687673063751681
1549334796664438787
1552223861264920576
1552010262181453833
1552244780855336960
1553466438417088515
1549739518949052416
1552288350995943429
1549157224278376449
1552174812080050177
1552187570095853570
1552042417020444672
1552071776502517761
1546201912210558978
1552198499135111168
1549325819390169090
1552626827427987459
1552769332308070400
1552014331725991936
1549060460611256328
1549041592866340865
1552005112893259778
1549113934665465858
1549094421311922176
1552947302381281280
1548384220107550720
1552039930469269504
1552784395412668416
1553632924863430656
1550108455188549633
1552248101833957379
1552113313944928256
1552557931534622720
1552618614406127616
1552618342799884288
1552051985700061186
1552164047054929925
1552724450805678080
1552652710670843907
1552762069375672321
1552052842634137600
1549388028610809859
1549085354761900037
1545879119321260032
1544335449107439617
1551965383091011584
1546208972448976896
1552624846764384256
1552008005553618948
1552973876547690497
1552577773054689280
1552631612780806144
1552007932581117953
1552651056252796931
1551982924366430208
1552572572826484736
1551966331729231872
1552024022917025795
1549386821775360007
1552005953939275776
1550144123335843843
1552741911219392514
1552671201729945602
1549502792016039936
1549410499443425282
1549075562244853762
1552003397095759873
1549056459891261440
1549084134210998275
1552001792170463234
1552055003732475905
1549502696109101065
1549437781386084355
1552579736236441600
1552868887481692160
1552240039417057281
1549145542789414921
1552655617461874690
1551993495157673985
1552035351266476032
1546208101707427840
1549134795124445184
1552071096400216064
1552685092128133122
1552027776865148934
1552790809459703808
1549070751457632256
1552693833812643842
1552309951573401600
1544437011561463809
1549304485847207937
1552576495352250369
1546079822354550785
1552290047600300034
1549365501901656064
1549127241048768512
1552812638694002695
1549073467940786177
1549156596110041099
1549057172385955840
1552637028021538818
1552423251162398720
1553394958895386626
1552584203199549440
1552579683602112512
1552280365628358656
1551964924108324864
1552580800025186304
1552169396981956608
1552231723357839362
1549140411071041536
1552756580692680704
1549312655441133570
1552733959125098496
1552760140876636166
1552195198398111744
1549345225046384641
1553112785554382849
1549147327117594624
1552629892881289217
1553395745507741696
1552701328790626304
1551990490052042755
1549361147220037633
1549835009426612226
1553321782094053376
1552694705892327424
1552689365880451072
1552400858834505729
1552867519794388993
1550119796309499904
1553430143930175491
1548826706999492609
1549045003863093249
1552613134187302912
1552591677608566785
1549369444153032705
1552018244642414592
1552027402951446528
1546340370493095936
1549256395404500993
1549310000065044481
1549101635598688257
1552586022046912512
1552156545219280896
1549201856131481601
1552074770270900224
1544442191954804737
1552312453312159744
1552725569636376577
1552613287963107334
1549061909059719174
1552187883523547137
1552679156642717701
1543890539006889984
1552028772899110912
1552340572517572609
1549161097281822720
1549096538953113601
1551505349500600320
1552036575202123781
1552635937372381185
1552332041487892482
1549158617978380288
1552615357067714561
1552701412856963073
1549050899523575808
1552581070272462851
1552003057994579970
1549259973980569601
1552309343655190529
1549051325148581888
1553093760908763136
1552685873023565833
1552618341310808064
1552579597996367873
1552317891663446016
1552029199103414273
1552639215598538752
1549160700093911047
1549330515697831938
1552197681019322368
1550141582095142914
1549318987024154625
1552644586174046208
1552766447000207360
1546107689046085633
1552215956914577409
1551964847893528581
1549392775736598531
1552765220338253824
1552704604772646914
1549045552553541638
1552901562871455746
1549079086617821185
1549279984702951425
1549057590163869697
1552187601163108354
1544432866230054912
1552741279355772930
1549252576163635200
1552728900924579840
1548937296640151552
1549321918104354817
1552030885142224896
1552020736851730433
1552601861093457920
1552707187667075077
1549262814212198401
1549069357933813760
1552305547189395456
1549454544723116037
1549135648149458946
1552064527109443586
1552318598470930433
1549045038772277248
1552254269155336192
1552766824986599424
1551990270283194372
1542756987737444357
1552738203014254593
1549297981156900864
1551964884778328064
1544327920889565186
1552726692220772353
1549062374749077505
1552775069016932352
1552587444759011331
1552169520739106818
1549125066977382400
1551987873099939840
1549344268996706307
1552218369335726080
1552018531285336067
1549039056507453440
1552276527127175169
1552679833615867905
1552392249748725760
1552013892175503362
1552565635829334016
1549134367154380806
1549072412251136000
1552626326946938882
1549320624568520712
1552755276956270594
1552275107715973122
1552606305361207296
1552702776932720642
1551980093429501953
1552598913357676545
1551981749172854784
1546097211112562688
1544431254061387776
1552061064644362240
1549077444963057674
1544349133565214727
1549741746166325248
1551966180981751808
1552874184178638848
1549047347979722753
1552526559780782080
1552010757994340352
1552252757784109056
1552240310960414725
1552592178135941120
1548769731070550022
1552735303340855301
1552571548975906817
1552290517437878272
1552175370966810625
1552672874321874944
1552028251777892353
1549306786565525504
1552646775000940548
1549419696801423360
1552159559984324608
1552592056555560960
1552349614883438592
1544435184468213760
1549888068752113669
1543871368529432577
1549419060336680961
1552575068139667456
1552793073695989760
1552201463736287235
1549280185345867778
1552022988878381059
1549059442632704002
1552728675979857926
1552283759046688769
1552235038363815936
1549087148086812687
1549080174192377864
1552666601752756224
1549862117934862347
1550024783785517056
1552598633580793856
1552585749861699584
1544447090918670338
1553692765661315073
1552685256947499008
1549124024944533506
1552144293233627142
1551970125800169473
1551962727748362245
1552579820856516608
1549374713625214976
1552585378036649984
1551982118229663746
1552588277580025857
1553429124005462017
1552735828157292544
1552052204722429953
1551981232719904769
1551991568973922307
1549069118900428803
1552170016329572352
1544439779881795587
1552732214026190853
1544384995267059712
1552128265590038529
1549148408220422145
1549142167926575104
1552604904480538627
1549033645511507968
1550166972800946177
1551993586094415877
1552075573186420738
1549036705482932224
1552247211366486020
1552271540191985666
1552066875584045056
1549141292105535490
1553062169532588034
1549382381211099138
1552614264925470720
1552918097409069058
1552614119668342790
1552260101951610882
1551966242067681280
1544437614484275202
1550711210424819712
1552732655204143106
1553094300363374592
1552130168591900672
1549857463830286337
1552619254247301120
1552077548892340224
1549307446992289793
1552680940144660481
1551971901425197057
1552604782468153348
1549046306777202695
1549394872234381313
1552048340153556995
1552092117417295873
1549860249984794624
1551972443048255488
1552600641335398400
1549023844924801024
1552253030359343104
1549062873934188544
1552060827661893633
1552167545821593600
1549113742776045569
1552177699711590400
1552015943861149698
1549106484239372290
1553756411640922113
1552057450119024640
1549390970894139393
1549319725221543936
1549060141437403139
1552056847078670336
1552588166426726402
1552185129229078529
1547190378448707584
1552604888273588225
1547285329220145157
1549054934150168576
1552587058413281281
1552594761135136768
1549568517023883266
1549051386175709185
1552417320852668419
1552231002306711552
1549151868827435015
1548323669218189315
1553417130284023808
1552571429878636544
1552689238780649473
1552674732482363393
1549105152241672200
1552199648294719488
1552621748197236738
1552679728804421634
1552042477695209477
1552036612707598340
1549355060118728704
1552682391583563776
1552625373640364035
1552590978816565249
1553460821019312128
1552967747331657728
1552592650942955521
1552189531549581314
1553077030446678016
1551964454862086145
1549215467331588096
1552638093626408962
1552596025080160257
1552053235728482305
1552781144491450368
1552955133675376642
1549139852851138562
1549075579793727494
1552576143232057344
1552073153664491520
1552291303697907715
1552331324387741699
1552033181062369281
1549037089232076802
1545075187690897411
1553699642944245761
1552687369937117184
1549854597577117699
1549088291726790660
1552365272992022528
1552907649573871617
1551985095338237958
1549038819013320705
1552853619640262657
1548745771532652550
1549219125318262791
1549340220369375233
1552168598549979136
1552269156103372803
1553408672625205248
1549264130636398592
1552701222079156224
1549085804819091462
1552043481148887051
1544347791941574656
1549053822987018240
1552002141782433792
1552594786028331008
1549141760584159234
1552700556757663744
1549856095820292096
1549343753348972544
1553275320718983168
1549285626301792256
1549395607193894912
1552614246881566720
1552036345886887937
1549064070921437185
1550961326280921088
1552061044373217281
1552387376156233731
1552285295458017282
1548772893542289414
1552706395308531712
1552732236570656768
1552045693887516672
1552716786562392069
1551968869866258432
1552314063450955785
1552724870391291905
1551986342430646274
1549345433079762946
1543613435790987266
1549050875536035841
1552527290050936833
1552009008873185280
1544441156939005952
1543986640728858625
1552671051053678597
1552587563826921475
1553784919297507333
1552595353907732482
1552320420178788352
1552229034494345218
1552216898070257665
1552288590012489728
1552720603806896135
1543863111861649409
1549332179456610306
1546055118331822080
1552634709380939777
1551987727566077952
1549311419715289088
1549383309616185347
1552599956372029442
1552307963242618881
1548723882114293760
1552683760923164677
1552635136025436160
1553449404257943555
1552657544551682048
1549299362613837826
1549060021853487104
1552755870882201600
1552040086962847744
1552741977082499072
1552594030474690562
1552671571688493061
1552292051567476744
1552016133414391811
1549676093245980672
1549298221377282049
1552318932031344640
1551998100495114240
1552801982158704642
1549074756330065920
1552627520406753280
1547200899759722496
1549860464108212224
1553729831522664449
1552571896616689666
1552608306363088898
1549161990773506049
1549037665307475969
1551964554028097536
1552038186087579649
1552627843141623808
1546603173439279108
1552060178366881793
1552670643640049670
1552852867354169345
1552068672163926016
1552600006380617735
1550427933826744320
1549345438494593024
1548263882057166848
1552035365950734347
1544420458908602371
1552675119562203139
1549314203193860097
1552215170956644353
1549864273823911936
1549234894987038720
1551964302680244225
1549266454452764672
1548320198591098883
1552783136341336064
1549104171328184321
1549320448227381248
1552418527637917700
1552350036062789633
1552007664028237825
1549309317911908353
1549402772675727363
1552672021250719744
1549270893876092928
1552607231753043968
1552569182360838145
1543951266702925826
1552324327617581057
1552322886597328896
1549309424942157824
1549051199168876544
1553269317139062784
1552625485879939074
1552691232106848256
1553019548772831232
1552335645900767235
1552794024590934016
1552733222315991046
1544316149986430979
1552596699830489088
1549059887535210496
1549051309965590528
1552750778724622337
1552324959535603715
1552281052755988484
1552228327561240576
1552391997067067393
1549078977637240832
1552748386868142080
1549362544904736773
1549347774159884288
1549344967130243074
1552590161162248193
1546215428892098561
1552621383712092160
1552196234760396801
1552105730584576000
1549050811254050816
1552582343474421760
1548744603871989760
1552142741747949568
1549056792654659584
1552803166990868480
1552287926729465861
1547518857451081729
1549127318484000768
1550023041022918657
1552220921083076608
1552628574611558403
1552740165650710529
1552602316175540224
1544360798025400323
1552566358440923136
1549333642668802048
1548784373356535809
1552616285359554561
1552893177421598720
1548799678417965062
1552290861328859142
1549040363863969793
1551981162863656960
1548763721010270208
1552890813352378368
1552586372820639744
1548803271896322049
1548973189061025793
1552628046536007682
1552605164959420417
1543862253203718145
1549073437230043143
1552022988400254976
1552715001500139520
1552215743298674688
1552152115505668096
1551974174230564871
1552319290434535426
1551975758322622466
1549329521173831686
1553632114079309824
1549097687563354118
1552660104633356289
1552229944561901569
1552663221542191108
1552337956857430017
1551987580165623808
1549095282113073152
1552811948382765056
1549394743385268224
1552047811138670592
1552766486640459782
1552779707166461953
1553772913626693633
1549039993896996864
1552653234543611904
1552209176226562048
1549043465731747840
1549598920766115840
1550532111471624193
1552168162963193864
1544369296310243328
1552723808536125440
1553667640723443712
1549645195356119040
1552204016926466051
1553354340420800513
1548776083029463041
1552121581719126016
1544057255397572608
1552012173920067586
1544330817844936704
1552756338446442496
1552051550943576064
1549089898816323591
1545474652079902722
1552522639956140032
1552742052579909633
1552691439242469377
1549304886935920640
1549250621957603330
1549341140603863043
1552581886114922497
1545147090543824897
1552024545174978560
1552923842858942465
1552686580262912001
1551985284367147011
1549107915998593024
1552643941283102721
1552863739728330752
1552595455984504832
1552179031784701952
1545017734928502784
1549141527452172289
1553466360340037633
1551976299991793667
1548923935965810688
1552686169397288963
1552720856236920838
1552224971526750208
1552200088151277569
1544555347246972929
1552580934377029632
1552741269788663808
1549282635050061825
1552026477671104513
1552643118922665985
1549071286772457472
1552094643315171328
1553681533919236096
1549320066537340929
1552744797114433536
1552680428628316161
1552213597811609600
1549130483610550274
1552190618708975618
1549399677409366024
1552583999050088455
1552629987001384963
1552694757348020224
1549290154694787078
1548974394415923200
1548682377278398464
1552640644153315330
1552219162809966592
1552586529893146625
1544456078053752833
1552758759050592256
1548767635499896837
1551961525212045317
1549118804696997891
1549390028866035717
1549363512702640131
1549363643577516032
1552653416320475142
1551966458749542408
1551966462465695745
1551965980108230659
1552400279546613763
1552028875600830466
1549307323461640193
1552720173748174851
1549108308337999874
1549175853728276482
1552363497803194369
1552612314846732289
1552539514706460672
1549098034700730368
1549381140980662273
1552209498906959872
1552209037932040192
1553263158319628288
1552646983860588549
1552273563469725696
1552242943381094401
1550248933212971008
1552579168675762177
1551985442689523718
1548787472200613896
1551983823352651776
1552179783525699587
1544332623916535810
1552094832545435648
1543888394136297472
1552329571441250305
1551961296672808960
1553268240217948160
1552640054614495233
1552767894672609281
1552020322320355330
1552004438402940929
1552638286065242112
1552249858538487808
1552133825437777921
1551965619704238081
1550023425304969216
1549350039968940032
1549307005726228481
1549072476168151042
1549054170803580928
1544336352078172160
1552536885565718529
1552017855046090752
1552227608758259712
1552399369466531840
1549225773176963073
1552027502016708609
1552619827340115969
1549858114857484291
1552685416658124803
1549076257391972353
1549381314847166464
1552761029217595398
1552000300654919681
1549274465107853313
1552886527507808258
1549175832899371010
1549314555423215616
1552391300401569796
1552893346569457664
1549082808437587970
1549044029278797824
1552653166621077504
1552290561385807873
1552004494220746752
1549418757180870657
1552705644255379463
1552605003629690880
1552651754747006979
1549673628958183424
1549049341750284288
1552725958603509762
1552051212144594944
1549340849200398336
1552380130831597571
1552025312950718464
1549366393048629248
1549203790225629185
1552023257141895168
1552676313441484801
1552005427109531649
1549049403897704449
1549035409459384321
1553430334334676992
1549162785342472193
1552694959488352256
1552039737514401797
1552024439251951616
1552039991227949056
1552750230168379392
1545055019350630412
1549285746632269827
1552725111517679618
1552633493103984641
1552583225213599751
1552582783540891648
1549102761941278723
1552513471446646785
1552175158697287680
1549078069767553025
1552663562560094209
1552677580276469760
1549463985132605441
1552136882351382528
1552038756974268444
1552690244402675712
1552232638827593728
1552195814381977601
1549399191155351555
1552008288149159937
1552065269241204736
1548334503076065280
1551988556314419200
1552689284267876353
1549406781817987072
1550142469559435264
1551975551149248512
1553445838021660672
1549648617627066368
1549325217612402689
1551983764204658688
1552696112494018560
1549281652970487808
1549125116575064064
1552608739957641217
1549094585674129410
1549299176701411328
1549298257268035584
1549057741125259265
1552731152108199936
1552048586988322821
1543681404038414336
1549310904415797261
1549344147026354183
1552007104520769539
1552621544756609024
1549164236437331968
1544092830188113921
1550552588457840645
1552223596352835584
1550962064880959488
1549347846620577793
1550029568798515203
1552632637457571844
1552034367689691137
1552627820265971713
1551968987919122432
1549069095315841024
1552901140425199616
1552183106542739457
1549042383467479040
1549770095718809601
1552676903613521921
1552644602842300417
1549292409799991296
1552667670721560578
1552177803893825540
1552894794157985793
1551978875311243266
1552642963418775555
1544331475591614467
1550113803051814913
1552285662572941312
1553462427722911747
1552718217314983937
1552047089684725761
1552312379626688512
1549926619552309250
1552041837988401155
1552606576443269121
1552581789595701248
1549081334261358593
1549033575307268096
1552046983463960578
1549269209976283136
1552585437750956033
1552423297106812929
1552635160176336896
1549337736238219264
1552284948786253824
1552913589018808320
1549868030141890563
1549507008356913153
1549399783680385026
1544589010542141440
1552891765946028032
1551984621314777088
1551974433098792961
1549287351972757508
1548938678776520704
1543851212130369536
1549068184740831232
1552052673393954818
1552695548305719296
1549267053965561857
1544441714525540357
1552570082894782465
1552529712798482433
1551136151540482051
1552252339360337922
1552015298873774080
1549045937086967810
1552646096676986882
1549283314464428032
1552617291099119617
1549265447555670018
1552196423998996481
1545057419180421120
1552678968079355907
1552655650697621506
1549279539012014081
1551997636097474562
1552575784086392832
1549043258763853824
1551982575446626306
1549125057846431746
1553113229756436481
1552231624791789572
1551504377793466368
1552662780406284291
1552033196111544324
1551992649166557186
1549040357232492546
1552629063877107712
1552222077523992579
1549353484625088514
1552886508901867527
1552168125583577088
1543979009729495041
1552800740443394049
1552585563680788482
1552298426221592577
1544615145241993216
1549518386136338433
1552800123062714368
1549162646922055681
1552034548950646784
1549157057655349249
1549163149609377794
1552080273898196992
1549932247188262912
1545737442405277697
1552566941616840705
1552311884652634113
1549144540891709445
1552675735281836038
1552190592775585792
1552355555976658945
1552681928125550592
1552062662300913666
1552386760600174595
1552293657675456512
1552011755466924032
1552186407602589697
1551979594923786240
1549173602758656005
1551960880837005312
1552299028590755841
1552344845951303680
1552587456423272448
1549511659382837254
1552231189909479424
1552962559506092033
1552693778905026560
1552176709348343808
1552014621418086402
1551980055630385155
1549349018261659648
1548765260227690497
1552246366843412480
1545080197183070210
1552739819675058176
1552028624018194440
1548936824860688387
1552652391450873856
1552684664388730880
1549609861415149569
1551999472225452032
1549285466792497153
1549058402957000704
1552413597988536322
1552180943871479809
1552615807259140096
1552011170021875713
1552206182768672768
1552062478124814336
1552703558180536320
1552323926545637378
1549251511938695171
1549044505407393795
1552817010777669635
1553445588326391809
1552269817033494535
1552186004110450688
1553371415109406720
1549046195477413889
1549037704100589568
1553459762758668288
1552390165653594114
1552025733840650242
1552024329512157185
1552261097377480704
1549830113646321666
1552141190040092672
1552738189663780864
1552023560390168576
1552645425982832642
1552658705891528704
1549878793313177600
1552183180878307332
1549173141804564487
1549053950489501696
1549273109861122050
1549157393942061058
1552058241231765504
1551977121546993666
1552602753670815744
1552311028880482304
1552587681963642880
1544054277743812610
1547316978611900416
1549174661367402498
1552576115675435010
1549536271936241664
1549396371538644994
1549034901545967616
1552206123364716545
1549368513013456896
1553280483194281985
1551978282685534210
1552068094268506113
1552877947391975425
1543851682479628289
1551984304204423168
1553332006427234305
1552196651753816065
1553080275000872960
1549430408105922564
1549040395773849601
1552346929262170114
1549065334195474432
1552583865264480256
1549503788758798339
1552886742377717762
1552583087724367872
1552018900333858817
1552669693407805443
1552587647276748800
1549140792652046336
1552006843769278466
1552205637987274752
1549349177431408640
1551975670196174851
1545335475661164544
1552612066388852742
1544328864238796804
1552573839552421888
1549500810618445825
1549100211666141189
1552622322313580547
1549341138443722754
1546246144296189952
1552569391765749760
1552644250118115329
1549124805282201603
1552256408997052416
1549347789754310656
1552270289555406853
1544729460607418368
1549112734465376267
1545147385369792517
1553729907171233797
1552755590102978560
1552730571809382404
1552594066906533888
1552721750479323136
1552626020548837376
1552423890114297856
1552390769176182792
1552771273675227152
1549466931165528069
1552574318223265793
1552228428291653633
1552577287169736704
1552746091724038144
1552299380094410754
1548902760338407425
1552371204631285762
1552243383581679616
1543892270218461185
1549295721618489344
1552572733069860865
1549285587366068224
1552721837855019009
1551998845898440704
1552776326511296517
1552062754101534721
1551995271030210564
1552206632809074689
1549063926834671617
1552751796283662336
1551996237779542018
1549348015529463808
1552615136669696000
1552329537853210626
1552631086425034752
1552023673544101889
1552187608062730241
1552419949729222658
1552212358021406721
1549137750531751943
1552514350212063232
1552055101417836548
1549066726628892675
1548782843836485635
1552286185980104704
1552740413911568385
1544000403116793859
1553145700485152768
1549340922248396800
1544881381498621952
1552659205500411905
1551993235450494976
1552038019435270144
1551874130873565186
1544388353243725824
1553645321460252677
1552608992656064512
1552359075563847681
1549101198996914178
1552804261712510982
1549313105351639041
1552277746587402246
1549047298549641217
1552727392837406722
1549264701481226240
1552590113502334977
1551975811481313281
1552038799559065602
1553421000133562368
1549626835478126592
1552164280157487104
1548784780661198853
1553647841209352194
1552767591348944917
1552685852647723008
1549446253666308096
1549408832916537349
1552151490206244865
1552597346332151808
1544335293221933057
1553485436194115589
1552621381577236480
1552738968436883458
1553852785942319104
1552426300228485121
1553137558506307591
1552154115307888640
1552803220363399168
1552659406424244225
1552009767484362754
1549391326176747520
1549161409266814979
1549287496546193410
1552925890711064576
1552726731886366720
1552185721569656832
1552588927281909760
1552599095054827524
1552395373053870082
1545335917069598720
1552221941037207552
1552920819101229057
1549854147863891974
1549283417308729344
1547959674791546880
1552805785016614914
1552663315498893313
1552253282088804352
1549309113661886465
1552584736761053184
1553392887697707008
1551993903015927811
1549126820292960258
1552621673299451904
1552267196461621253
1552618168174235648
1553437647015739393
1552770041485066240
1552652138462883840
1549310833259421696
1549411636779286535
1552600627766870016
1552206920320225282
1552005814889508864
1553359402924752897
1552650348073955328
1549363714461257729
1552580795549851649
1549069675136425985
1549109833894449152
1552027482857082881
1552788305883824130
1552647101699473409
1552915195986575361
1549378039771025409
1552400904791506947
1552360171518803972
1552693859116883970
1552594350441480192
1552714999503720448
1552639655471890435
1552043376622665733
1552604386152546304
1552574565750038528
1552765213388177419
1549330395392577536
1549359090710855680
1552673349469364224
1544429434450608133
1549340704874414081
1552778016480182272
1552740271057768454
1549418838961360897
1552055229457334275
1552592211065413632
1552298319283642370
1551142004612124673
1553404008622161920
1551970553174663168
1552657050768789507
1552023142796824578
1553566965360459776
1551996931605422086
1552580334587346944
1550149807410397184
1552574836785963008
1552804431909076992
1552047439368126470
1549305511048273924
1552069586904043520
1552328675567230976
1544778898579365888
1552633697760907264
1552645652403945472
1549400566396239872
1552905882400423936
1552256361056067588
1552034622556573696
1552021360452554755
1552615821268189184
1552179506147909632
1549255955543736322
1552739958653435904
1549057768887402496
1553312766345224193
1552759148999331841
1552220008759103488
1552719952062431235
1551994272295124993
1552203403459190784
1549266287087550469
1552042735661711361
1552632250516258818
1552627305712844800
1552969480317407233
1552208798470782976
1549755540103987203
1552721785195581441
1552673055176069120
1552059266873397249
1544641542035591168
1552245828403793927
1552174501986766848
1552034960516808704
1549272568045228032
1552730265356836864
1549043442700824576
1549051299953790977
1552338460895240197
1552213540701982721
1551971112866779137
1544335555453927429
1552326089464242176
1553426752340377601
1549283012055126016
1552066602530734085
1552761390359875584
1552711549982326786
1552052109146816516
1552337188062363648
1552773131617685505
1550079965328293889
1549394225720172544
1549341746307424256
1552964373815197696
1551974954400456706
1552251791256985601
1551974045834510337
1552043764155392001
1548973778440429568
1550242236335538176
1552582873563144192
1552259541403828226
1549341955682959360
1548904093510410240
1551992374154371072
1552571883106828289
1553334288514514949
1552214818932809731
1551542134225903618
1548936548527312898
1553343151435300865
1548916528023670785
1549495077126508546
1549354130069651458
1549044599653830656
1552061277656211457
1552021684420591621
1552023560314576896
1552250764130664449
1552632242689671168
1552726258328518657
1552983980848324610
1552657142770872321
1552569444723048448
1552683609261281289
1551317885771042817
1552694984243138562
1552596635703730177
1546920708986519552
1544364216873803777
1549271052164947975
1549264985922146305
1552569826052390916
1551975179491971073
1549470709772156934
1549289338487422977
1552582227640344581
1552407959145168898
1552405316524032002
1551991124193067010
1546192339248504832
1549144429608534016
1552731025662418944
1552729917980303360
1552746393550331911
1552736201458810880
1552702396979101701
1549259059307634690
1549117733874372608
1544376312630059010
1552396703759753219
1552592966207905792
1549867363247525889
1551977273678614535
1549476830557736960
1552093051656585217
1549343232764612609
1549339232984076288
1552820583917821952
1552130289962520582
1549076835279020033
1551966841437839366
1552752134344646657
1550049014560825345
1552856096196493314
1552023794277126146
1553724726387904513
1552620500966424576
1552707687292469248
1552062728847622145
1552266452379598850
1549043911259475968
1549270422117662720
1548846778631553027
1549177257780035584
1552441303316955136
1552787116337266689
1552222734998020097
1552276522345664517
1551972282351984640
1551998431786405889
1552446191388217344
1552243197987913734
1552008503132291072
1552182721824317440
1552022208050069504
1553315731491749888
1550005484534611969
1552712015222919172
1549130116348903426
1552043402874740736
1552346923310407683
1549326327651737601
1552277636616945665
1551508333085048833
1552304782282559489
1552036937057329157
1552326055410688002
1549063584910643204
1549313650950868993
1549459636373315587
1552310571713937408
1552616365755928577
1549341250725318656
1549072893820149766
1544335754855415810
1549352561479647233
1552010538137288705
1552248084750635010
1552049081375248385
1551979132531138565
1552679681224331264
1552774588966256645
1552566024662388736
1552301377765969920
1552223757653139456
1552183360033902597
1549075756726292485
1552012470063173632
1549296130915172356
1549295652026433539
1552317192586366976
1552783327337349121
1552715040725368834
1549482005850636294
1552025678777810945
1552245964467064833
1552390907156217858
1549283710217986048
1544341288937525249
1552080859913719808
1553388099836809219
1549402738139725824
1549317793102839810
1549053751792734208
1544645584157659137
1552324312258035712
1552938127890726913
1552739425112793094
1551971858496503811
1552665907700420609
1552239313831821313
1549294403445051392
1549081530835795968
1552649611952668672
1549338492207091712
1549068453004427277
1551967837362716673
1549066491277893638
1552603626438270976
1552982849757843456
1552768171433664512
1552048241285423104
1549042518188490753
1552570227032051713
1548812857957138434
1549359269476196362
1552599292665372674
1552295437515870211
1552212256334782464
1549158397760634882
1552574960014614528
1549285703384711169
1549151554464358400
1552274581745958913
1550017959212498944
1550962564326121478
1549332268971397122
1552008936303247363
1549032688861863938
1549495996295561216
1549355099499151360
1551973459701518341
1549178009940271105
1552933578157195264
1553745033504907264
1552363848417656837
1551973646192738306
1544347029643886593
1552708983085010945
1552601196308865025
1549354717322543104
1549162836496113664
1551990191891570694
1553518818726739968
1549339769552965632
1552072643922329600
1552245923010543617
1549164358315425798
1552616205135089666
1549237913124278275
1552560011909423104
1552621347343310849
1552600165072211972
1550527216798384129
1552644557795368962
1552734815492968449
1552741278969888770
1549074768976035841
1552683342247649280
1549350640203210752
1549195539979313152
1549400852464558081
1552840845312811008
1552701974205849600
1552253794041339907
1552663718936330241
1552668904887132160
1552027906674671618
1549441855661953024
1552027946839408640
1549062775284109314
1553501737117442051
1552010050914471936
1549148254205607937
1549314216770813953
1549075434809094144
1549362539213066240
1553529413328945152
1552728892137512961
1552574114979774465
1552294699637014529
1552069817427009538
1552018488906104836
1552584904759808000
1549268330359525377
1552359788989890561
1552720442242260993
1552174676360798208
1552140661150867459
1552778865524760576
1549355021715791874
1552688193614626816
1549044664593920000
1552575199744327680
1553341776085372928
1551974740759281667
1552027639723982850
1552701710388396033
1552015797199028229
1549284213542862848
1549998799124324353
1552668477432938496
1552914768662593536
1549160013985357825
1552551610093654016
1552846380703649794
1552571372085411841
1552878085128740864
1552582986457128960
1552349408078987269
1552276761026723841
1552389584138502145
1550023267284619269
1552510454693564416
1549120966038544385
1549040507887980550
1552067080270348288
1546062055131824135
1553668074469048321
1552675641597861891
1544336299099840514
1552007127723655169
1549414458283491331
1552404643430506499
1552626932881268737
1552004510666485765
1549413385653059584
1552835457775542272
1552692671138959361
1552217273548636160
1549317439166582784
1549051119061663745
1552033746005725212
1549244978496524289
1549064823912091648
1552620503470428160
1552601497422151683
1552589446456950784
1552287655781613571
1552218716485582849
1549050760989577217
1552239888417841152
1552650965039230978
1549530809245245441
1547130943000944642
1552034331249545218
1552809616362315777
1552026417126309894
1552326173731979265
1545129317595758595
1552056274711449601
1544202288121757699
1549131253848457218
1552200313561665537
1543648164103741440
1552665564803469312
1552587340178235392
1552006559898673154
1552133481534201857
1552800913382932480
1552671504365756416
1552052921528991744
1552655056540905474
1552586939852853249
1549422486218997760
1549331782025285633
1552617003164254209
1549326174949675008
1553092844616916996
1549335138684772352
1551973204947779584
1549244568037736448
1544652256188006400
1552581187658551296
1552096881555144706
1552190666809266176
1549143641171628036
1549124874983047170
1552067011576045568
1552026269243641861
1552752383637262409
1553413071544147969
1549072572909846529
1552018563363389440
1551994745362186243
1553443085413138440
1544437338826235905
1548722768275013632
1553619617683279872
1552198005641584642
1544976657848717313
1549500589893091331
1545529331610517510
1552733057551138816
1549067119148650496
1552186378456387584
1552024143352193028
1553872212695842818
1548330641803988998
1551966048659935233
1549346580293115904
1549135455375052805
1552289019165347840
1553778817143021568
1550969905482285063
1549127329003315200
1552707586914455556
1543898185759866880
1552801771113914368
1552613031326236673
1543321191435354119
1552180085209419776
1552904290796290049
1552621930020233217
1552618118320689153
1552558833968582656
1549311901431111680
1553202751743709186
1552592760372400130
1552042793744351232
1550039722046758916
1552735918653571072
1552206904021106688
1551986754168791041
1549166903951777792
1553620122572652545
1549540218621071360
1553026672873676806
1549363225837420544
1552737078907109378
1552237838627921923
1552625147655364608
1552009328802013188
1549139809985241096
1552415594313650178
1552190367314886658
1549099472571039746
1552694859970056198
1551986440816529415
1553272724247793664
1551970856372523016
1549276533277315072
1552694519312834567
1548784116497371136
1548820828179120128
1553087760499703814
1552935325760163842
1552607144222097410
1552077245711351810
1551990609270947840
1552206895431225344
1549289205888581634
1552780533272281088
1552592474761302019
1549091513497427968
1549130259240468481
1552598508615700480
1549109498039926784
1552187410087288834
1552568997454962690
1552701637831139336
1549100739921956870
1553317847845244928
1552677556008230915
1553460316553502720
1552614595336241152
1549306614531891201
1549101121133756416
1549303315304964096
1552730607947505666
1553361790741905409
1549061637763747841
1549339674698825728
1552729140650020864
1553445739224784897
1552200742517313536
1552189512549367810
1549158340399431688
1549054355193466880
1552685970058891264
1553459441315479561
1544440712183283723
1552047130340204545
1549352737460068354
1552291456571916291
1552667738392387584
1549284228336066562
1552163960945795072
1552312747601395712
1552226241196990464
1552643249902321664
1548003252595146755
1549355249625960450
1549058696038187015
1549149144819826696
1553395289792323584
1552201531759419398
1552666991529529344
1552293892757884929
1552320514869366785
1549337584299540481
1552757357259759621
1552710479591743489
1552701312566902784
1549311375545073665
1549077141064646656
1552306614279061504
1549350526319460352
1552749497842810881
1552235814628859905
1552691387895873537
1552336890598154243
1544364902277595137
1553686797603033090
1552046932981420032
1552011536973152262
1549314067269033985
1549081860222902273
1545060639017779200
1552519473894244355
1552728457632776192
1549111954576400385
1552328231478595584
1552775025748484099
1552696089001730050
1549127334782984192
1549068896182976517
1552038848569409536
1552293970797002752
1552527598558879749
1552047606540472320
1546230625568432130
1552286376078499845
1552680633150984193
1552968835308855296
1552591638953971712
1549317982387593216
1552621155357523969
1552584243338944514
1552218277983789056
1552164635675185152
1552180984543682560
1549314953613656065
1552771823846162432
1549217874841112576
1552017177557045250
1552028869724610561
1552014655694012417
1552711281957797888
1548769815057371139
1549393069484789760
1552590564444590086
1552780526355943431
1552080680808595456
1552774554308722724
1552585558769242113
1552222303777394689
1552288062876618752
1552622099352752128
1552043605455429633
1552653028364152832
1544490731020210177
1552804114463080449
1552535265813712896
1552570575335444481
1552887493682515970
1552737213351444480
1549230319810887680
1549337055074914305
1553092607085105152
1549077722550370304
1552689493106376704
1552308659887263749
1549387181067845637
1552032462032801792
1543533757067558912
1552233843960184833
1552573961027915776
1552229785807785986
1552160882901352449
1552062959190409217
1552004852783489026
1551967098561232899
1549041852573028352
1552205768178425858
1552632633280053248
1553109849269059585
1552187169225248768
1552200189427027969
1552652794703687686
1549393441758527491
1549868264154603520
1552679085301968896
1549302724486987777
1552216431739240448
1552595864174182401
1552583814182043653
1549888418066358279
1552237538697428994
1552735999939252225
1549035116374233089
1551968731240304640
1544315413114327041
1549337841691496450
1549091701603590147
1552277679738585088
1552288646908223489
1552213274372067331
1549059269110145025
1549150678626570241
1548992599951921153
1549040185656373249
1552822066939920384
1553632563142561794
1552271138964869121
1550132102846242816
1549336102384852992
1552221919994417152
1552669948866166784
1549254428506611712
1551995638669254656
1551993756588670985
1552674593332203520
1549258204969926656
1553339726337392644
1552892819056066560
1552030807543390209
1544445480801017856
1548790832555335685
1552295979457683456
1552771510955376641
1553030670016024576
1549349857575555074
1552576189021257729
1552612810076585989
1549643858849456128
1552047841765457926
1552667462239506434
1552177605939544064
1552644993076051969
1551969229347356672
1549274230365241344
1546097637560127488
1549034541767344128
1552292573791850498
1552043476266754053
1552664195430289409
1549359393220825090
1552647499109761024
1549146038484746246
1552032368889942016
1552573076835008513
1544371518565752835
1549150361658789888
1552302962025943046
1553666207705956354
1549073786326364160
1552027132192227328
1552246286627311616
1548929521113567232
1551965395044663300
1552600824433582083
1552586950196051968
1552201605080121344
1553315155710181376
1552186513278083073
1549500231095652355
1552361739383193600
1552673812130549760
1545150934346498059
1552707594611032064
1552599719108567040
1551993300789432323
1549381700450676742
1549181341295644672
1549159117855641605
1552012807880822785
1552299711624892422
1552647181726777345
1552005532524785669
1544337175982084098
1552910485053382656
1553309942429499392
1552589647930445830
1552134039385128965
1549335449470177280
1552681505264214016
1552684867032387584
1552900625624698880
1552218232483942400
1551992442458722306
1552613039525986305
1552728289361285120
1552593468463403008
1552034490461085699
1544448246067642369
1552587766894137344
1552569107089920002
1552233611356676096
1552572860954206208
1552600159292383232
1552736715667869702
1549091188203995138
1549341871289270274
1552320381050036226
1552009265606529025
