1246471404444430336
1246693362444443648
1246473408046600201
1245260460884217857
1246747421805359104
1246554875539963904
1246459148205797376
1246438744242208768
1246718295555944449
1246698778972893184
1247096711799091201
1250822524444839937
1246526212484276226
1245140017653133312
1246846624145555459
1245333633780592640
1246552985037086723
1245278538346967040
1246745990561820672
1246688328537247747
1246523723055804416
1245385378393137152
1247113872445779968
1246433652474593281
1253718638542106625
1251126091684679681
1246490583897604096
1251119091097763841
1246754972215267329
1245712894421094403
1245274602374344704
1246853474165370880
1246736690213015552
1250825076640972802
1252846818431393794
1247427554157441025
1246714207506227201
1246781092683747328
1246437489969168385
1249149410463940608
1246841333026881537
1246714825914400768
1253401043637018630
1245275477234909185
1246517867337711616
1248641795111731202
1251544964594569216
1246732770468147201
1249365222315429889
1250804349825101824
1245211371073085440
1253584043305820161
1250436020769705992
1245746501340594179
1246507531779923971
1246725390502166528
1252396055787745282
1246790664953761793
1246432037680095233
1246754456668160000
1246695789071601664
1254082864217538562
1246456852172472320
1246504913984720897
1245294473787162625
1248744942022909955
1254308966378725376
1246707004204355584
1246542082371706881
1246765849098293251
1245142943788392453
1246439083834052610
1245322384984477697
1245471451362349058
1255544012188135426
1246755681425936384
1246528383485448193
1249294914237747200
1254382497074491393
1246792450984869889
1246551658143928321
1246652161406185473
1250732160329420800
1246771194877153282
1246763759332442112
1250706167845867526
1246594943688335360
1246461053288005637
1246436082016833536
1246541093488951296
1246445946214506497
1246908081499406337
1246434970752688130
1246523309287788548
1247461082442141696
1254379195687473152
1246721595395256320
1246440881835687937
1246431326917603331
1246554273812545541
1246723295627616257
1246573240102924288
1247055273375784965
1246466197438283778
1245253537451388928
1247803302181388289
1254113437468295170
1246542986932076545
1245374783052800003
1246452365072498688
1252869936491278340
1252898941248638976
1246503502731411456
1246437702410670080
1247809373109243907
1246432324859957248
1246690109191270403
1246886214495547393
1246593024639012864
1246437939409760256
1246509224152227841
1246560232484081666
1246547627627499520
1246705791157092356
1245300582618988545
1245215609090080768
1246501113714655233
1245319067000586245
1252894212879781888
1248570193833582592
1249763023541153792
1246557686226997254
1246744537063723008
1247045033938706432
1247066938544619520
1246431854858833920
1249225255719243776
1246577345370210304
1246682692550307840
1246795495835664386
1246809787565834240
1250899453470560257
1246889678864867331
1246722968811601920
1246599006769352706
1252311204346777600
1246461594634240000
1246477725621239810
1246782737417154562
1246553930559107072
1246576741075881985
1253572160033034240
1246445997515067392
1246735133362851840
1255544134238117893
1245287618151092224
1246741768604917763
1246798029702795264
1246565141849747456
1246433949989122048
1246695579511590913
1248212432453058563
1246876620260073472
1246572727818956801
1246485725455028224
1245262478713458688
1245449396734615558
1246552447713185793
1247244587904704515
1246793181112479746
1245187895004205056
1246720026935263233
1245196544879538176
1255556148960387075
1246560026464071684
1246777968233525250
1246704432181583873
1252846970311372807
1246598780218212353
1245238569037451264
1247495785052340226
1247074724921909249
1247072791855271936
1245155930771197952
1247831004804534272
1246539720538099712
1246433446114844672
1246888610479161346
1246796533493911553
1246495550977069062
1246736190126133249
1245569679948763136
1246780586737483776
1246431916913504256
1246534569731424256
1246476004551536641
1253309848554536960
1249340027739557890
1250436501680189442
1246788553612447744
1246765518671003650
1246719165567729664
1255099921994219520
1246441232097783810
1246918404788944897
1246912397731913730
1255182150774788099
1246717357139152896
1246757124073537541
1246452972776800257
1245488126262476801
1245141532946112513
1246691146841104390
1245301298309840899
1246535295731990531
1245297430066675713
1246443877785047042
1252947076314468353
1246779856622362624
1246568475344146433
1255905446117998592
1247073055664373760
1246712437144989696
1247177994617139202
1245807231305744384
1252626240361639936
1246443253328723968
1246454189825372165
1245765984339857408
1245304840353452032
1246719586524958725
1246800403108331522
1246751240043855872
1246787347263500289
1246514902786850816
1245194131300921344
1246794160046329858
1254367253027590150
1248572244764381187
1245977109463552004
1245328845819043840
1246446097863774210
1254119617737482243
1246467521735200768
1245173911924477952
1246450558501781504
1254134925374218240
1245270779085766656
1250822821749678080
1249152364961042434
1250920789441945602
1245202088444887040
1246455718871470081
1247143379391188994
1248569723836674048
1246445883148902400
1245407509449519105
1246562811351830529
1246779704784412672
1249141468863827968
1246540559738638341
1246476537051983878
1246741916085104641
1245274686612738048
1246487510739492865
1252865591905378306
1246432625339830272
1246017669570220032
1250832800661614594
1245273226432970752
1246709996953522176
1245831907209809921
1246724784496545793
1246723706560405505
1246615080395038720
1248619346785472512
1246729668276953090
1245639036951121924
1246558896568893440
1246850164624588802
1246474590282489858
1245160239864918017
1246445498808111104
1253739609084899328
1250823464342228992
1246530315151081474
1249675760857735168
1248711739480432650
1246729349841195010
1250836406261465089
1245376936240713730
1245230705833127936
1246461828529520640
1245294661016653824
1246556841867456513
1246467844788891651
1246481921191874562
1246510138007134210
1246772333194489856
1246717741186285569
1245260071254319104
1253481605164945410
1246431144440147968
1249273206197948416
1245397082044850182
1248359763760553985
1245317831874547712
1246222437336920065
1248643249243402245
1248700734557872131
1245153883262984195
1249132547117846528
1249786252414595075
1247081986797248513
1246823392503894016
1246572337874558978
1254028683263819776
1248697343790272514
1246685060251693056
1245374920613339136
1246552612817772546
1255959450420117515
1246519865499947008
1246634574823804929
1246701231839551488
1246523759244259330
1246691471970971649
1245378134947627008
1246799244952055808
1246442953964425218
1247483526989131776
1253303935915393032
1245390231722958850
1246491965274849282
1253314991618310144
1246744200718270465
1246110405312884737
