1240294206062702594
1243511342843277313
1244989817403965440
1245018180877193217
1244991503791001602
1245056906546360320
1245090566385238016
1243617057746321412
1242409718213160960
1244987765621690368
1242525074919481351
1244987929342156803
1244990405709574145
1245031843025629186
1242404647253331968
1244988000133689350
1245037406195265536
1242677680681766912
1242470984067608576
1245033602187956225
1240457211710779392
1240255334830260225
1245076972973305856
1245022893307822080
1244990133142794241
1245063649301008392
1242487954724904961
1242463195471720450
1242424097222676480
1242390002824249347
1245032471214817284
1245119975918120961
1243611457587208194
1243609941228822528
1242457606666452995
1242402863525105664
1245085744311537666
1245066054587633665
1241744524688404480
1244993146322288640
1245020244617330693
1244987482187476992
1241017628774277121
1245037659149545472
1242419485497331712
1240277340166467584
1243718315857584129
1244989386153955328
1245029257618821121
1244995087521722370
1240361622260121605
1245060136999231494
1245032891249287168
1244990766939811840
1245024181818986496
1245029868695425027
1245024111816069121
1245021722094505985
1243610405274112000
1240275797816021000
1240378131275550728
1242530286614839298
1236020612772040704
1242453114080411648
1245026597058555906
1244994830813605894
1242511784503906304
1242465799450681344
1238203773954244626
1242532474661548032
1245010132758458368
1243638554846212097
1245112046653407232
1242402741827309569
1240330318479085568
1245104465436463104
1245063121384935429
1242396167557783559
1236021660647555073
1245055123631505408
1245065132067225600
1244987846966067200
1242470431552081920
1240512072045268993
1245001823699775489
1245057391726678016
1244990926000467969
1245043227880828928
1245066203837673478
1244995941842563072
1245108283561644041
1245110505414500352
1245092924288794624
1244991380394577920
1245101397378502656
1242577515513815052
1244093270478802944
1245037059741548544
1245009064008060934
1244558925044695040
1245049027420475392
1242518747732197376
1242420913120911361
1244998485562310656
1243626504413745154
1242454862320807969
1243609822089617409
1242516519608897536
1242606176027791362
1242456079247839232
1245083665199247363
1244998117637918722
1245045951485657093
1245002084820357120
1244993985279602688
1245023881334841344
1240685599385772035
1245115077461716995
1240273001754624005
1242537074693193728
1242416973004386305
1245005173283528705
1244963261264601091
1245069430327054336
1244999905619427330
1244990265108115456
1245000339922845698
1245121555740463111
1244988174490832897
1242430484099055618
1245041022146666503
1245022698549346310
1245012828605603848
1245036647303000066
1245071941708513280
1243930523266842626
1244991185552277504
1244990290429083648
1245043927478153223
1240295407097446405
1242482395678420992
1244991641922023424
1236909868491161600
1244990952336433152
1241411661073920005
1245071696568205318
1243645928499748864
1244995994477039616
1244993147987509251
1244995838847442950
1245070774500818945
1242410310998294529
1237816078643924999
1240327901981167628
1237798501553254400
1245107217495359488
1240689995158966273
1240324207222960131
1245011184748806145
1240282229206646785
1240375606812049409
1242463656354299905
1245024621335916545
1245001185259597826
1242048432388411405
1244989206612586496
1242427967558557696
1242427343173451776
1245057664549376002
1245003504252530688
1245017088940441603
1242403734401036289
1245057343546634240
1245062545641213953
1245001955350663168
1243046979279687682
1234595552685367296
1237745982617591808
1244996397524553730
1245012865746186241
1240628953209069568
1245021461741477889
1244994298283786240
1238154949453918210
1244992851693297666
1245052884041052160
1241709532692307968
1244989171535511552
1245046848810868740
1245080868625973249
1240261804430942216
1245022925066993664
1244989942176112641
1245056225651408899
1245057497360142338
1245034237356576768
1243609642158211073
1245063163063734272
1243617493823950850
1244992065269874690
1245056889349640192
1244988049194397698
1244987837642145792
1242476895184154624
1243612039404191745
1245009238549762055
1245072260182007808
1245008578513121280
1236988011260370945
1240372111958573066
1244988878592913408
1245070855874514953
1245000456981680129
1244994529683484678
1245114897068851202
1245002916148191233
1244994892276826114
1244988936788807681
1244988383987929091
1242531231050457089
1244991136197992449
1244989793311895556
1245054431055564800
1242442770142330881
1241068383354990596
1245080706222563331
1243908837175963650
1245025745686142976
1245012289062830080
1242488663751213056
1240518801336274945
1245015948475719681
1245008436481359873
1245059871390797824
1240351542982647811
1243521255929716737
1244988050192687106
1245004302185369600
1244993860956237824
1245086539518001162
1244988126780690440
1245030706738335746
1244992612987219968
1242529275850428416
1242521731253886976
1244998200404172800
1245016439284736000
1242401211699146752
1241710559994789890
1235898668663832581
1242924403488415744
1245025664987734018
1242496980401733632
1244988801933606912
1244988141766946823
1242500757351530496
1245138357224685573
1242428014350290944
1245012781360914438
1242487436090978305
1243611210542649345
1245017557108744200
1244996244562419714
1245005240304316416
1242450002040979456
1242528774475976705
1245106497702543362
1245063697946550272
1245059048409571332
1242063612061024257
1244994996664705025
1241483479323414529
1245006713272631297
1242414380957999105
1245031664444747778
1245072947062210565
1245090952735318016
1245123788536242176
1245023582473748486
1234005504713732096
1245053691952091137
1244991916476977155
1244988565974646785
1245020766158061568
1245007491114680320
1234921325153705984
1243669795691782146
1236230605937012736
1242514990491414534
1244992056302489600
1245022294080184323
1245025525023858690
1245040838910128128
1245050649424912385
1245050551760543744
1240339103272615936
1242531208761872388
1244989490986442755
1245005580919586818
1245039176384425994
1245036976702730242
1245093345417986060
1243499797237170177
1242512244820320256
1244990013663830023
1242390390369591298
1244991256058527744
1237798171956465669
1244989952611549184
1242402436524003328
1244002488711294976
1245093706526609410
1240274434986041349
1245123800666124288
1245008101687910400
1240365870062489608
1237729177035591681
1240535000233230337
1236457789163278336
1242410168979161088
1245123326961426434
1244992866075774978
1242475809778151425
1243610165141811200
1242404463698206720
1240275550847086593
1244988560798879746
1245013430748229632
1234708304384925696
1245038392276123649
1238893046680424453
1245094759678513157
1244999621455290369
1245063953979498496
1242409518996295681
1243685682419294209
1245088725228498945
1240358798587572226
1242400119632396290
1244993463059349510
1242391980623171584
1245071131155070984
1244991577115758593
1242489291474964480
1244995071650521088
1245021710551855106
1243620588905738240
1244987942306820100
1245030005417132035
1242526980953772038
1240332365139976193
1237808346079662082
1245002028369285122
1245058551627878412
1242528465003393027
1244990043388870658
1244988128584175617
1236389662295576582
1242404084730167296
1245050135018721281
1236303543289643008
1244993056849506305
1241934525250371594
1244988794870390784
1245073334179696643
1245008369070551042
1244989780485705728
1242451094829256706
1245050802055647232
1245075364096991234
1245067992951644160
1245096314339299329
1244988980850044929
1242404558426574849
1245095306758406144
1245112279324114945
1245003309443932161
1243644174051794945
1245117444081037312
1244987371633938432
1245033496562806789
1244996264040845312
1244987591772037120
1242420372810629121
1245120567197470727
1244991570459463681
1241976936768983041
1245113206835683328
1245013186207678469
1244997624543002628
1245069071231717377
1242552185944248328
1240562836121759746
1242503469275262979
1242469596474552321
1234613772893007872
1245123700178817024
1245070926489817088
1245076735848329226
1245103643466125313
1242404547617644544
1244991308638433280
1245043244737736704
1242416501698805761
1244989787431469057
1242536522521423873
1242410397522690049
1244989800094076929
1245004564799139842
1237729451980529665
1244997114465222658
1244988906409472001
1245047792302723075
1242595267980996610
1235836270955204608
1243635918235480064
1242443464199090178
1242509561837256705
1245015420698066946
1242523990897418241
1237833648226828296
1242400204017537025
1244998425445351424
1242436814096474112
1244993647462043648
1243611934487973890
1244987998707605504
1245032957888335872
1234952279607980036
1242565674494541825
1245081609415655429
1242404879768915970
1237731617835290629
1240446579930214403
1242393887144116225
1245092058811023360
1242396344184176641
1244988019012239367
1245023997739311104
1245036250593189892
1244995218954489861
1245092841879228416
1244877558904246272
1243515582869319693
1240415327655247873
1245042185860460544
1245073375552311296
1245046728228843522
1245008450687512577
1245013718787854342
1245049181703675905
1242448104621817856
1244997729463545862
1245078965531873281
1242411875398307847
1240274014351867910
1244998692559601665
1244989638235873287
1236137243993088000
1245034506161213440
1242483194949038087
1245033922657947649
1237033957700575232
1243643404938031110
1242468240690905088
1243625651409768450
1244991754539057157
1243612359643586564
1244993773945454592
1245085644407418881
1242422738297503744
1245126852278136832
1245046665171668995
1245021390245367809
1245019697139113988
1245033358448635904
1245000288236457984
1241972446867140608
1243622923627347983
1245114007805136897
1244992418820378633
1245027617805344776
1244992655387504640
1245094765894471685
1243510982212816896
1244987720990105600
1243620399776256000
1244988712125153282
1245022985666400257
1242478344022589440
1245035861810577409
1243514212548313094
1244993228065189893
1245057274411876359
1240366791383306247
1245016045804572673
1245035244228665345
1245001326381223936
1245043240509812737
1242549627565596675
1245040030407692289
1244988040818364416
1245020482979737602
1243499321884016640
1241709746144645125
1240528429771980800
1245020974011072519
1245098975516123136
1242436347115311105
1245134799767048192
1245105696934367235
1245004869016211458
1235300188782317569
1245054656859996168
1245005133756477443
1244989206910439430
1245000951183872000
1244987867253936128
1237432857569738752
1240287496166146048
1245003719747555329
1242406159342088193
1245073098979921921
1245087788497862658
1245030425027846145
1244997813341224960
1245039230419701761
1245011888385052672
1245039933070417923
1243612250650431488
1244990641995726849
1243609985654886402
1245008707785809922
1245055421532049410
1240441046489841668
1240248400920162305
1245017236638703618
1245068918236086279
1236786568179994630
1244989325550530560
1245079609714114562
1242389006178025472
1242469560097226757
1242423642652315648
1240368635614498820
1245057015044505600
1242525262140628999
1245033084321435650
1242425587236507651
1240367615245156355
1245072122063577088
1242535926280192002
1242606239185502209
1244991517921607682
1245045017959415809
1240990032409833473
1245133913443512323
1242501291600949249
1243609962238087169
1244993856644530181
1245019199745019904
1245122465585561603
1245025998074191875
1244989476700643331
1242538543269937153
1244990265326272514
1244989385268965378
1242484089107763202
1244996204875972610
1244987715155877891
1243646821567811585
1245062472949784577
1242510807231008768
1245112605749972992
1245037766557274114
1245014484873347073
1245044149113536514
1244989453678120960
1244989745165467649
1245053026324426752
1245053520522379268
1245007874549592066
1243609972027555843
1242884056884350982
1244993515177771016
1244989908646793216
1245000918317309952
1242414410087501824
1242607606381846530
1245061075323817984
1245008517695758336
1245090764226473984
1244990766126108682
1242404692707115009
1244995048359579648
1245097656780836869
1245072486603075585
1245077221158653961
1242885267805081600
1245008838383861762
1245087746546376706
1245021494712963072
1244567679282720768
1242437762105651201
1245087664757518347
1245071094136143873
1244998386568368129
1240689906503962627
1244987569093455875
1244997555924148224
1238240518980743175
1235883111759650816
1242391785105690625
1244991035937259521
1242424234456109056
1234755446457733120
1236948271567945729
1245045860280516616
1237841466065469440
1244999062316888069
1242401648468770818
1242707097688498176
1242452731522146304
1242410055271661568
1245005479186763776
1240394599451017217
1245036087283761152
1244991381694820354
1245134098617765898
1244995854953578497
1244987572977360899
1242482281509318656
1245014203238363136
