1306354518590992386
1306345784217088004
1306473679572930560
1308364409849425920
1306327465644695553
1302701653087354881
1308496768418619395
1306494431588216837
1303409154296614926
1306314225288122368
1311404705361338368
1306303695152394242
1306302754726514694
1306488657277263872
1306272471495200776
1306348778727845888
1302873088925802496
1308159839999340544
1308397606654152705
1301002309040771073
1308376625294315522
1306469541497761793
1306347797025783809
1309231735570337794
1308411597283627010
1301171934420447232
1306272629930815488
1302353584361803778
1308414572487938049
1307089265013272576
1308144656132255746
1306374207190831104
1302650790247649280
1308346887150407680
1306271054810304512
1311363881911160833
1306342656688246785
1311399049132728322
1308359376235827201
1306490893747326976
1306326201561161733
1311246475532345344
1306293600213438465
1302575226962747403
1309097235792224257
1306277440155799554
1306326842291486720
1306355360526143490
1300840887375855616
1311381538047754241
1306345226127257606
1304150273993179142
1305518366849933312
1307239713837809664
1306478742798249986
1306320629797474309
1306320114099335170
1302368829872508933
1309883605137666048
1311269785016193024
1305226588292894720
1308436348177731586
1308362087027048448
1306468090096627713
1302364651796205573
1311285046444281859
1308533659478130688
1306449898032766976
1308345769502670849
1306469896797261824
1306567682159005697
1308138467587743745
1308701909902131200
1308346761208004608
1306273441704796162
1308398009089232896
1306285372192829447
1302032909549805568
1306456373169881088
1308369185110712321
1301208466577657856
1301142700704571400
1306278609313726471
1311048409856577536
1306286754463395840
1308420069702107136
1306489391955808257
1303084992839536640
1308330441854930945
1307146418742857728
1306585959429885952
1302564127353769984
1306368492430598147
1306341510850502656
1306281658035974144
1311259882474082304
1306341042795540480
1306544366627024896
1308372161191653378
1306338170951344136
1306526405010825216
1308480413149650952
1308343097802227712
1308338675273674753
1302462026950881280
1306319002105532416
1306276310424182785
1306322942071123968
1308530579785289728
1302363930908659716
1306339897310162944
1300675753982521344
1306493534564945925
1306365324724506624
1308341302015205377
1306275024555388928
1306296080288698369
1308427414201143296
1306339104943153152
1308345014792093696
1308417208834568195
1308098224859865089
1306367373096759297
1309098568590995458
1308337205782491138
1306311223974260738
1306268263295455232
1311269270408527873
1311260923412312065
1311440160244920321
1301126301814870018
1302626467675664385
1302764039311970305
1311259030913003520
1306358897800818689
1306305510845681664
1302982842272616453
1309545701471391745
1302356377709555718
1306321973346172936
1309275240141402113
1302521338880495616
1306495006606323712
1302520358537515009
1306394853509562368
1308525942663532545
1308364560181624835
1302459817093664776
1306349985496215553
1306264959614103553
1306289130826084353
1306478457929506816
1304150324001865732
1302359845006344197
1308509815287820289
1306578054681169921
1306303417816698887
1306285417856217088
1306299080574984192
1309151693590933505
1308389542345539587
1306267989130567682
1308653479821484036
1308121148459286530
1311258374378528770
1311293984468238337
1306582260645277697
1308515521852309511
1308533690578984961
1306274446337101830
1311268296063410176
1308393773282533376
1306260677384962048
1306349908358828032
1308389367271043072
1306347387233984513
1308485726896640002
1303199574920769538
1306630641979715590
1306272245531238406
1300855123854397447
1308347850502307845
1306337883167617025
1306386423239585793
1309605260684656642
1307034258473652224
1306561630361317377
1306366990207123456
1308437189299236864
1306291048176644097
1306384156365066240
1302225648119877634
1306298514515820545
1308127147396157447
1311262776359301120
1302353573561458688
1311368735006089218
1306343819273699328
1300812310768947200
1311397089256058880
1306494783976808450
1308482623900090373
1308349972119785475
1311333144856014856
1308335119111946241
1309297320878641159
1300741541875650560
1306286121450700805
1306367688151912449
1308430749259964422
1302364342369882115
1308682724186689536
1306287283155410945
1308353077410439169
1306578111321047048
1308367061882724352
1308383452153208832
1306336802236755969
1306330810350436357
1306517389786451968
1309379046715912193
1306764813285064704
1308337496636391430
1306347421505650691
1311326456690151424
1308349328633851906
1306496432006987776
1309063190546972673
1306339460590850048
1308369263959343104
1306357456474431488
1311424803602132992
1308484496233291778
1304180618956345344
1306307102609158146
1306293523684220928
1311262694717227008
1308346297867530240
1303592754799353857
1300760972139925505
1306521128647757825
1306402390858502145
1306363830407172099
1306302756534222852
1306519024822611969
1306458582863446016
1306470858618269696
1306302121483083777
1308477391644372995
1308389169136312327
1308398355849113603
1306523289330814979
1308378528438681602
1306496016091316224
1308471103833112577
1308411319822024705
1308342326905970690
1308435072052269062
1308338426132000769
1306279704199135241
1308385266500014080
1306525352026664965
1306388941503967233
1311400565214244866
1308454201220116481
1311319924204359682
1308439733379510277
1308407659197063170
1306272565481136128
1311301464040640512
1306289994076688389
1311299314900242432
1301166031801651202
1306331570526183424
1308155648459321349
1305026330967277568
1300763596750716928
1306309551436726273
1306342097541365762
1308413029982318597
1302632662381867015
1311270930870607874
1308120980062171137
1311278666668814336
1308365876291346433
1308141842509201410
1306489919792189440
1306308746356953091
1306303063397994496
1308440906564022272
1311352134399557640
1306307708585496578
1308355006211469313
1308364243364970496
1308335563771125765
1306273881926369281
1308347645740691456
1302528496741294082
1306337139538432000
1302355740695330822
1311279323345752065
1308356831333552128
1306372229744263170
1308495723365834757
1308430596570525698
1308464673822593028
1311281018721185799
1308355412899647493
1306502677933764608
1308342550256848896
1306339875503976448
1306278299631484929
1308436528817991682
1308685807285395457
1308341084423151618
1308482121124769792
1306326424681361410
1306940466433265666
1306268857515028481
1306484861432102913
1306275522981355523
1306261402546589696
1302353773944360961
1308362294213173249
1303199175274835969
1306403006745915392
1306318671757938690
1303080740675031040
1311390543390420994
1308408390729830404
1309411277861683200
1306538435335909377
1306334540995137539
1306350970985684997
1306275182299033603
1308376620613472256
1306305310810927109
1306348705721786368
1306348892905238529
1306428753464242177
1302502994097901568
1306274521788317698
1308374356502999041
1306288809743724554
1306279089007996929
1308452166097567748
1308473200762814466
1306506116021604353
1308355730676895747
1308380592854175746
1311298259911086081
1306286600633094145
1308427652412387334
1303061669896224772
1302500878910447617
1308404762644287489
1306586273893806082
1306303887075352583
1304342902873747462
1306268352881602564
1306283503504457730
1306367387055394817
1306955226969247747
1308449820437352453
1308396905395884032
1306355705289596928
1311260791442673669
1306276138688360449
1306533163540324352
1301269928406900737
1308337543021289472
1306284991664525313
1304151291405443072
1306306332048449537
1308517938287312907
1308515161075056640
1306637707280613377
1308343728638230528
1306313451472551937
1306361769573732353
1306315229136121857
1306277631139164160
1306314464279646213
1306284260735807488
1307288071822548992
1306299918261329920
1302508516889055232
1308340746035113986
1306924573418500096
1305209434638094337
1308383708735590401
1306573453772894209
1306301690010914818
1306270666082193409
1306595893102034944
1306406902625185792
1308402468049563648
1308162062464450562
1308358065469652992
1306329718057324544
1308565574851665926
1306343950517702659
1311260357701316609
1307032355991965697
1310173180842184704
1303032586881699840
1306371891804934146
1306962487787520003
1306474718460022784
1306279340964040715
1302958813063122944
1311266253273796609
1300890321593806848
1308459902109650950
1308342032088395776
1306540977235075073
1306309627852791809
1302358838776139784
1301219104066547722
1308336541702533120
1306327348187402242
1311268708048932865
1306523721591672832
1311282415978110979
1311365371111321600
1306320601779523584
1303015611023450112
1302360142923653120
1303425214248878080
1306468155687153665
1306360531285139457
1302691071441371137
1308377911213412352
1308140023674556416
1306320604962992128
1306300742668517378
1306289294374559750
1308126853555683328
1308144815218085893
1311284691186708480
1300823287057047553
1306274257320640512
1308544742829981696
1308481242518740992
1309739183079124992
1308450679959293953
1308335271503687681
1306351408711716864
1311265937014820867
1308462316875329536
1306305601891430402
1303097640876421120
1306336400334258176
1306463674966605824
1308375033643925511
1303235247274946560
1306483885056950275
1308506036463120385
1308357786171068416
1306494205716566016
1306316593534849026
1306267926744502273
1304448470833651714
1310992701043740674
1306341259854917636
1308365295711653888
1308481715346845697
1306603248455909382
1306320262082768896
1306362785438273536
1306285994480721921
1311260625222463488
1306931180739219456
1301208491823190018
1308462080341741603
1308359462277779457
1308372219635077120
1306634506695213057
1308343848968630275
1302468304938901505
1311276915693703168
1306357453630713856
1302506632732172288
1306416053430489088
1308649210187853824
1308345164151296001
1300844429260066816
1306294682037751810
1306515430710878208
1306376143109599243
1311318247086718976
1306286478381789184
1307524177021161472
1302010121237803008
1306281662100238336
1306315672482439168
1306310338405597184
1311269601548922881
1306291550998196228
1306301607152414729
1306298207215943681
1308407217536761857
1306290451285250054
1306277984417067009
1311318423096487938
1306389492631298050
1306331337545134087
1308491510044864512
1311333349013819394
1306575597947228160
1306288247400804352
1306327788908171272
1310118676952166401
1308416633791279105
1302496956242104326
1306354074917507079
1306269152659804162
1308346891487326208
1308550011773427714
1308413547760754689
1306447133999013889
1302951701993992192
1302525795328495616
1306294924191596545
1308544201697693704
1306324367408803842
1305179014097768453
1302587547164520452
1306544137617932288
1302526048412872704
1308461017282772998
1306333001018757120
1306273086099075072
1306340214357585921
1308441516017438721
1306347181515964426
1306277645085220864
1306364795625648133
1306286091692134404
1306310246424600578
1311426252151099399
1306471559876538368
1302908169811828736
1311272495690010626
1306471602889031681
1302149353654509568
1302145859728089088
1306289979199565824
1311296087051956225
1306345267436949506
1306480576141156352
1300814173841096704
1300823700107923462
1308646830746595329
1308410094229520388
1308339918482145280
1308344599379931138
1308786364532641794
1308341032124329985
1302513556747882498
1302555052469608448
1301181457101197313
1308415928737181702
1306297006244143104
1306278736539639812
1308348052239941637
1306267586733187073
1308586055143231491
1308384021869723649
1306456604506812416
1308382467150274560
1302150275797409798
1308551058734579712
1304286207623360513
1308115988093825026
1306290187597746178
1302028735009390593
1311409670247112706
1311269318945103872
1306334141428969473
1306289433935851520
1308620270635278337
1308343463063191552
1301180351503642636
1306517084910825474
1306566589345652737
1311274231565619201
1308472852979560450
1304152518067453958
1311257406249357312
1308397969213919233
1303082638375346176
1308340913027112960
1303212085053190151
1306353951500103683
1306322339169275906
1308400394561826821
1306383678185050113
1306423066726146048
1302616213726605313
1308362780504924167
1302357415300653063
1302581192793960448
1308436850479181824
1306324974433644551
1302369202892931072
1306291599123546116
1306581285985570816
1308395297387749376
1302630681349160965
1306274968330698752
1308398150634401794
1306289289228058625
1308397290533650436
1306360717730295810
1308119351229374467
1308127138973876225
1306274783223574535
1308496107203366912
1306316576006844416
1306320255032139777
1303601893332090880
1306368738510372864
1308437834324480000
1306589781262966784
1306343677967699969
1306659725812076546
1311267643907805184
1311284872875569152
1305101808147337217
1308480526601400321
1308121217392619520
1306378349489594368
1306291785480704004
1308383128214437889
1308470305380237314
1308393271350132736
1308344365450964993
1304764725075611650
1306713641627115526
1301079912997060609
1306423835403706368
1306956411377680385
1311266092216651776
1306301819618983938
1311262631030915073
1306275841232568328
1311271976812584960
1308358523772956672
1306844109873836033
1306528296700579840
1306312918615678976
1306328838071357441
1308393506235469827
1306930858796998656
1306479264485736448
1308498647903068160
1306318882060238856
1301976221564243968
1308353174391185409
1306334775284817926
1306417387126824962
1308361081295974401
1306268342454493186
1306297963921248257
1303274042410008576
1306545211796054016
1308387440369991681
1306369306213650432
1306329163197042693
1308146292732948482
1308057128767238144
1308361414000734208
1306351657278738432
1302680714052337667
1311279523846123523
1306334226091061251
1302364544032026625
1306285275971190784
1306290832736243712
1306486017411756034
1301203369420349444
1308482198207635458
1306313707052564480
1301402478441791489
1306343279080992777
1306409420482633730
1302396059487014912
1311279115077586946
1308517541489278982
1306564901348020224
1306474825414832128
1302899839680872448
1308341063317364736
1308492307835084800
1311278884621627393
1308429621818425345
1308368447496126464
1308411028154339329
1311422443270148096
1308694707162275842
1308376480318193664
1306341189973610496
1301113822401490944
1302041292290093056
1306692962168995847
1308359692633210880
1306510565322493953
1306358653168029696
1311363842509692928
1308403556643491851
1306332995582861312
1308350599797317633
1306378460365979648
1302727786298212352
1308478365167362048
1310190216129449984
1306472644674551809
1308378196409282560
1311301234867998724
1308425308111077376
1311273088710053888
1306527450424389632
1308836672927399941
1306365786039164928
1302371276858765313
1308688867298611202
1308145676556079111
1306272615552745473
1308033695530483712
1308695591673892864
1308478763257167876
1308365760352444416
1306295685747269633
1306348209187549190
1306358086211428354
1306325871087812608
1306384960560001024
1306314987313520640
1308640056555565062
1306332659145158657
1306331659046998022
1306284855001600001
1306271364668686340
1308120387767742467
1302473836458369024
1304485814043279361
1308371276063559680
1308404534537060352
1306501313249923073
1306345547394146305
1306283887535050753
1308476451709222913
1306367592026824704
1302553040768192512
1301040569729327105
1308394340826394624
1306411958003011585
1306288282192490500
1302391961652015104
1309476445836775425
1306483354242555904
1308099118028464129
1307031342505394177
1306343052160782336
1308470873293234178
1306341156863778818
1306295007037587462
1311263944707842048
1308396448602619908
1308343835911692288
1308340860438929408
1311320606923804672
1306359136326750208
1306356891799506944
1306323784484425730
1306279904489672706
1302661785623891973
1306280062900109314
1308373430392238082
1308395357093720064
1309410661936529408
1302518483113172995
1302413355106304000
1306293531850477570
1306362842522832900
1306342560869253122
1308335384200347649
1308364889749164032
1302887631634788352
1306294579193417733
1311357371017461761
1306738884227850240
1308423863294885896
1308403448086396931
1306327991681798145
1308375281166671874
1308418568925650946
1300897241067065344
1308363739826212864
1306922048137068545
1306694756844605440
1308449479486562311
1306333494075895815
1302692393133768704
1311268262144077824
1302364609169457158
1308437842151047169
1306957881292599296
1306493051607683072
1306319889330733056
1308344337999294465
1306498905719410689
1306588548489859072
1311259260341366785
1306328397279383552
1308406872110759936
1306299648253014016
1308792317797634055
1308555380599840768
1311285834323308544
1302412580632367105
1311263719465406465
1308336347552284673
1308532377300467712
1311275940710932481
1311275818719608834
1306329041281183751
1306274657251852288
1308518486482788356
1302672386978992128
1306274841939587073
1308526564573839360
1301482662922772480
1308388238994952192
1306309153829326849
1306956364074319875
1306318171322888192
1311279068856414209
1301582870453121025
1308644158190563328
1308350915896803331
1306333885320630272
1311286810115543041
1302217868654923783
1306466871978401792
1306475494737674240
1306333274382446594
1308335426416058368
1311261795039019008
1308804180920934403
1306293649274265600
1306281638305902594
1308402942345711620
1306270779261292548
1306338909014708225
1302575196289851393
1306356508335263744
1306315065948241929
1306311895847235584
1306517444773765120
1306347222540451840
1308093884006834176
1308364827451166725
1302366317098434560
1306299904680251392
1306285352873791488
1308723349078577152
1308413349726740480
1306269049907826693
1306336358584201218
1306288603774017537
1309963474597015555
1306301698428801024
1306274317928366085
1308374791829716994
1306480887530487808
1302561877243854850
1308424678101446657
1306367370173112322
1311322715362660357
1311269828334948357
1306515012824031233
1308510199167188992
1308382683656065025
1306297171709505537
1305167866510139392
1302395727210000385
1306322139172216832
1306624231657086976
1306268740049305600
1308407565135630336
1306462055457869828
1306282252851179520
1308648150052241408
1306272822264770561
1306367991177777154
1308430790200614912
1307039302069743618
1308411613331050497
1308347121494523904
1302953604551237640
1306305656182444032
1306320892755140610
1308361907993182210
1306494926541197312
1306274251721277441
1308425818805342209
1308397047033327616
1309776179268849675
1306378500887191557
1306495215218429955
1306280228092813313
1306328951590182913
1306342805569232900
1309494096109735942
1306964671921033226
1306289917060882432
1304171698770644992
1311293316445724674
1306286624498741250
1306544886720720896
1306342178021666824
1311442321951592449
1306322511924269058
1308676263771602944
1308348460589031424
1308386947585511425
1306356077957705729
1308473766087979021
1311387856049524736
1311270195445534723
1308350825237024770
1306516898943848450
1308361054066487297
1303014093691990016
1306303008972697600
1306452128886554624
1306633809622949893
1306341856633122816
1306299278558662657
1306296857333645317
1306228572110159876
1306326676687728643
1306309512639504394
1306268682469945345
1308363384103067648
1311446375008272384
1308436318502912000
1306451388268978181
1308509829116448778
1308391513639071744
1306354490988285952
1306348859292094466
1306313804360421383
1303139877853302787
1308440430040829954
1302514692380930050
1302367926171906049
1308423015256993795
1306307550799953922
1306958726134460418
1308339124923924482
1306455323826417664
1306310614042783748
1308372583830769666
1306305563031220224
1308525989308309504
1308413764635693057
1306337423195099139
1306299674832384003
1306288870099759105
1308362394020851712
1311285409234726913
1306284009815789569
1306329844427493376
1302543618306179078
1311302299801845761
1311276437614329856
1308051871811108867
1308396928426749960
1306341181324963841
1306498751415152642
1308373496184164353
1302371151969222663
1306498935192784896
1306273925618372609
1311381531139747840
1306264992556167172
1306267344898084864
1308373020348682242
1302356776319356929
1306400879067754496
1311341742252347393
1306977976010133504
1308387630099369984
1308375080448253953
1308353283170463744
1306527810903846913
1304286322845265920
1308365102500978695
1306328878126858243
1311259556413083654
1308428333055725574
1308461817098891264
1308382347335696384
1308366236217225221
1311262388457537536
1306317198756139013
1306511578762797056
1306278271491936256
1303149204190171142
1302464731127652353
1306502208884805634
1308367206653231104
1306474218633203712
1308443771328233472
1302129017756225537
1306347375083036672
1308388150323093504
1301205979326021632
1308370930398355456
1304315232983101440
1306349727928246272
1306286903038222338
1306330931381309446
1311287027053273091
1309217185269772291
1308400778126733325
1308584632431058945
1306488217508753409
1309767553934413824
1306349974121312256
1309409933990006785
1306279127058612226
1308668306975526912
1308393326312411136
1308477387617849349
1306351456149221377
1306305037019353090
1306489290562719745
1308454379331162114
1308144922298658816
1306306723246899200
1302354762222964736
1306460639146188800
1308492410125680640
1308342304374218754
1301182293659332625
1308807318302228485
1308419173907861504
1306339754515075072
1306306315426377728
1311312021984608258
1301227591949578240
1306564157056200704
1302598295114711041
1308388244149678080
1308474681104707584
1308332228448071682
1306897962719641600
1308379583721492480
1308373338067210242
1306307276710596610
1302542906423750656
1311286822501261312
1308364910762627072
1306355090920550403
1306274513554939904
1306402619850620928
1310912770733486081
1306281549697085440
1306490830509744129
1306358526227476481
1306554533707997184
1306287895041507330
1306539252172423176
1306481007244255233
1308336139208712193
1302271632778711046
1311356684250603521
1308351487878352896
1308456129874321408
1306304130252668930
1306571115469459457
1306565798329278465
1306312795609346048
1311273366930812928
1311265662648672257
1308378208459526144
1308439031416586249
1306375038782799878
1311273592173334529
1306273635397709831
1311267549825454080
1306362041368752128
1308372865742499840
1308370869618708480
1308119595836936200
1306497636254527489
1306487324369399809
1309882949647691778
1310978412924866561
1306270351190626310
1308406482464059393
1308986311794135041
1309494948270665728
1308473496176152577
1306323399678005250
1308338645305380864
1306300005234376706
1303083649177456641
1311273955496427520
1311164628450398209
1306299693232795648
1308473918416662529
1308380940981473282
1308385671917326336
1306466672681902082
1308434678962155522
1309135750152290304
1306372461328510976
1306973013657739265
1311392471008542722
1311307904163737607
1311267954919702529
1306516232036904960
1311284827136679936
1306592460613672960
1306356883939360768
1306512372920655872
1306276859018203138
1306301274464415750
1306339211302309889
1302021859672829955
1304164109722755073
1300805904498135042
1306380838561632257
1308473578682232838
1308534461844332544
1311290405082853383
1306296244197875712
1308364295437197312
1308031370778861570
1306338819671818243
1302690685334810630
1300804665660059648
1306275927203160064
1308162769162833923
1311313351696359426
1306263654883643392
1306262260059435008
1308362267327594496
1306269520860913665
1306608838234320896
1301117477129261056
1311320542713180160
1308342918017675265
1306598556250202113
1306421732388098048
1306358007937331200
1301125670542741506
1308448604294713344
1305218773444689920
1306311835314982912
1308380329586167808
1306340297505484800
1302656573156847623
1306627873432895495
1308341977117872129
1308364686149275648
1306260990313537537
1306508018020909058
1311378515561000963
1306493285289123841
1302651226715193344
1311303285161238528
1311418317719121926
1306546666552651776
1308338722828677120
1308336976941252608
1307025217605324802
1300865008033816578
1308354663662616576
1306526050357317633
1306301740019523584
1306279161045102592
1306268701730189313
1302959834325831687
1306330640590286848
1306523475406979072
1311275737396269056
1306326614574354436
1308405422555107331
1308390330568507392
1308352235546521600
1306067046938087424
1306320368504799233
1306325215107076097
1306316888931274753
1308471841355427840
1306287888921964551
1306390243730432002
1311304757353553921
1300873776461209604
1306294116322619394
1308398337603887113
1308067231507582977
1306310372866088964
1308379052080758784
1306437727085236224
1300794081677914114
1302979551685939200
1308410154833108997
1300815132809990146
1306319366594719744
1308798732029362178
1306958054018240518
1306332428835971074
1308341557104455680
1307120239927341059
1311261215197483011
1311438085163540480
1306328609171427332
1306532262218002441
1306418351703552000
1303991868162805760
1311263965419384836
1309382735878860801
1306523437037424651
1306364139179249665
1306299914922713091
1308425863151718400
1308352307726352385
1308377162349785089
1306352801518432256
1306374341035282432
1308476900424273921
1309006554511872000
1301987663810105344
1306330194807005185
1311346303603965953
1308348521888845825
1306954861624397825
1306273129812066308
1308361384577634304
1302957149400727556
1308460329953878019
1308380029253029890
1308502179167305734
1308350418318233602
1306447714255765504
1306261516371603456
1306483788772450304
1308346401181634560
1308123779663630344
1306312693154971650
1302524678565748736
1300857626172030976
1306276939334856704
1310189034271113217
1306279142875369472
1306287007782580224
1311209854674055171
1309585933247934464
1311319947721797633
1302513160386220033
1311267370476933127
1308439405691121666
1302378815050711047
1306460546221461507
1302488949198393345
1306333424102375426
1311304268805214209
1308347740414447616
1306275546796642304
1311336624232566789
1308379988694126592
1306280249706110983
1306355217756192768
1306323861277945856
1306567236447072256
1306556821969293313
1302414435898753024
1300892531522187272
1311270726071132161
1306953055326425089
1306348272894738433
1308409519945461766
1306291231283179523
1308356984970805255
1306703440517754880
1303270068986540033
1309216276775133189
1306547610342350849
1308387153387425792
1306959293120421888
1306468949207453699
1306428141599100938
1306313775755268099
1301165443105861633
1308338588459950085
1306356272736776194
1306495462799798273
1304130991766765568
1308790772792209408
1308355169059581958
1311399442617073664
1302381631630647298
1311360947634737152
1306644615282515969
1308415273519771650
1311273863540547584
1311319108235993088
1308336547813617664
1308524734020231169
1308369835584303104
1308389714139938817
1311339577756528648
1308476668609257473
1306455827646156802
1308352758068719616
1311257406345801728
1309546888128012290
1306941201631916035
1308471305663057920
1306282893392609286
1306278120169799681
1308494507927891969
1306585497658167296
1302632913725542401
1308376600744951808
1306530055775019009
1300890894699290635
1308668807267876867
1300749280085454848
1309364455801847811
1306365943292010496
1309290813944483841
1306330354815557632
1308475204381929473
1306297923387437056
1303091567310319618
1311428411223572481
1307019235294621697
1306887542323720193
1306294843572989956
1311330395548454917
1306278264659472385
1302503671259955200
1306321017669812225
1302364358933131264
1308450263620038658
1306567045652393984
1308394821346897920
1309037567258619907
1308389651334529025
1302219180649918464
1308346228250419201
1306283720727560193
1302026302933929985
1308413052455399425
1306474743600754688
1302668112060395523
1306977086423347202
1300708146760036352
1308424618353594371
1306272822780719106
1302162144549576706
1308822380211560454
1309417396894142464
1308512054559506434
1306271175203581953
1306350173728182272
1306272630065033216
1309420366402662406
1301246860875698176
1308335892600426496
1306323134342213638
1306301678698803203
1311297912048148482
1308357205285113858
1308355004114370560
1306544403578839040
1306324363461918722
1302510033146720257
1308348726025613312
1311259740148727810
1308364244019224576
1306344885251969026
1300699381314789377
1306302816441561091
1306281033978064899
1303095011798638593
1311280961317998592
1311259224429731840
1302504518597390336
1303772342624100355
1300803309125672963
1303057765850583041
1306296199071309826
1311363004819279872
1306285929418690560
1306562537647939584
1306359626196279296
1306319568072331271
1306314781079547907
1308390432573972480
1308475728044974090
1308078070579036161
1306270046528909314
1306343664860434434
1308619533079449600
1306567716858400770
1308033218084515841
1306344840079314947
1306568801291567105
1311318213658017792
1306526116757344257
1306459906376192002
1302123380477431808
1308415440906080266
1306368200746176512
1301233207065673728
1308362240639283201
1308435863353819136
1308128267854057473
1306282924589936641
1308402288978022401
1308330432220614657
1306268627050655744
1306275052464283648
1311290588109721601
1306288125275254785
1308335469596418048
1306334476671254529
1308484223016337410
1302160149713428485
1308423844621844484
1306287695367413760
1302551444176936960
1311265024711831552
1311364995926626304
1311269179975249920
1308583091657637891
1308451197318303746
1308366155632050178
1306494297794019329
1306489576823885824
1306471260998840320
1302432684472438784
1306672091194851329
1306497658861899777
1306303796692291588
1308363539363528705
1309409636790001664
1308666405563269123
1306809816275394561
1302636327867908096
1301036138782744576
1311402524499488768
1300789681810964480
1306310462045335552
1311299564792688647
1310982596596248576
1306953915968221187
1311206865402036224
1300886397721686016
1306320782163836928
1308345763156684800
1306340526338301953
1309247957934505989
1308388156929200128
1301049156912459778
1308398426741145606
1308474064437157896
1308429686935093249
1311337827305652228
1302515597352329217
1311291228034662404
1306830515530498048
1306523687177400321
1309505969093840896
1308382634062606337
1308145152188387333
1306316374504079365
1302383973537132546
1306351942298468357
1306565563595063297
1300796600856580096
1306530412508991489
1309545237740748805
1308336141968474114
1305217654119182338
1306267462183288832
1306351120223215617
1301379345278218240
1302549385277050880
1306304393399218185
1306298015917932546
1305565479596101633
1311349510254342145
1306502107625852931
1311298775751757824
1308355483145834497
1302363569732943873
1310124352940249088
1306305993157074944
1308124837588725761
1307202722312093696
1306287671606743043
1308389454860746757
1306327393272041473
1308430882882162688
1308388569854160897
1306362819198291969
1308510966099988482
1307158741528260611
1306307289763151874
1300760010084044800
1306339182986567682
1302601930343092224
1302390459172610048
1308337189076467712
1302354147270897664
1308411431143067657
1308391771521650688
1306348138408620032
1308362200483061761
1306368130646761473
1311270648711348229
1306321714138230785
1308505790307803143
1308339779394777089
1311260666007891969
1309276926738079744
1301439864093761543
1306344506565054466
1311342739573927937
1311295713347809282
1308522880062414850
1308441702731001856
1308871064907382784
1306304121948037120
1308404318828199938
1308696453032873986
1308471189581561858
1306300875900620801
1306382512105684994
1308472838127529985
1306305283799486464
1306958307366776833
1308414469593272327
1302542487479779329
1311357254147420160
1308355229818261504
1308874223474049024
1306295172368662528
1306290710723940353
1308430322980225025
1308344481909964800
1302482176198479872
1306272120847110144
1310116950463438848
1308108812629442569
1306495449642262528
1301069957808226304
1306264089035968519
1302652059687280640
1306314442100166657
1308524598904881155
1302951778573574146
1308340679089836032
1308347388994650113
1300685941909094400
1302606480605052928
1308350015555985408
1306438655251279873
1308418596633292803
1306458568636461057
1306958965046153216
1306321396931481610
1303083979025899524
1306921548234850307
1306297889820467200
1308331426018979840
1306290894073737224
1309880877447622661
1308133023611850756
1311301091112427521
1306387235919532038
1302407754209001473
1308372524766580738
1302361767914463232
1308351814933327872
1306389388692271104
1311446613462835201
1308367826672025600
1308453396354134017
1308476696136503297
1306367488226209793
1309524191369101314
1306274711559602179
1306333930161831937
1302134223793516544
1306475328089534464
1302017471981989891
1308398889645625346
1306261536059650057
1308413393980870666
1308496992646168577
1302353203271475200
1308479198537842688
1306324809996029957
1308353023454973952
1309413334857515008
1308501840191991810
1308452544335708160
1306278364936896512
1308405053343047680
1306304047297761282
1302897237408837634
1302634143533195265
1306369095642816512
1302507341632372737
1306343902585278465
1311283767697440770
1311262357499371520
1306279228313423874
1308479255970484227
1311281848199323650
1307035978092118018
1302892230814896128
1308155125341487104
1311262816494551043
1306329121073573889
1306328145977585666
1308546959490330624
1306274863678738433
1306278717707235328
1309409017630994433
1308517499042959368
1308440329302011908
1306314394490601472
1311383583391731714
1308452555987595265
1306288869558677504
1308143141745307650
1308339602202206209
1301249752449912834
1310524906011086849
1302453193029320709
1311271783132209155
1306262150265044992
1300788673919758340
1306367903122550784
1306407188995416065
1308349639498911746
1311272682802085890
1308407366216540162
1302940683720970241
1311344234943967233
1306437638245752832
1302506739569438720
1308459277225463809
1311415432528777218
1306346350125232140
1307067384541392900
1306976267539972096
1311321392143650821
1300586592223010816
1302584644160892929
1311415703556292614
1308360408911282177
1304390322043133958
1306336048746766336
1311257792746057729
1308390806202482690
1308345860263153664
1311437904632262656
1308352924062552065
1306524867936821248
1308385652636090368
1311294959522394113
1302376235641835522
1306288358084284423
1306581807589208065
1302529789270556677
1306329651913072640
1308438485532053504
1311249362530586626
1304767031091384320
1306361034433847297
1306350409926270976
1311287508546859014
1306346246320410624
1306975131735031808
1311292757428838401
1308378414655692800
1306271212960714753
1302524234649001985
1311261003330486274
1308371304177860608
1306408984442798082
1306289321700454400
1308804868795183104
1308485526140354561
1308433213975662592
1311386647745957890
1306307354825285632
1306281084536139777
1308422021768937473
1302367491209994241
1306350706702643202
1309410926983077888
1306566824146997254
1306271197840240640
1308388808308797441
1308386254426382336
1306486136974594051
1306321794379517952
1306514781227151360
1302351297186869258
1306267778836557826
1311279567206789126
1308098006030454784
1306304984976416769
1308343310424080387
1302204352002547714
1308370872672169984
1308734233872134145
1306283251057729537
1308339414389731329
1302611537664901125
1309008270330392577
1306273560491679746
1308442654036955138
1308387384334188548
1302649277429231616
1308347458720862208
1306276880996356096
1303353480145502208
1300823712258764800
1308367050876780544
1306401857468858369
1308377419255029760
1300755815570329600
1308354729500717057
1308344248484458496
1308402301640597513
1311322798560862210
1306330189576785920
1304459854929694720
1306272536133591041
1308506557991313411
1306347139333791750
1308369434797629440
1308338024405782529
1308479842527182848
1308350468716888065
1308522675262959616
1302646629602938881
1305475464484487168
1306270697019367424
1306367826513588225
1300683681485541378
1306386279576276993
1308336612808577024
1302511372878651393
1308481759701594112
1306273009393700876
1303096682717081600
1306454534147973120
1301211463785340930
1308360452402032640
1306346325315907585
1308360821312020481
1306281910860218368
1300623632914436098
1311388337559793665
1308428009397981184
1311363896071131143
1306288425067216899
1300721631472635905
1309613762735992834
1306344701847633921
1302469900812931072
1308136588824711169
1308471661994430465
1306394272229470209
1306498326892863488
1306315286585503746
1311280773215981569
1308350736594612224
1308355867989823488
1306284720116899844
1301052305752686593
1304500944294547456
1306364772221423616
1302504550155378688
1308400043892842503
1306342591550705665
1308790543749730304
1311279306203594759
1308395513348268032
1306276947622858752
1308031069803950082
1306377915274203137
1306325514525847553
1308425756905795584
1300647064645369857
1308682870655979520
1307267405425582081
1308471814100787200
1308464965444145153
1306318548810244096
1311398741073633287
1308405051736678401
1306264340195090433
1308134050406768641
1308360683382353920
1308555744875368448
1302353563998474241
1309546207010840587
1308360257572401152
1306923170595774464
1308380478173577217
1306352603123638272
1304764357050601474
1310636834372845568
1311259498548547590
1308405105394417674
1308405099723710467
1306266083867922432
1306349838095785990
1309545430167048195
1311402232437518342
1306268888775225345
1308380031484407809
1301589659227754496
1308471992551723008
1308485964923371522
1311297923259523076
1306335886829850626
1306323135365550080
1306523371123994627
1306354709901512710
1306508898925514753
1303116056777588738
1306957186803916817
1308394807811813376
1302361538737643521
1311378104011587594
1308375995955765248
1306334835720556544
1308503426217771009
1306269454049968129
1306356192747442177
1306356012346232834
1311295663691517952
1308424804224192513
1307254624089505792
1306328259110604802
1311314085871579137
1308336784728895489
1303203375463493633
1307022897630896128
1306269768161333256
1308400102285938688
1306329288543789061
1308428307239665665
1301278905681281028
1306370049368821761
1311268862676131840
1306295299279745025
1308128894638321665
1309918830890754049
1308562749623017472
1308493635239976964
1306274065867583488
1306321903494234120
1306504930358943744
1306320249239855105
1306417067382525952
1306336306839068673
1306322199364743168
1308519436622667777
1308379044577185792
1306649205386117121
1308780225577320450
1308819059035836417
1311286777060220928
1308394325072642048
1306313306504822784
1302501938047660037
1308380420858355712
1306333020165754881
1306498194562576385
1306345729548595201
1302970591843168258
1308337843929055232
1306328993772253184
1301052842455818241
1306454986801512448
1308406327618801671
1311340722478555136
1308368421051080707
1302677742652190720
1311361647211155457
1306476932104704001
1308468952394276864
1311265034258067456
1308443930388836356
1306370827672326144
1300821858791690242
1306378541970456577
1306278505550942209
1306344836191211525
1306361438945054722
1306505107480162304
1306351230457970690
1306355592135663620
1308749069112741889
1308350611629518848
1308375782616698882
1306344310359699456
1311373350632132608
1306307423028867072
1305084032489795585
1302386730604036097
1311292359125204993
1306325572595916812
1306461776977047554
1306326364824522752
1306272085577289733
1302361455287848960
1308460657143148552
1311419660181680133
1306269929860104198
1308413593826852866
1306346748244353024
1302699380017958912
1308342817933201409
1308146096930201602
1303090260830814211
1306710494766653440
1308429538951680001
1311435856683716611
1306270906394836999
1308371028863782913
1308624456617799680
1301290730061803531
1308339094481764353
1306252621443989506
1308361552651784193
1311280020854386690
1301254944046096390
1306283798695415809
1308499360443965445
1308377756108021760
1308438300953370632
1307624865202139136
1308474793767899137
1306313761851166727
1308352780478881793
1305294421215383559
1300731678214807553
1311284747507838976
1308485314441367558
1306275130600034313
1306454306145566720
1308335992542302210
1306296479494090753
1306346290243133449
1306336072650108931
1306302698577375236
1306359023021821952
1302574764557557762
1301170734228791296
1306299413636227072
1306323704125759488
1308428705040158720
1308429673026801666
1309397777445683203
1305174597755719685
1308335508183973888
1306674517754949639
1309845969308131329
1308336403286286336
1300895998575865861
1306338953574985731
1302009805956149248
1306197548957396992
1302389558093504512
1306374067184979968
1302572882825031683
1308384815494856706
1308556491662733312
1306757082650116102
1306298965604868097
1308650581385449473
1306329763024441345
1308393748942946305
1306399128423985152
1306352969366081550
1308357152025849857
1302533545752252418
1302391163526184960
1306487422235095040
1308400593896120320
1308383316140265475
1309420769341046784
1308504112720470017
1304369133811793920
1301978031897088007
1306488189859831813
1306281981844623365
1307031266055917568
1311269866838601728
1311287466691829763
1306276952802840578
1308033025503002630
1311432661089619968
1306319268439560193
1311406212706111494
1306499791518666752
1308345007598907393
1306396791441629184
1306502820598878208
1308472543788097537
1306374889981595650
1311306730308014082
1311307377757564928
1308676205588209665
1311290109220851712
1306312729247002625
1306272988367650816
1305622614631747587
1308391311645573120
1306471323737174016
1311296118916100099
1306331981970628609
1308647750901342208
1306301894797725701
1307118931891683328
1306368783964143619
1306272947703865345
1311278539472338946
1306330314323759116
1302223308243570688
1306372050446057472
1304155722121445387
1306260822700818437
1303126579363667973
1309408357573373952
1306279631784423425
1308403226946011138
1306276572740096000
1306322513123737606
1306304278592729095
1308417790848757771
1306611508227473409
1300750937296965632
1306321723470602240
1306414721743097859
1308510785954557956
1308384866963206146
1311401052160360449
1308339741151166464
1308517662662832133
1308383547472916480
1311278296571752456
1308476679858409473
1306280259478794240
1308394386812801025
1306592081608024071
1311316714508951553
1308390291028803585
1306515409785556992
1306291238203731969
1308341489664167942
1306346383369220096
1306591911432433667
1301117127328509954
1308343993999265792
1311278603485749249
1306351708872871939
1308168977936535552
1308443918653181956
1302353438030864386
1308396585781526529
1308335423014436864
1308731337004781569
1302420790474928128
1308162628368424960
1307172553459404800
1300762235799826432
1306319073354166274
1306319214173728770
1306273772224290818
1308391483171573766
1308507600464629763
1306568145344356355
1301557986268188672
1311295425513742337
1311242390649397248
1306533249947230208
1306316016776089601
1306282495147679753
1308539575950860290
1308336674599063552
1306297113119162374
1311339081247399941
1306306924229660674
1306323585498316808
1308362091422769152
1306311804646240261
1306355254011797505
1308460359641182215
1301408227100438528
1308160989737689092
1306555275948838914
1311384677786288128
1306446951693651968
1308415693268938757
1303302495050006528
1308343256091168768
1306298742614695939
1311421986434842626
1311400883830349829
1308443042244894728
1308356074500694017
1306342200477986816
1306372668522979334
1308421187349950476
1306311103182516225
1306331604906844161
1311316769240494086
1301273545947963395
1308375326439936002
1302497261113552896
1308494368416948225
1302670726915293185
1308508170457886720
1308728642093096960
1306492066638311431
1310971468822401024
1306284494627000326
1302131374363639809
1306226045780099073
1308379268800446464
1306339413853642753
1306276270175588352
1300745228077412353
1306365109493587969
1308155400869552130
1302518310756589568
1306299146584895491
1306278081687105538
1306269668764717056
1306476128157270016
1308425274996994054
1302325412744355840
1308348392666529792
1306865864516472833
1306541448930701317
1306372503389057024
1306196228980518912
1306590425113939969
1306374456001138693
1311268753515122688
1302390651888205825
1306584005983252481
1308439713410355200
1308212714137890816
1306644754143358982
1308360313914511362
1306357821886390277
1306269229545644032
1306330323605688325
1306475748887351296
1306261156802244609
1309119609933619203
1308473292131635200
1311304318545539073
1306337176834244613
1306320028070014979
1306300350253719554
1308659735303000064
1311275195680919553
1306434362909491201
1306301005416587265
1302392365852827650
1306921251936645120
1306489452647321601
1308508623706959877
1308340736220426241
1306898000032272387
1311332558957875202
1308505136537493506
1308441670820732929
1308520640232779776
1306313814095343619
1306269328292098048
1300887963912593414
1306279056955117575
1306362334668034048
1306274531309498378
1309546514419777541
1304725255332802560
1306269159811149825
1306358436679086081
1306354331676037121
1306322074009587712
1308391907970682885
1308489032494714882
1306402195366121473
1306329817281855489
1302443193561239553
1308506252767526913
1306269461088022530
1308420780548554755
1306304519916212225
1306484218512502785
1302201484625485824
1308476091368173569
1308461653281906689
1308363205371203584
1311273466126008320
1306287790175531014
1306485052696653824
1306926661007544320
1306261481646940160
1308520508334510081
1302200449471258624
1308363652681158656
1308390977086935040
1308405885740503042
1306263380609642504
1308394692971843590
1306578506395136001
1307964772554551297
1308331260436246528
1306349428496830464
1308405317244514311
1306489482057842688
1306274915650285573
1306352548408963073
1311262847893155840
1310187288576565250
1308366365707956226
1308337428688760832
1306380811755757569
1308338383182344192
1311307560906088449
1306314248801353728
1302162226867044352
1306607865818472449
1306354344372166657
1308339776081268736
1311394882754359296
1308371115446808577
1308384106980540416
1306283340648116224
1307001890757054470
1306504215792160769
1306304493441765379
1308573338487357440
1302453858917023744
1306269616138784768
1308498576117555207
1308355018400182275
1306370088052944897
1306363188074643457
1306279869542731776
1311370228257951746
1308355061672808452
1308394921162878976
1311007984525418501
1306307381782077440
1301060100749168646
1311326017827545090
1306314480633159686
1308031202620735488
1308524335653687296
1303068422629199874
1307227385729777669
1306277693319720960
1305053682967379968
1302498659662270464
1302472842630639621
1308418832873205760
1304141131446472705
1302979512519589889
1306275551792041985
1311298871021244416
1301275667561152512
1306592358780211200
1302194471015243776
1311438490710822920
1306268436922855424
1302520968976441344
1306381034880217088
1308035346551234560
1306553801927786498
1308380160291463168
1306277361533489158
1308479782733086728
1306326630911049728
1306320491892875269
1306272605465391105
1303272696692854784
1308639189039276033
1308424021420249094
1306427136987758592
1308426537222443008
1306745948048154625
1308467543967965186
1306476669314752513
1306579382111215616
1308362612296515592
1306558985101864960
1302648155612340225
1306362358995005440
1302632480797798406
1306313690539528192
1308699448957186048
1306276201481342976
1306272291093966856
1306290931075813378
1306285142252683264
1306313110270205953
1306349172187164673
1306372653133987840
1308281639143837696
1302147028479217664
1306277499257663489
1306298838077054977
1311331383386791936
1306266045607563272
1306329316825890817
1306368501586817025
1308359724845412352
1306307984092532743
1306276173182316545
1306588941525512192
1311296328702537728
1308141139451695107
1306279009194401792
1311384022501732352
1303172337823551488
1308491439714770945
1301187995144462336
1308353056095064065
1306973282361630725
1306353683182096385
1306345113396838401
1306382382401032192
1302354032237989889
1306312692496584704
1311311561504546816
1308399135997927424
1308350477021609984
1306268168382537730
1311274162032345090
1306336305329172480
1306273202868453376
1308346873116274690
1306464551920111618
1302357763549532167
1308381887669448705
1308341148050694144
1306458809121026048
1308335386247258113
1306309154928242693
1308330490634604545
1306290851837104142
1305419647555186688
1308443349125341191
1306300036775542785
1308354773901553664
1306639978936631300
1311419118353031169
1306307288861470721
1302494627581362176
1311419364856467456
1306658515935690754
1306347929893048321
1302510683209314304
1311356428293206028
1306361749319421955
1308639018305892353
1308408800353845251
1308133890754834432
1306456984653303810
1306384203261636610
1304842793261596678
1302464202095894528
1308477902330245121
1308660473546584064
1302690335823409152
1308450984318902272
1306605965853237250
1307074871374032896
1306377266667102211
1308446841890054144
1311308996058509314
1302382895714177026
1306330217863098368
1308388329197580290
1306308937424265216
1306274947732516868
1306481771480055808
1306348379090358273
1311296014402359296
1308422321183612929
1301888214714789888
1308293181398683648
1302075827404845059
1306314074041593857
1308364381911240709
1306327693458317313
1311358957156532225
1308456014732308483
1311279462911283200
1308123152908771328
1303087205255131136
1306269472681058310
1306936152746754050
1306305580534042625
1308475276456845313
1306267746636791809
1306341272802729985
1306356250020663303
1306282207137406979
1308448698544910338
1308417984931811330
1308452259236282371
1306306419034124289
1308362618831286273
1308339914090708994
1308406411962003460
1308346545046253569
1306386969946206209
1306291629171580931
1303242822871658497
1302360275740438530
1306264637843935232
1309411343859097600
1308407528494161922
1306308152669933577
1301053324045713409
1306473721360715777
1302608609055047681
1308121951878230017
1311289195328147457
1306280902901760000
1306319303361409025
1311339585998401537
1307056297561423875
1311242606781833216
1306267130569134081
1311259015201071104
1306498209230008321
1302530254112722945
1306333470482980865
1306325779194810368
1302676030864449536
1306274757717917702
1306327241912201228
1306312159325032448
1306305528642101250
1306685431354884096
1311263602071011328
1306881943695491073
1311282480041922563
1308335722991095810
1306367856117010433
1308395161081262080
1311265165636259841
1308368866326777856
1308351955576786944
1306481741968924673
1306345615115325441
1311264549975347201
1306312343186485254
1306286814672629762
1308350207701274625
1306353838681710599
1311273088441618432
1308438082077831170
1307149308735746053
1306297890772520960
1306307453445865477
1304480192535166978
1306283511008157701
1310294964555976704
1302514444552089600
1308416041090002949
1306528221316476928
1302599268260352000
1306327897091833856
1306387017975164928
1306358065495781377
1308468482347094025
1306491988271919104
1306488503568674817
1306236983988150272
1308393278593785861
1306528458558898176
1308343586090610688
1301221227680477186
1306296399294849024
1308387903714844672
1311421749507108865
1308344098806530048
1306347772774408192
1302361872348467200
1306530555773759489
1303080511087300609
1308405524464128001
1306314048854786048
1306304736723963907
1302517249132171266
1308345387426643968
1306395710049394688
1306371740466139140
1306374353991487488
1311277263292334080
1311279878977839105
1302410369361678337
1302526882462789633
1311257571764965377
1306544259819024386
1308680637457592320
1306308882407600129
1302353636039761920
1303081888693747720
1302628175680282625
1311416538390564871
1308429368402890752
1306345239716691969
1307955565084266497
1306521867340181506
1308418419918860288
1306343428758867972
1311244141825871872
1306311003739652104
1306487862720966657
1308362142450581504
1311270701530320897
1308102686542303234
1308414027471753217
1306281196654137347
1311362227581186048
1302383437974769665
1302969449805426695
1306469853600116736
1306710423643840517
1311259460946591744
1306284679805448192
1302558909207662592
1308493146809135106
1311265781808799744
1308346749665390593
1306463123948347393
1304545408081952776
1311298949437960194
1306351808911204353
1310190935532331008
1308476198385848321
1306385374525231104
1306279630106537985
1311364947838894081
1311257509961895937
1308359952176734208
1308032753812766720
1308376512354291714
1306603711242928133
1311429773957173249
1306469743847768065
1302458160662351872
1308428742335901702
1302135937569300480
1311288815370358785
1306261666301124614
1302410847831183361
1309183769560190978
1311367023629303808
1306600000999178241
1306342157372989440
1304844191218925569
1306960876327624705
1308496964464578561
1306283791586078731
1306295327230750721
1308464477642383369
1311288290390224896
1311322932367499265
1306565338616782848
1306384602311864323
1308362641992187904
1302380176274268160
1311318681356570630
1308342861340045312
1306261131812581376
1307616252962234369
1308461452999696387
1308345629228314624
1302358283005689857
1308412342162653191
1308357786829565952
1311266008045367296
1306299080222674944
1308350488589545472
1308160887640010753
1308359683447586816
1302370662326112257
1302575114706391042
1308471101450747906
1308337503796158464
1311379567907610625
1306334892842721280
1311454118356168704
1306301527485804544
1311386675025793031
1302354279630622725
1304324431398010880
1306273853505765376
1300786470383480837
1306297131423223809
1308410985389195264
1311256539408277505
1308352255972847616
1306264988940673029
1311358605170442242
1308356074102296578
1308811247228538880
1311290804657369095
1300901437891907584
1308353831231721472
1306303336816181256
1306361443839770626
1308401513501425667
1306269046065766401
1306276212311031808
1302441573586698241
1308395366426050563
1311286812288065547
1306314233186078724
1300757569850531840
1306564355304173569
1306651895746961421
1311372036749623297
1306446856956805120
1311273799019638787
1308528881188646914
1310149301021093890
1306318396892557314
1306360245921476621
1311262606318071809
1306316630734053381
1302616376511729665
1302171018950311937
1306263810420940800
1308477816992944134
1309580340286103555
1306358286267146242
1306635750113501185
1306305217185681411
1306320373307396099
1306289571597111297
1302370143729745922
1306265510506573827
1311262438554296320
1308387841710399489
1308337805806972928
1306527106692677635
1306442679237173248
1309400124888621056
1311315183805972480
1311284853577523201
1311261792765607936
1308397938603945994
1306271199123644417
1311283631994933250
1306302065807962113
1306270276385210369
1311291930765135873
1308411969125453832
1306501862208802816
1308447697507098624
1306514934537347072
1306281303394988032
1306268655882297346
1306495673630588928
1306272526398611456
1302217503104532481
1311343293104558081
1308345227195887616
1306298874802442240
1306286243408482306
1311441543711121409
1307588938048172032
1302019421922361345
1308373932903456768
1308033702040084481
1306397857801539590
1300909749341507584
1306310571273355265
1302363984964845568
1308479546887491585
1302170904072540160
1308394150870618112
1306486478172815360
1308345926898069504
1308067841560764418
1306269113958961154
1311244563445678080
1308515494547333124
1308462198772166656
1308417106711588865
1306495569804890112
1302416410539438083
1302171662708862976
1310715152451461125
1311308990144544771
1308677555675893760
1302592697925095424
1306355773447036932
1306281397238345728
1310931090295730181
1306271251036545026
1308504469114675211
1306390789291995137
1306307661244387329
1304338971653214208
1308484151486697477
1308687803996401665
1306269913884102656
1311275973179043840
1308603735887806471
1306318958623162369
1302412082843987968
1311271763150606338
1308426475788435456
1311274254449680384
1310996641193787393
1304325078948163584
1311289127879532544
1308343216794722308
1306498645152477185
1308340230777384963
1308507854291247105
1306556019296866307
1308479295484985350
1308388762817265666
1306467143026978817
1306303049955184641
1306290866902962180
1302596742903402496
1306365391040544770
1308379007164059649
1308355808724488193
1302703924948893698
1306636003482968070
1306265525077581835
1308427728937537537
1306314354959228930
1306512244985995264
1306547004747677698
1306264361925832710
1306179644501229573
1306520382975946753
1301786443732393984
1308342644926545921
1306522353602572288
1302381283121811461
1306487548248764417
1306319079926566914
1303112415559790593
1306487314965766144
1311377012297281537
1308355865993506816
1308392268932485126
1308402373937819649
1308343103091286016
1306290361032212482
1303570053061898240
1307489565557633028
1306282769413287936
1308348869521084416
1308361180830982145
1308418792012369920
1306599861865725953
1306315290439942145
1302374674295386122
1308381218342305793
1311258357291003906
1308344117206880256
1306330004838645760
1306314608760758276
1306270058440806406
1302124898614116353
1309588628100841472
1306261373945511936
1310174394774417408
1306316636585185280
1308344514327834625
1302357686902808577
1311269197549309955
1308403346009710604
1308390151190708224
1306369460526370817
1304332446717149184
1311302526302662656
1306563939514437632
1306475063772884992
1308652496672485377
1306349897608769542
1306477016821235712
1306318327640449026
1308434915181178882
1308338948888985603
1306280022882349059
1308414533279645703
1306349537230028800
1308335284250181633
1311261897220644864
1306285374889656321
1306962870496825348
1306313662265778176
1308406875197763590
1306299123100987393
1308476397904691200
1306346880960430085
1308350095520337920
1306485203905413120
1308569333275283456
1308506324225974273
1306332282920333312
1311301676578541568
1308347531043246080
1308442209973399555
1306562504236191744
1306339611514413064
1311272302869442561
1306299897537323016
1310577538318692354
1308440197026263040
1306323146010701824
1308488749274353665
1311415141263724547
1308383746920513538
1306294689629429760
1308422717813731333
1308461525502488576
1308353618739953666
1308367585633865728
1310945055084085250
1311269307419111430
1308335605877747712
1302557634990669824
1308195091350269959
1308404630234292225
1307035482610597889
1302077654368227330
1306691122769600520
1302530039972536321
1311392988124282880
1311265453982068741
1306959117186215945
1306310320022056960
1306626346286800896
1311397328474058754
1309263464360271872
1306364967839506434
1308358033840517121
1306300612271919109
1306317720473006082
1306304246774669325
1306507632765734912
1306268339044581380
1306521594672697344
1311392521717780480
1308408181559824390
1306321453336461312
1306285271185588227
1308642408775720960
1308434173879824385
1304313991712436224
1303081673005899778
1308342233813454848
1306278413838307330
1311362041106567173
1306260797258162178
1306307440590368770
1306600284886425605
1308352422901936128
1308476861849182209
1311270432176308226
1306338848629313536
1311258255956553736
1306313615595757576
1306301047003021312
1308118046150660098
1306290597502873601
1302569165463715840
1306324617234198528
1302119165331992583
1308346381975932928
1308361162749169664
1306287559480311813
1306526392612519937
1306346058889523205
1306309705082564610
1308543376715911174
1308458220411904001
1306325381977460745
1306460000420855808
1306350378133467138
1306518514069635073
1307031897176977408
1306276446759985162
1302211335103623168
1311264313055866880
1311257655202242561
1308693637061107712
1308499482561187840
1302352828401422337
1308446282722226181
1306292468204396544
1303722347929767939
1308420668506206217
1308341129390284800
1306355546753241088
1304151442148786193
1306261481466593281
1306463447408934912
1306376982163324938
1306286658275495939
1311259099041091585
1302508196045754368
1311308995769110528
1302485514466004992
1308345422252060672
1306343226224390144
1306471336722792448
1309408894733647872
1305222346412883968
1306323502253977601
1308383728788557824
1306447919160139777
1306295950374318082
1306355251759525890
1311296290345684992
1306276382369099777
1308529730350706689
1308379031440629761
1308519433460121600
1308446315945357314
1306290509040812040
1306282147075022854
1306274793524781056
1301204860222746629
1306312713266696192
1311365044886740994
1311292145379282945
1306335490543677440
1306325477947211779
1302025899076919296
1306337594951770112
1308341964862095360
1311283893505609728
1306373000380461057
1302675991488274432
1306304460461953030
1304153515502305301
1306694263523217410
1311265082534436864
1306336466839244800
1306354756890304515
1308697660661157888
1306757016300421121
1306605763918532610
1306334911641645057
1306310581838917632
1308410671298678788
1306338569062146051
1306267629351510021
1308440387019780097
1308804596048039937
1308440342937710596
1306269796883931141
1308470835175477248
1306963450850095104
1308350016575111168
1306285916517019656
1300854141456089088
1308398851078991872
1306279234806181889
1308354353628151808
1306364428527587329
1306271375745835010
1306262532114575361
1308363337382727681
1308353810348355585
1306322934240284674
1306505510544445440
1308474096020328449
1302624471669518336
1306272012281806849
1311262328365748225
1308418951727255554
1306313080058580994
1311364040401223680
1308411001780535298
1306535022741147648
1309512511629201408
1306314462723534848
1306577934724063232
1303082853522198528
1300806073037840385
1306486395494715392
1306269050365005833
1306319739803795457
1308383602137329664
1307011521776623617
1306348137884405762
1306319989155287041
1306268721225306113
1308156886353612810
1305234044322557956
1306297270921555968
1306274254632222721
1308408635308081156
1306274130371776518
1306949443313430528
1308339242507132928
1305206504488865792
1306299837298741250
1308340510776586240
1301225352224792577
1311340980432404493
1306971494283608064
1308425902146105347
1306219188126711809
1308077345354453017
1306286597286113281
1301147727183712257
1302355614342021121
1308497147839602690
1306490190115082241
1306479340625031168
1311316799728873472
1306279890367455232
1306305875037106179
1306357443434369024
1306353029914951687
1303204935127969794
1306323536508723200
1308401223960276997
1311275122892902401
1306496420766199810
1311320999238012928
1306502731893551104
1306374454725967875
1306316046375227392
1306272183120007168
1311425438401605638
1305080900212883464
1308720671040643073
1307076158534619143
1307068396220157956
1306499513461493762
1306387930496282624
1308493425550000128
1300719955281874945
1308390132165246977
1308352371861467137
1311280347473117186
1308388270997372929
1311263535750680576
1311316322136055811
1307565334996582400
1306357135379488768
1306334521739161605
1308539978960580616
1308500812964995073
1311357595375079424
1306274838286393346
1311374226620903424
1308434897212710912
1306274701917007877
1306313028250546180
1311258176789114880
1308434592429477889
1306264202450006016
1302389058618916864
1311350764409937920
1306314537583468544
1306337193477263364
1308361958907940865
1306394784647577602
1306298720561094663
1304552685149007873
1302526031400665095
1306319087157608450
1306325579852066819
1308398050793136129
1302556664260972544
1308382017290203138
1308393170682761218
1306330602782760961
1307929073017069569
1302362306018521100
1300905767328002049
1306508287475625984
1306270102417965056
1306459292174778373
1308473051277864962
1311270892798967808
1311327769704398850
1311306841075388416
1309414219859845121
1306474940720349184
1306352771382284292
1306338703011393536
1306268534327177217
1302161168849670145
1306341968721645571
1311264014257868802
1306309249518182401
1306290363812974597
1308358442311192577
1306322441724219395
1302361580206780418
1306492663013793796
1302534362030800896
1311454806247120897
1308380859825819648
1309430754980630529
1301167054133833728
1306317246655082497
1306971372376256513
1304151863462428681
1306301883867435008
1308563756335665152
1308404521782185993
1306264988441604101
1311284144538873857
1306303147103662081
1304283218699530241
1308348056245592065
1302373197967429633
1302500405734248448
1311257323353104385
1308498218230132737
1308483318183329794
1306323970321534978
1308387820734754816
1308426038905573376
1308372220582993920
1306284544283348993
1306274069592055810
1301425451588620288
1302400253157613568
1306270492576317441
1306273960120774657
1302621532133502977
1308495691992489984
1306269778487762950
1302098627855343616
1306321371128004610
1306462239201931265
1300754794865451009
1306516233018318849
1306351569525452800
1306353299587837953
1306324518705786881
1306280354991534081
1311262917317332992
1308379498098950144
1302611739700273152
1308032414309023744
1308155192165232640
1306927384776630272
1308355556365742082
1308351016069468162
1306269786356277249
1308335730494767104
1306337949252976641
1308430081048621056
1306304648622542848
1308429674767360001
1306308930931482626
1306293278413910016
1306363230885941249
1308375404424683525
1301953412347633665
1306282771787243522
1308395355596353538
1306268289400737792
1302359512754552833
1308501927643230208
1308463599627702273
1306347291922567171
1306281399939465219
1306273919947681795
1306872684710686720
1308359781007196161
1306279363684503553
1300820476709801985
1308407638225494023
1308513562927804417
1311266929139757056
1308786176397135877
1306503684084375554
1306599964936744960
1306292582369185792
1306351027944337408
1308413818826096643
1308358601900204032
1306280365519253504
1306197367096520707
1302405735368753153
1302356621235023872
1306333788599967746
1306288250101870594
1308386861006696448
1308402654738087937
1306542727455145985
1306966221926158336
1306323313120206849
1306494384024834049
1306342446515789824
1308509391574843393
1305464641330573313
1306348659668381698
1306358883523452928
1306304704239095809
1304838223164829698
1308509152126398464
1308476950462312449
1308445206052843520
1306545148474646530
1306297486705909761
1306273880189870085
1306267591544107010
1303661887649914880
1308778722422595584
1306457411977437184
1307324292644909057
1311313554012856321
1306343971501858823
1306301283608006667
1306306288540884994
1311289703652642816
1306393160042545152
1306355989206228992
1308337318122618882
1308429769382539265
1307143446390607872
1311292991928184833
1306957910820388865
1311322060065583105
1308374728940417024
1306544511733190657
1302535127747244032
1300850968775528448
1311266596443353088
1308415813221789696
1308149110986375177
1306559920318418945
1300891267476459522
1308671902970449920
1308478191321919489
1308372518126878721
1309162939467862016
1308492761230966786
1306308177953259521
1302611200690327555
1311281348238336000
1306353264439500800
1308472667830448130
1306325499329740801
1308372145643413504
1306300998626013187
1306270855870246913
1308399792393986049
1306263999051452416
1308343656361922561
1306291255517863942
1306198768828723200
1307784028762800128
1308662311549308928
1306311724384030720
1302515578859589633
1308360641170870273
1304747036869304320
1302381286246559744
1306270104209027075
1306281407946330113
1306386024713650178
1308352209281785856
1311243717957779456
1306970342020112387
1306957384485609472
1310194031146799104
1308344292293910528
1311310882002079746
1308384609915285505
1307291545004109824
1308359880084983810
1311258591693885440
1306522465997336576
1306265350309318657
1301829731566919680
1306567351429668865
1306368485350572032
1306959355011567619
1311277191699861505
1306373409023168515
1306561092747919360
1308140675410669571
1306303073703337984
1308381997681831937
1306305861531435009
1306311242940907521
1308558337613725696
1302364452323459072
1308514376379445256
1306337112615256070
1306299396854878211
1308407963128926218
1308335663960465408
1306516188982390784
1308394178129408003
1308524946096885764
1306326748456513537
1306576146381836289
1308366584776458240
1306279048746881031
1309424750804992000
1306467187012632577
1306507143659618304
1306430283529555971
1306269545934532617
1311296177447604224
1308373291447521282
1311312964885061634
1308404915149176835
1306354096568520704
1306329657239896066
1308347097020858368
1306403986673733632
1306298485000605696
1306289267254140934
1311277171755937792
1306337400742965253
1306284844557709314
1306323482670780416
1306349696047292417
1302508024939061248
1311356861392838657
1306265803025719296
1307148678029860865
1306273303032721410
1305282259596054530
1311319094273208320
1302678551452409862
1306499804370001921
1302534292770369537
1306348431498260485
1302546593611214848
1305593816498536450
1311358988374736904
1303320984737513473
1308358433494765573
1310937103119908864
1308368836991778817
1306819362045726721
1308392939601698816
1302621332698476544
1308375881740685317
1306656571838156800
1302118066340466689
1308125080673824769
1306313085095948293
1306285427578548224
1311384064893612032
1301887296669732865
1301405737000865800
1308830132585590784
1306529875906506752
1308388217859735553
1308405713715290117
1308412480004206593
1306295783864532994
1302994000425758721
1306277812756779009
1306643682767056896
1308343348823023617
1308372221350629376
1306274970029490178
1306268783133290497
1311327311669723142
1308343988173369349
1308340606113067008
1302353531811307520
1306264146904854528
1308130229496549376
1306341127847641088
1301830459542745088
1306511114478419969
1306302834070245383
1302229204663140352
1302635636202115075
1306462114593243137
1311285782594940933
1311412025977864193
1302360647108263937
1306327218969284609
1302353731934138371
1302663789716934661
1308429113527545863
1308384207505436672
1306364868300345344
1306267813963759618
1308135503431073793
1306271192819658753
1306303262132449280
1307388124281163776
1306427217652649984
1309521154655256577
1304165149939568641
1302439600678481921
1306343772301783040
1302373814274228227
1309455722518847489
1311383984258134016
1308099425374539776
1306476994503335936
1302503393114697728
1308386054391685120
1308349644045520898
1306269986999209993
1311241736052781056
1308372088936423424
1306458147343736832
1309890849484963840
1306267597441241088
1306269934843039745
1306268739957133315
1308374190391726084
1306290298755125248
1306273017962561542
1306285231243169796
1308630341826031616
1308518243406172162
1306358044662562816
1311260737269104642
1308342525036572677
1308141663974502401
1302392902430208000
1306593128124538881
1306487775924027395
1307074298520252417
1308365013883727874
1308602633972834304
1306314021478506499
1311358763006390273
1306394293763010561
1303117559504474112
1302519017517785088
1302120273475403776
1308348821076873216
1306269085622300672
1308154149687767041
1308406594867265543
1308373192831049730
1308446306017382400
1306484689939693569
1310171616689741824
1306357097668513795
1311267967481647104
1306289538562695170
1306338380364615685
1308484568006234113
1306263001302028288
1308346316259549184
1300892470251786240
1306503388134285313
1309376914633773057
1306531951105445888
1308389640307716099
1311317475292778497
1311288710273601537
1311319334187397122
1304044341661446148
1300786289877413888
1306315385910722560
1306304621611225088
1306276996465545219
1308349629579366403
1306470192948695040
1311365330850189312
1306289598977499137
1306344032973524994
1311267609141227520
1302655268887691271
1311271114232954880
1306569450255196165
1308360771504570370
1302540175877328896
1302349608253829121
1311272901920911361
1306282314369036290
1308533755238326273
1311424693216444418
1306269714398818304
1304083018353696769
1308672370102632448
1302543264210395137
1308423391586725890
1306535508412116995
1306318545538756608
1306282655944708100
1303099766910398466
1302354958394765314
1306311628309307392
1306323461720211468
1309089901372112898
1308361321096925187
1306690595600166912
1306339872781799425
1301083544601718785
1308149388280246273
1311300939421233157
1306644740725768198
1307109121494310913
1308546845392736256
1308143053681688576
1309634296035115009
1308336442863648770
1308418756666892288
1311286518561026056
1306325558134026240
1306272402729566214
1308370885812903936
1308390332120391682
1307033783342895115
1308400283551178753
1308390438286524416
1306293891268775936
1306360080015687681
1308523486327996416
1307010975107870721
1308423205976256519
1306318679869661186
1308471099504689153
1308341468541734912
1308414884917522435
1311282120577474560
1309553757970104320
1306359069796687874
1308393879759130625
1309893425672728576
1308077701069262848
1311265914734735360
1309414469823598592
1308514523972857857
1308409994245812229
1306561946553061383
1306340974084358146
1302029644271628288
1308472907958554631
1306337622227324928
1306505868998062085
1308343612414078976
1302513456587964417
1306303328201125888
1306463277212405760
1302151181515587584
1306580137572433921
1311330056388648960
1308390228428820480
1311392764337295363
1308338169348227072
1306573697407504384
1311266531096092675
1308350397921349633
1306678895148756993
1306267307652665344
1308370062609395715
1308472529082888193
1308355226764816386
1300973658970750978
1307565440483364864
1311347117835849729
1302502233775443968
1306305709013958656
1304149043891896321
1306275590895534086
1300897425318531072
1306345151204397058
1306308263378591750
1306285252864770057
1311343398540976128
1311330230775222272
1306360129651191808
1306318520981037064
1306286174034636801
1308639736806944768
1308345624417402880
1306320026539036674
1303272929497669632
1300875658747404296
1306303165185359874
1306487845029281793
1306357158183874560
1308361218399375361
1302475086595792896
1308354313199255553
1308384520207585281
1308421399686639620
1306669226422349824
1306290160464809984
