1233017684935299072
1233013019082444803
1233078101485158403
1233070936020209664
1229669332583636995
1233019125817057280
1233097150998962177
1233022545764417541
1230144581884399616
1229727426084732928
1229662422245498882
1232994050254479360
1233102112361414656
1233518956897542144
1233148108357480449
1224708919244787712
1229803299462950912
1229663007468408832
1224489477667770370
1224698634987503618
1233050885246332928
1230241567979573250
1224735874463752192
1229670159931015169
1226604824956895232
1224012813385043972
1233058505197748225
1233111275250618373
1224456631624163328
1229680603357941760
1233143444677308430
1226609667243216896
1229721670912528384
1233039898879385602
1224443632737906695
1233032082504536066
1233054668986703873
1224581928025804806
1226116907692105736
1224654595902902272
1224358650724126720
1233028325448257536
1233021564712562689
1233016547398033411
1232554517130096642
1226654163821563904
1226603781695197186
1227582900591308800
1233029325231968257
1229705011413864448
1224703226966093825
1226821008599982080
1226764717462622208
1224371690802688001
1225768946642620416
1229665100790976513
1233115614581022721
1226765130840649728
1233070946203906048
1226610176318410761
1230418440059531267
1233050567854952448
1233115206454325248
1233123986969702400
1231988177340174337
1230948465909301249
1233131023564779526
1224745129283608580
1233150820834828289
1230264320581349380
1226672620667572225
1225820289583525890
1226790087750496257
1233039906278125575
1233020379368755203
1231931281807724544
1226898773512769536
1226625005288591360
1233028698158313472
1233057503270842369
1229503442567225347
1229599490254000128
1226646196040675330
1224336447693631488
1229726107487866880
1224001877966229505
1233080608588488704
1233005096360910848
1224651874567147522
1224444305101557761
1233105235012464641
1223972446786801665
1233133737258504194
1233109844330262528
1229673350991110144
1233551124684296194
1233173868665282561
1233149764813889543
1233105975512530944
1226653845008375808
1233290430864855041
1233003904910188545
1233135021978005512
1233101950260011008
1226841641757093894
1233027111407030272
1233074844784263168
1229588087522709504
1227321446130749447
1224428119936978945
1233033502528069632
1229663064917774337
1233150914560765953
1233089535665491968
1233030383270277120
1229663356073713666
1233026212097937408
1224402495750971394
1227347489101053954
1226650227827990528
1230103244434702342
1233030031141720064
1233052755406794752
1224486488626409472
1233051030071410688
1225940412877221889
1233102999674925061
1233035602515369984
1224728454899347456
1226765762456584192
1227360385533169671
1233176663388807168
1233051434725277696
1233145770418876416
1229728018140143616
1229491268520202242
1226861762382831616
1229689329469067265
1226626608703901696
1226106444522696704
1233291515901943808
1227172509973385217
1233678012207575040
1233014892396982272
1233056256836984834
1229858590124597248
1233358199635488768
1227158073321631749
1230048657111748609
1233310139555418119
1233077955334737925
1233096554426372096
1230441971371716608
1233082683686817794
1233078299481591808
1233101602447351808
1233151937706708993
1224258388655267842
1233109366590648327
1233035087366807552
1233100514830753797
1233125090671439875
1233113957424082945
1233064704433672198
1224328687149027330
1233075752943394830
1229698671471742976
1233023091015639040
1233014776273555459
1229721960592134146
1229785168245927936
1229681235804524545
1230939501247238146
1232557884153700352
1230101217948381190
1233044540996685834
1226789312299241472
1229665453959786496
1224457145653104645
1230922619140001792
1230762573533831168
1224381882684579841
1226776653721997318
1233115618649542659
1229662503459786752
1224419125864337408
1229694184455581697
1228080064442572801
1233013792860233729
1233062564055126019
1233026162538033152
1233026825275760640
1233027771594571776
1229799343240155137
1224456168212353025
1225764060572069889
1229697476753580033
1233063931540901889
1224651535868624897
1233050408156831744
1225360487212298241
1224397845245108227
1233076926018924545
1233033174906736640
1233701982487142400
1230928310827454470
1229325962103447554
1224328112575590400
1233101651822678017
1233025614820581376
1232999022803193863
1224336389816365057
1229694402605522944
1233114900764991491
1230426166340784134
1233096981641400320
1227570181226074113
1226610881397764097
1226675989327073281
1233066765489446914
1232418289487417345
1226674698190192647
1233019207933145088
1233192986785304576
1224330440074518529
1233299310147784704
1233158304215511042
1230192136047546368
1224700245994622980
1233037289661571074
1233032737201774594
1227339273361334273
1226611679104053249
1230098268127944704
1229824887256121344
1232992186507104256
1226749352393265153
1229671271543250945
1233051627415883776
1230916320994242560
1233024390213795840
1224537539924631552
1229668070064640000
1229662583067742209
1229420202842042368
1224726881435561986
1233043055932039169
1233548690431889408
1229662142351183872
1233148173373276165
1233020763105566721
1224700199769190403
1226622479042519040
1224406117465436162
1224327374021459969
1233074283120865288
1233018204194209792
1227507361444777984
1233024705319391233
1226809269628088320
1233075610416795649
1228552401650638849
1233097372944814083
1226624314214055937
1223400125160140800
1233022215479791616
1224606973628506113
1224412552341475332
1233012805864955904
1233051806541996044
1233349470357741568
1229780045285249025
1233215024455462912
1224357950682255361
1226651608542515200
1226753268925243397
1225522304978956290
1232992583351197696
1233031069005471749
1226751896075067393
1226610874284204032
1223641012423331841
1233107266116706305
1233050006816534534
1233079495537709056
1233074481138192385
1224438491997601792
1223410402526101504
1233096820814946304
1224667325581971456
1224660713156812801
1226953142614548481
1233094856068751366
1229662576226820096
1229667407087775744
1226624231380856832
1233029202976346112
1233100954347720707
1224405151076753412
1233061184556929025
1224396342145044483
1230046948306149376
1233395262053326849
1224402191479443461
1233082384947589121
1229686040648130561
1229491755462074373
1229662885112139777
1226650855497183232
1233046918084861957
1224334104499453954
1229678809638633472
1226135895432138754
1232981621822894080
1229786859200536576
1233070978042925056
1230344924744339458
1229686855299452928
1226897194961252355
1226739722116063233
1233046005916033024
1233048889323859970
1233336232496828416
1233132374961139716
1233020764816904193
1233085290132230145
1226757457055297537
1229812897834033152
1227555487857741824
1229729800874532867
1233017940175474689
1224607737860042753
1224046652278951938
1224607730108968960
1233099325472985088
1233022365979828224
1224446684152811521
