1631409388358451200
1636470724490567683
1631323833129902082
1631368929628020767
1640075175755481094
1633781393930035200
1631373569606164484
1631323539063345155
1631346496187637760
1631308676920164354
1636650130894909440
1631428720635310080
1631356070873423891
1636747827899428869
1636412017442537492
1631643934811209728
1631564202350444544
1634519559293026307
1631540428708147202
1631492685692370948
1631357167193169920
1631357861241446403
1636842635439529985
1631793576240611328
1631655242566877189
1631356107540004867
1631343909824602120
1631756089954910217
1631339729428914207
1631369676327362577
1631326721063493634
1631762163680395267
1638932388192346113
1631049406018404358
1631502161858158592
1640437651021897730
1631391216376881168
1631311750820765697
1631310582103121921
1631527982173962241
1636417335329460227
1638875885670477825
1634196549256241152
1631392782563549206
1638224537228648453
1636394184092573699
1639743811998871555
1638080948930478080
1631829885403508737
1631474220067610630
1631324538494681088
1631312644085825536
1631404846417866753
1639217422870937606
1631373572479262720
1631418611389669376
1631311725122187267
1631363541285363743
1631012521342652427
1632035762647474176
1631652353685291008
1633570010202292226
1631988281683369987
1640286453186830336
1631821554542686209
1631697770376462338
1631355992259584006
1640046058750222343
1638873927727325184
1631364430083641344
1631565037277007875
1633978061182959617
1638954756440727556
1631722164784357376
1631005494797107214
1631975345556533249
1636519474806370304
1638846819609243649
1638898200789630976
1640273062510698498
1640085961835945985
1631398888073580546
1631334449794150402
1631842130921488385
1631667344496885762
1631392983038697477
1639020918059024386
1636395825105346562
1631692691627974656
1638915011635474435
1636714043439304712
1631673417530212353
1631373940537827335
1631376638255439874
1636423017340231681
1639028801488166915
1636395619995590656
1631353136584458242
1638784345795096577
1640056042104004610
1639214418184790016
1633086699914887168
1631575228919820288
1636416242406899736
1636510522404225024
1631431564499222530
1631687637739159554
1636393560026013701
1639156730587385856
1636635782180995073
1638562707698753537
1638847457118527488
1637447378193072128
1631650540634480640
1631406009364238340
1640732749626585090
1631420308421787651
1631359947769274375
1640270251383193607
1631749999632547843
1631614229370290177
1631537724783050755
1631383176118411265
1631317235305201664
1631842760947904512
1631945733912895490
1638902451469271041
1631334281933987858
1636130510052229120
1631590047391596544
1640046554261204992
1638854739415949313
1637532193760194562
1631554874373537794
1636669224545406976
1631992480391479296
1631315403287805954
1631366063794315292
1631389731660374018
1636776028658974722
1631484579629477888
1636968734827970562
1631595004706668544
1637476588987072516
1636429287141064707
1631595462749741059
1638912655724544000
1636977977354342400
1638847778431422465
1631343416104689668
1631319010523459584
1631412921434603522
1640088680332238851
1638550761968750594
1639949218822475777
1636503628750942211
1638932298329387008
1636450329238577164
1636559097838411776
1640075707257593858
1636976299099975680
1636781619938770944
1631724192608526350
1631458590799065089
1631449490442821634
1631822710354370560
1638876625713479681
1631674794885238787
1631423706525323266
1631090686719082501
1631426204963069956
1637009741619527680
1631590000604135426
1631730985640370186
1631599401943613442
1631386645776703515
1631347344405848078
1636403824322658312
1637791607834439680
1637826930044010496
1636693549910466560
1636441780420788241
1637750233705635843
1636395856961368064
1631396660080156686
1631339189999476764
1636372782865952768
1636496196087717888
1641719629734113280
1631693209284878339
1631027408269656065
1640089459826851842
1631710283470184453
1631485385959444481
1632046716462456832
1631307775153254400
1638847276503146497
1631379531947712534
1635731107009232910
1634840435083608064
1634364877094494210
1631372014182191106
1640133235328925698
1637597019421147140
1631443069143855105
1632314435959246851
1640084825947226112
1635486500287844352
1636690304576237570
1640042245909782528
1637072594707808257
1638849979895672832
1636408566960603143
1631648639775830016
1631420465011892226
1636631143490486275
1631392013605019649
1631383524526678016
1631952939878080513
1631558984057405442
1636699770478575617
1631787363444613125
1631993643220230148
1640045334830145537
1631417707676459012
1631356804377501698
1631355507226075143
1631375307000127489
1631562286614577152
1631324688596041729
1631404827526742017
1631336775795843079
1631447689274556416
1640100319953657858
1631391633517477888
1638848403609100289
1631421699143942148
1631400039284105217
1640476497155637248
1631041726252036097
1631560477938528258
1631351721271218178
1631312220976971776
1631968592181837824
1632061904771317760
1636424009762979842
1631331335762583575
1638946550201344000
1636464580560822279
1636394258692288513
1631425934933872641
1631724146676703236
1640074268045082624
1631315845828816896
1636373588273172481
1638933576476504070
1636438254009368584
1631578221111017473
1636451597239689217
1631597195857100801
1631315078149464067
1631639336646066179
1631495584107438082
1639634743942586368
1638386818675535873
1631362845207060482
1638848887250120709
1631785866459791360
1631405536338927617
1631584143422177280
1631331695235407888
1640047877845131264
1636406909891923969
1631448676919812099
1638916039374241794
1631362719684124695
1634507191800541186
1631313925173043201
1631703035771486215
1631372279396413440
1631353878896599056
1636399240409653248
1640063125029367811
1631645669357391876
1631370216922816531
1631016676165599233
1631384165282205696
1636477908247093250
1638916106516586498
1640130333793296386
1631681691772223489
1631401015294525443
1639192848451993601
1636394069902409734
1638861674383052801
1631374367689940994
1631381455774294029
1636422022468124690
1638264202543476738
1636824849384439808
1638847180000702466
1631380556330967050
1631350834259714064
1631346263655415808
1640415970551316494
1631462534770307073
1638858739737395201
1637000859933454338
1631489956777533444
1631394090993459208
1631370896861437952
1636702155238252549
1631679702325706753
1631530369617911808
1636631399724613633
1631621574108250113
1637226317002203137
1634852768505806849
1631647885740716032
1631374775606996992
1631032857140289539
1636423514306560005
1631502685546455042
1636700795448991746
1636588714854952967
1631358921779601412
1631669508149592064
1632295905368965122
1631080401543344128
1631042007945687041
1631334680141209617
1640184191731089408
1640051850572357634
1631697687094386688
1636768820781015040
1631328215112318976
1631324640361496576
1640298602118406144
1631590287653863424
1631370448976879620
1631428674170892290
1637075478451200003
1631425835495301124
1631571802089574401
1636822707466584068
1631746264877395968
1631598869703278592
1639048258927616001
1631327824807092225
1640083456452337666
1640119325578125314
1631528016898654213
1638915039678611456
1636520756032012289
1631555031035006978
1631061234190622723
1631530099810902018
1631355757374451712
1631728502914392085
1631479645408309249
1631572409076547585
1631693692816719887
1631361402383261714
1638903043965206528
1631517761976279041
1631786975442137088
1631283555597795330
1638850241368563713
1631353641088024577
1636418449369968640
1631331142468026369
1636604864670183427
1631369378313674754
1631338269089701900
1631427514621992961
1631413523531067392
1631715631010652165
1631716289759649806
1631377771694792731
1631375962871824385
1636606998513852417
1632096182557130752
1631524795312492545
1631374292624482308
1631358310346551296
1631358241824276482
1640117198323687426
1639105200433635328
1631804538326851584
1640118048567746560
1632036182635827202
1631638212673257473
1640108700923822081
1631537635293380608
1631969178348396547
1631441512792743936
1631075656665530369
1640201116712312839
1631384332639039488
1636394388409516032
1631362493766328341
1631312620031467522
1631004529696145414
1631370265392283648
1636827326477418498
1640117881986842632
1631393386832748544
1636424924188364802
1637027488156069888
1639199986574577664
1638848882628083712
1631358404458434561
1634480808567209985
1631334230201442305
1631378964986863631
1631551353955778561
1631008350107324422
1631453579813826561
1631594897999380481
1631630953985474560
1631378798653349892
1638888565328478209
1639730048205725696
1631592211069431808
1631346371268681729
1631577764066197505
1633569718622732288
1631983610747142146
1631401399010353153
1631315814274985985
1638849858592202752
1636577991042932740
1637403882790813696
1636431409597300753
1633570968181374976
1631691419680141313
1638891623609249795
1631403209980796928
1637649288175194114
1640688259645800452
1636440398364065835
1632020114429157376
1631423243428003844
1631377631005253641
1634556405012213762
1638858314648780801
1632775655501824002
1631379509298470923
1638271934994567184
1631791693761589255
1631486410740973568
1631409483388792834
1631382159519801345
1631646061906341889
1640050480377217025
1631469823732457472
1631395192841404416
1631414996964986882
1631364657758760960
1638543225764839435
1631394029802758172
1638880366818652167
1636409231942336521
1631352543585394700
1631350912001138699
1640112093603962884
1638935785108905984
1636455900775850000
1631544286259957761
1631325990076153857
1631453249202012166
1639200501572202496
1636718631412281345
1640100399087591428
1631363512755712001
1636476188624314371
1638893596429414401
1641219371665088536
1638886229440704514
1631570782202519558
1631515828834254848
1631478170028236800
1631404290056105984
1631399090821971969
1631362946512158721
1631739266417000458
1631455879181615110
1631379798445490179
1631324200886517761
1631356425623461905
1640087550508298242
1632673008593534976
1638847094654992386
1636423181027115021
1631461655874879488
1631395055373000708
1631584888447967232
1640052102322876417
1631360971397554188
1634494929085902848
1631418534197706753
1631020377605394433
1631034580357509121
1631379001888460800
1637390501455208450
1639136717771886592
1631368962674941962
1640095752453083137
1631422182369775618
1631050118706151427
1640043881197699072
1636839025674780673
1637074377706438658
1631447386584231937
1636397251185475587
1637078836000051200
1636805610631987209
1631677354366869505
1631393225075204119
1640049550512599040
1640067902480031746
1631348844599422976
1640047421978714114
1634141299963035649
1631374158411038720
1631396481885151245
1636686754588643335
1631996360940453888
1631326438094778369
1632027144388853760
1631696819787792394
1641123382224732175
1631401239098404864
1633940029541175299
1631314464749355010
1631545920553615365
1631318810186719234
1631580126751207424
1631599174230654976
1631312707306639360
1631015511243870218
1631358197851123712
1631314731054125058
1631375760572162060
1640272283674574848
1631535368716578816
1631418554401603587
1631337839043518468
1631371825023164426
1632484526080372744
1631616307815759872
1631339247020941312
1631594193796702210
1631412537404030978
1640095557761769477
1631326607771340800
1636463516163907590
1631360684926591002
1632011862987489280
1631677988004675586
1635833418909990912
1631418470393868290
1633228841807216642
1636457849181159424
1631391605520228353
1631351953333579776
1631338888269635592
1633586005503614977
1631308964963950594
1632026576987594754
1636433192348467213
1632835257656279044
1631674008759410690
1631188937929572355
1636513767738556416
1636603263263944704
1631766393078050816
1637181259955798021
1631643320903426049
1631351219603087362
1631589828385992706
1631775155813855232
1631715937119346693
1631395264886874133
1631697607729741840
1631388373507010560
1640753140956905473
1636780847952019474
1631420957460946946
1631351972182777865
1631439394027569154
1638846369073971201
1634569151770394625
1631622495265607680
1636396273472249861
1638915111472746499
1631389800413446144
1631380583354867727
1637471275395235845
1635992523154808832
1634961402258681856
1631627708605030400
1640112636787412992
1639740219757928453
1631351023359909900
1631364662179553300
1631701457886904321
1631594265909362691
1636815955928965121
1631411159885660160
1636392281187192835
1631365882243866653
1634457231189245954
1635543488501538818
1636634637064699904
1631415293753827329
1636310205607604228
1631406627151544320
1631662933187895298
1631659679863504896
1631331304917680128
1641214304882941953
1633512887418331137
1641685491111084032
1637009672447090688
1636657102511915008
1631358001608028166
1631323903782952960
1640984195580284928
1631602385507287043
1640043413910298630
1631356353674452992
1640043787710767105
1631364064759652352
1632340488010317825
1638263700376244231
1631485790470516738
1631602589694345217
1639874937635700736
1631433687874125829
1636827802283458577
1631462453119787008
1631402768001802242
1631323481722998786
1640114603844681730
1636562558445338627
1635993087280332801
1639045352212017157
1631563534466179072
1631359228962037774
1638847707656626178
1631364556080439314
1631404147512623104
1638880582922022914
1636481829162319874
1631569705105342466
1631663139472175105
1631469122885234688
1640043724624281600
1640182366596481025
1631560409118306305
1636615176190296066
1640705932626624512
1636467965074743317
1631422201822949377
1636781947438481425
1638939024026120192
1638586631681712163
1636691590751088642
1631795270630400001
1631361274008199184
1631334545319403520
1631465254357024778
1631426837862576131
1631350863284297736
1631024689941233665
1636391873647456259
1636856343024873473
1639167542018318337
1639023863777435649
1637076908851572737
1631717645832601607
1638852789953785858
1631421937548161033
1631421030789988354
1631377126862512134
1638633809888399360
1636689995585974273
1636523897783738370
1636492015197102081
1631355749438742546
1640089843282608129
1631360179445850126
1640086769222791168
1636692511157628928
1640075747208331264
1631014924913713154
1632117655204249601
1640073658180796416
1638533197385400321
1636497376780197889
1640051062479417346
1637001776191664128
1636614174116569095
1631365485705977864
1631397783889485825
1631356499174858752
1638846573575544833
1636478704388911104
1640078271223037954
1638907633003552773
1640083258082750468
1631370507646803985
1631346236149178398
1631349342823931904
1638566690404311045
1631356954080686080
1631680270163124233
1636557626522648580
1634531286931980289
1631371394956001280
1636841816640061442
1640101220730773507
1631361425334493197
1640060450674032643
1640353128179462151
1631350781071745033
1631713164030033923
1638889421507313665
1631386561613901824
1631316955159310338
1638889441111449601
1639131732447297537
1631470651453194240
1631490546609922051
1636021367727443970
1631361685268094982
1631312977084260354
1640458482540326919
1638894268361129984
1638881673378164736
1631399355088269313
1638884491266600960
1637791545020633091
1631023404793856003
1639374994235850752
1633618786082234368
1636772118863151104
1633571409300529154
1631379021970677760
1636445481260687387
1640104477280681984
1631467005705437184
1638931965520015360
1638848597247787008
1631422161926668288
1631407568558931968
1631354069053759490
1636713742820835329
1636781382302154757
1631089157400346624
1631673050004373508
1641905395861008385
1631271019624136705
1631372945929928706
1631408125738721282
1634805411885862914
1631325056600260609
1640305670074277889
1636432967022067730
1636465001014722561
1640092107468595202
1634258990400938000
1631419145391685632
1631390641325219857
1631380781896441875
1638896136277618690
1631418026766598144
1631676973440200706
1636720215676399621
1631450040387399681
1632017017392775169
1631667625456435201
1631651948561661952
1631419478239064064
1638266177767067658
1638281101167808516
1631366104298709006
1631378644290379785
1640085115131817984
1636620920562278400
1638872177893146628
1631390881860165668
1638846979584192512
1636781614616264712
1636396388454920195
1631421955738947586
1636653116262318081
1631397165061816320
1638557326624825344
1636398546697220096
1636395050144808961
1631666066798649346
1637541101287473152
1640274995354927104
1631987970776477700
1631581536318308353
1631659554629902342
1637075403880710144
1631182303979290625
1636803704287264793
1640046144163315714
1640049747892240387
1638846238635458560
1631709703729291279
1631394470531833878
1631419673102241793
1638868006842298369
1631432903006601219
1631352087463223298
1640385086993334277
1634577467112300544
1631692939448467458
1636430249935159301
1631046580928147456
1640092098832527362
1636472515127132164
1638853650574352388
1636427021214466059
1631714147573420034
1631960296465022976
1631601325510217729
1636682870369443841
1638868110852886530
1637813491414302720
1631648540911869952
1631319320574697474
1631318959977820160
1639004554933989376
1634365659529334784
1636396367261179907
1638269286136393728
1633940762063773696
1631356576790372355
1631371086263615490
1631508521123454979
1631406694168252416
1638609497747759124
1634091180202901504
1631634149931982850
1636453845860483073
1631406669409267717
1631386704664731658
1636630516089724928
1631413501192294402
1636487713040785408
1640083303964262406
1640082840594313217
1630974408608055303
1630968952867127310
1631765956677468162
1640051477715533824
1631564665980370945
1631346148999847936
1634960501871636480
1631766841285570568
1635752281957097472
1631360419011911706
1631377076153466881
1636497318856867840
1631685681947856896
1637582182729261056
1631374745525530624
1631568925736484866
1637764304261742593
1631740007311441950
1631355259980328960
1636742184316674049
1631366935131611156
1640784990186381315
1638248189168873490
1631318178071453700
1631536198236749824
1640761339680358414
1631346408870617094
1631370188955197462
1631314502904889347
1631537863073341440
1640606186062979073
1631389825055039488
1640079805096898564
1639402461751574528
1635618403107962881
1631659660280320000
1638598930446397443
1640990101814616066
1636529308272304129
1636775734709567501
1631662066023972865
1631333501227212805
1631594151757135874
1631600029919059968
1636485986203889665
1631399308313468930
1639011168688668675
1631420872371101699
1631394596037992467
1640089288745312256
1638299358771724288
1636698736083476480
1631359638334480384
1631066438927622145
1631369014503956522
1631571983488909314
1638271343333449728
1631394000576847887
1636827976711979010
1631046419002826756
1640106545525542913
1631424757009719296
1631788505897500672
1639187334573830146
1640115731894337538
1638892388428005379
1631324455598448640
1637816912276062211
1636698678231539716
1631322329325223937
1631422393896796162
1631009150279864322
1631666946427985921
1637621221788463104
1636570243400097793
1631528810754482176
1631530145600208896
1640978247805460481
1631054947587334147
1631541496720642048
1631448901210218496
1631313353850101760
1631697284483121167
1631968749849911296
1631438028647350272
1631310701510766592
1640373403441045505
1636428803076489223
1636671944870223874
1631662292705189888
1631930100714225672
1639001519830736896
1636642369389961216
1640119195265388548
1641908773311619072
1631350625374990336
1631408582548770816
1631562602013679617
1631366916114636818
1631361812246454284
1637443879208198147
1637447190036578304
1631521236177018883
1640107073605124100
1631515471643041793
1639130916755734529
1636838545221472258
1631411961568059393
1631335296871669782
1634855568258273282
1631395548182749190
1631659521557815296
1631748523170430996
1631413037642010627
1631358173209583627
1631312029725106176
1640075147657846784
1631487477255921664
1631671791247605766
1631360069471199263
1636445483009712150
1638969258372739072
1631393917743538186
1638267019622600716
1640077312296189958
1638240146435735553
1634463162526253056
1631450159526686721
1631674154066821125
1631407617657434112
1631359806333149216
1635263278690758656
1633172580604452866
1631418361438523392
1631315576759934976
1636618771178635265
1631411732517093404
1640066121062547456
1631425228659212288
1636392989185699842
1631351837491093508
1639062302015074304
1636414358866763781
1631729846786170894
1637832415681945601
1631887496375156737
1636986165906505728
1638864352357892097
1637393088841760768
1640260643600183297
1631686815986900994
1631387786069540864
1631371215288905730
1631423477725970433
1636683680671232000
1640068729366106113
1631568564581703680
1631671402129510401
1640101145476579329
1640093926441771012
1639018287584485379
1639527312696791040
1631842676457844737
1632287568552140800
1631543450519609345
1631355876769505280
1631324933916696582
1631395938429181966
1631315113041973251
1636675612654948353
1631351693571964928
1631612835536023558
1631391164166184961
1636395332018864129
1631426720707358720
1631331116584955905
1639842819769614337
1639086756782899204
1638984239768125441
1633948914784059393
1633592122686287874
1631554850122088450
1631136523218239488
1636820448276037639
1631352291897884672
1631030424737644544
1631641254436954115
1631070528445227008
1631927421044764679
1636471789705371657
1636767941101338625
1631761782703288321
1631687360915046400
1631449435338145793
1631408570695655424
1638783593844469760
1634257505101422596
1631379752719089666
1631307275548622848
1631355006853980160
1631394007535198220
1631133962532802560
1631364174851735552
1640124776193703938
1631074276244615174
1637818268927901699
1637511528411693059
1639086474166431745
1636633112623890432
1636405632382169088
1631556763102191617
1640091428603719680
1631523384432394240
1638867834548756481
1639033458876882946
1636456674905956358
1640023153874272256
1638934661647695874
1640098316305268737
1631315162006208513
1631383019444379682
1636498574211969025
1631427842432008192
1631393217487708164
1631370133112234002
1633553998862069761
1640113518744682496
1631423802415390720
1631042486620549121
1636866538928996356
