1579457514760196097
1586838369526579201
1577417151383670785
1586828909995331586
1577057567867486210
1577226180364619777
1576900268058640384
1586815365778227201
1577055448884477952
1578195387126403072
1577376407356850201
1577059263540695040
1577393930374717442
1586932208417251328
1578317821259681793
1577077467067531264
1578023683628888066
1586979319221571584
1577099615228530688
1587123618999406597
1577972907464134656
1577184663075835906
1582085108407812097
1577175090000953344
1577184108983160832
1577718990927007745
1577225453672501248
1577089512018100224
1587133801322389507
1577746695663898624
1587094514677710848
1579945431748186112
1577042105481863169
1586816314890506244
1585611629554814976
1583806012452397056
1586812590985969667
1586828764775866368
1577757501277233152
1587056301191954435
1578431340948574208
1577058402932756481
1586831908457046017
1587164910902976512
1577158246699180032
1582039823493496837
1582025938661183489
1587193830079692802
1576900580319952896
1576554743601631233
1578460191900991489
1587099912881201154
1586842094051725312
1578429308917657600
1576356508962795521
1586979167949803520
1577297699069739009
1586821003715514370
1578069394982424579
1586834226103480320
1577042618277502976
1587163407907700738
1586984638869917697
1586867265793916928
1586845904258174977
1577044977737412608
1587016785135632384
1587182137169567745
1587165279729098755
1581805123570761729
1578075748342153222
1587150075104468993
1577047113048870912
1587013614233321472
1577252940288385024
1587136056561901569
1587094538883063808
1578770521705283585
1577240941022547969
1577741427924238337
1586811712170299392
1577234750624124928
1586832600605171712
1577209367794950151
1586983487130714112
1587090629355622400
1577236470183575552
1586829509395087360
1577348618104848394
1585623896119824384
1577401607121080320
1587019706539589632
1586899046530162690
1579028208598806529
1577993613501407232
1577044309198897152
1577864139472572417
1578425528260104194
1586813308497182721
1577045885015318529
1577187992380518401
1578434784723730432
1581736418581176320
1577228203986653184
1581758661180813312
1586962144079159296
1577715498841772038
1587003430928785410
1577160623452229632
1587036144465858560
1586838223996604416
1586963122862129152
1587034504388116482
1577180824633589766
1578015951294935041
1586898767676047360
1577992508180779011
1577045245648605186
1577626651613184001
1586860015339667456
1577772248127119361
1578766497530277891
1577923976403320832
1583915766121869312
1581933017916141568
1586735449573400577
1579432347526893571
1577765841965355020
1586958238200827905
1577247764098207744
1586847622656131072
1581936351519260672
1586827937659195398
1578450265392701440
1577071414687174656
1577386950390063105
1577394513856802816
1577191677298515969
1587014799505952774
1577160098614771712
1587014117021437954
1578012826131607552
1577416776463175680
1586879627968086017
1577177579588849664
1576188111562084352
1586816503009411072
1577062606439055362
1586819186143150082
1587047879843188738
1578077090334883852
1587144360138887168
1577176950292221952
1577152268222111744
1577878354132451328
1581751358222307328
1577074478588211200
1577089742641844224
1587014403009937409
1577209340326453248
1579077523350360069
1584169288277319680
1577200195691216896
1581914134739763200
1577285816883499009
1586836091407040513
1587024828447465475
1586825417977221121
1584118574787936256
1582470195083325440
1581918811812687872
1587116152597225473
1587090519921926145
1587016553471565824
1576104328716120065
1577224115231989760
1577211229072130050
1583798685238190081
1577589855273508864
1586993980910313472
1577042669120856064
1587120739127279619
1587036274103390212
1586830366970679304
1587072569534029824
1586831751653064704
1577291311526428672
1586998808902307840
1586847934523625472
1577208536375132160
1586842434981568514
1587133542814961671
1577040990451290112
1587049263489585152
1586973782459256833
1577207444912377857
1577040511541518337
1587023750964383749
1577715764790005770
1587003398393667584
1586998641620926469
1578077129660678145
1586977518569095169
1576355770647867392
1584147719727157248
1577988196369063936
1577045516713881602
1587166350526513155
1581957942022406144
1577216700331659264
1586998445222551552
1577042321966628865
1577059631540490240
1587004736343101440
1577210074115678209
1586874516185161728
1586831604625952771
1587036056230236161
1581920472316276736
1577715140975366153
1585573091555540994
1586831507527720973
1577383040690552835
1577045818158108672
1578006242437599233
1587117703566921728
1578478645035032578
1577381466870267905
1578433080074780672
1587112706208841728
1581756134666694657
1577224470989004800
1582065573940166656
1577160551389892609
1577165615449923584
1577375044300288000
1586835415193030658
1584107858538692614
1578075677278060544
1587018239145644032
1577787747577872385
1577204975179923456
1587054025786236929
1586846999118331906
1579207895669157888
1586973948000043008
1577211526892883968
1577147664428589057
1586822070872276994
1587080867565998080
1577630791974014976
1587047271987908609
1586968492900769795
1586821519094812674
1577979764748460033
1577255778410725376
1581983287937224709
1577054205449101312
1579056513242791937
1576122961568083971
1587045966741475329
1586940632295153665
1587006780478980102
1577046661653663744
1577040936726822912
1578269893815930882
1577609398398107649
1581770561931182081
1577963509345820672
1578482759785332736
1577894507688992768
1581919137718501377
1581982620988354560
1586866010715570179
1586925744059338752
1577951757665198083
1577293419155685376
1577446972037922817
1587065813063942144
1577429960595148803
1577311990200016896
1586843851444158465
1583759236957278209
1587008591952809985
1577183173691461632
1577040976832434177
1578037873479397376
1577543721549193218
1578427377327427584
1585611287215710208
1577313708824469506
1587044777337524227
1586832690963169282
1577342816908464130
1581775055633076224
1577089732311670784
1577842267976507392
1583806145856086016
1577270230157385728
1577042286306684929
1577079785120940032
1586965253782478848
1586843818346909698
1577255948627779584
1587005348937973767
1577736000780091408
1577294275414560768
1577060347415973888
1577263487499128832
1586938141105176578
1581910180446420993
1581722945470181376
1577049083382231042
1587076210408017922
1577043115046641664
1577058696244318208
1578509824010358785
1578830172874166272
1578800902865289217
1577537838085816320
1578335213079252992
1577055873624440833
1576302513435074561
1586997166735761408
1577192924735242240
1578659399337676801
1586832581898768385
1583790879902289920
1586824318255861762
1587084426172944384
1577966383136227336
1586980072799494144
1583728088159965184
1581741570142834688
1577318556798181376
1577260654620073985
1577257945871458304
1577040446391406592
1577739024294363138
1577060120357638146
1587148380295290883
1587013436537507840
1586914193856499712
1587149621536563201
1577392822566719509
1578434217037287429
1577166016932892672
1587035003464175616
1586953493969047552
1586700598711406592
1587005791533416449
1576244632446722050
1581824737894100993
1577174844181217283
1586819646832971777
1586977758848208897
1576087801028042754
1587025544612282368
1586811988553961472
1577271687573143552
1578070416043778052
1577049107360727041
1578445606984425472
1581762574135484416
1577994437589962758
1580629109314850816
1577200406878265344
1577283453669715968
1583766770707730432
1586975066134401024
1578305157213061123
1586881541095006210
1577715492596359168
1577008994643693568
1577536370381410304
1579073516271710208
1577202518207401985
1587001894932725760
1577285814903771136
1578330596752773121
1587012332827320320
1587013272238186496
1586967523798433793
1580562494862503937
1577175538552041473
1577152872713572353
1586811639164198912
1577189506741985280
1581966138015354881
1578681710522568704
1586839657672761344
1587159851167367170
1577995773643456513
1586833615974981632
1587030033952038912
1587018441092997121
1585976808456867840
1577070146598100992
1583361582901301249
1586993516315656194
1577227490120314880
1577318253709467650
1577281438604759042
1577797068629893121
1581660565449347073
1587135954631917568
1577394789644849157
1577169954025377793
1587021074017001473
1577242200177799168
1586987184044838912
1586999206446862339
1577735855443038211
1577212450386378752
1577314146311356418
1586820737091997697
1577206108296314881
1578463659176517632
1581859603423191040
1581811892485378049
1587025478711402496
1587190558740680705
1577177243948044288
1581776093660741632
1578681402408960002
1577211371984343040
1577173511990169600
1577868849088761856
1583726521956519936
1587065717223989250
1578039036400525314
1577618308307865602
1586900864261931008
1578476559350247424
1586825250758606853
1577066776621240320
1586998465225179136
1586953665826488323
1586866429617442817
1577371994449920001
1587009495695331328
1577388630678675456
1578140744010833920
1578444453865754624
1578425928903905280
1578078428737290255
1577277169075912705
1577226091739025408
1586998130893021184
1577974143911444487
1586962534053060608
1587141033799868420
1586848165097099265
1577041464097648640
1586896293640769536
1577277585016266752
1586974664034844672
1577970200753881089
1586976522795204608
1578800993214816257
1578367412155846657
1581857214825869312
1577040488334561283
1577150971699814401
1577196640011751425
1577271347851722754
1586824817034285056
1586814412492521472
1586966916102590464
1577044873210867712
1587062073854418944
1587008659825086464
1587222652921561089
1577285433590878209
1587007287335559174
1586952633981571073
1577979162232496134
1586866179930406912
1578430182167232512
1577218643007770625
1577049186323017730
1586995213255548928
1581419157324673024
1577364568438882305
1577044089346076672
1578529659503128576
1581809633085136896
1577191271134687233
1577043069773701120
1582861644019159040
1577483501485580294
1586878153301041155
1577260223659577344
1576099451470753792
1586993892834131968
1577246127627591680
1577144814369640448
1577066880367439874
1586872854095839232
1587048066829393920
1577723702678097941
1577096339116081152
1583893305506508800
1581419184214642688
1577294989230497792
1577283607046914048
1586817283095248896
1587100729008967691
1583911406856204294
1577062870072053760
1576115105556668416
1577081085842034688
1581773351550615552
1577380638818189317
1577431106143498240
1581807562043068416
1577395073666293762
1577041473396035584
1577401012683477006
1586832439296630787
1577355547812065280
1577223914597777409
1586977541021130757
1577085040390832128
1586819603363254273
1586968179829624833
1576092784565841920
1586999468184031232
1586949754747031555
1587148124824403968
1585961685117898753
1586865589083054080
1577896677301682179
1577372589730983937
1582134266242412545
1577086216465518592
1577707301682675716
1577256529052708864
1577328892754464769
1578177570947727360
1587038938455330820
1577304485390700551
1586900095240372224
1583858080491532288
1577791899859042305
1586842927044739073
1586957317337235457
1587034338780221442
1577040561433104384
1576106119063228416
1577312061163462658
1586854093137580032
1577047189800464384
1587138330306691077
1577335500163239936
1577054672883699712
1587086080414736385
1577293195687362560
1577206501529202688
1587076114442338305
1586845650603458562
1585716195650519040
1578435469213585408
1577205568493608960
1577077773553704960
1587011942237044736
1586838121102073856
1581747957757804544
1581785228229902337
1577300889035018243
1586818401716080642
1586834111246786562
1577666857460432897
1576174806709731328
1577233566320427009
1576696667541475328
1581720972163371009
1587045583558148098
1584153468918730753
1587142857781043203
1577609359512723456
1577382152588722178
1578463273795878912
1577319480681709570
1576341349875392513
1586820988209070080
1577605461498634246
1577069476985438208
1577583015462576128
1587060005227864064
1577282689136488449
1577829991986896896
1586849659795931138
1577372096086233091
1577712242820517888
1577226000923959298
1577286572109463553
1577438057678409728
1577160867770081280
1577391506733793280
1577169733316620288
1584066117131128838
1586980169524322304
1586753903554695170
1580355773594378240
1577217079308341248
1577717035894702080
1577124862031585280
1578073712800194560
1587066506612965378
1576351740479569921
1587007860025737218
1586823860439187457
1577762176202412034
1587046203610521606
1577270149232881665
1583968621033709568
1578486983558848512
1586972963961815040
1586992192786145280
1587036785892380676
1586827019861561346
1586316650961174529
1587093221435400194
1583758663994392576
1577059497742200832
1579027103378419712
1586980379755429888
1577353286138695683
1577204977142939648
1577600691656343553
1577207600718155777
1581718499843805185
1581895254562598915
1586971819428421635
1577288314671058946
1577309572355825666
1576157069929242624
1577153843523366914
1581927009231392769
1586827778707623938
1577404548137816081
1580015781110505472
1581999869623140357
1577165015697612800
1577382787975417864
1581744491169742848
1587141131015430146
1577542423118577665
1582825562770317315
1587141619635163142
1577975533211615235
1586941070042177536
1577527526599057408
1577160159821934592
1577352673376014338
1586817012730306563
1578012591255064578
1578311870293110784
1586860717310869505
1587076658540023808
1581930621672501249
1587019700088750080
1578088646506315778
1577241987882790914
1587018777069322243
1577045187045429249
1577272800405901312
1577292957006401537
1587014184595869697
1578069975423672323
1586984563523424256
1577745569627373569
1577748723744096298
1583526910558019585
1577712031427432450
1586823728515715072
1577969484349972482
1586850697869500416
1577298274532335618
1581890042339155969
1586859893763575809
1577187185899339776
1577303510353412097
1577367845410848783
1587126402553372672
1577952546349633541
1582039860097212416
1585366747799953408
1577042804995330048
1577299177704493057
1587016709227028480
1577042620462747648
1585196163820826624
1586844976062799873
1587035229956481026
1577109216221073408
1576962701099958272
1577209299541319680
1577208709692133376
1578792623246299136
1587014377294774274
1577993113221603329
1577194202068553728
1586845413977505795
1577194505580576769
1577146126528311297
1577048865634922496
1581743957024727051
1581923338590429184
1579043705599582208
1581773690349363201
1577391715060748299
1581740972219994112
1580138573298212864
1586706195418681347
1578626465960456192
1582747714391277573
1577262250641199105
1587041670335533061
1586991955120164865
1578123761911463936
1577167361479966723
1587009058619408384
1577621963568201730
1581756222688333824
1578457924761882624
1577288864565190656
1578006305482088448
1586856047880331272
1576451206658265088
1577051552854200321
1578157368449585154
1577245264834101250
1577064396811309058
1577025433475743744
1581750569336963073
1578341256526123009
1578322636152897542
1577041525707403265
1578441334352142338
1577419195901308928
1577179975790497797
1577263557871161345
1587168854211436546
1577050991911763968
1581894126974668802
1577185621021712384
1587012712357416960
1576482786332246016
1583737406166945793
1577227861563277312
1577094906291503104
1587070957755170816
1582460399093313536
1577071800873234432
1577279519127269376
1586982323450519552
1577176062261227520
1577043036449931264
1577211301453271041
1579422141598269440
1577277922926161922
1576176098177867776
1577162288393441280
1586835360444735488
1577245482685898753
1577189065874493442
1586868110862295041
1578037010732056577
1587061483359305729
1586929238652887041
1577060930953039872
1581880951810191360
1577286979628060673
1587093667948498954
1586998458111741952
1587045724121976833
1585360652541267969
1581998296952078338
1577063663462100992
1587069727423315969
1578369790603034624
1587169625015459841
1586822597332836357
1581815227649495040
1576191875903471617
1586890659058819072
1586854976030220290
1586823201946050563
1586968763282358272
1576280072138285056
1577171381044715521
1587149087614304258
1577045184478470145
1577042600925704192
1583728291990876160
1577047617631985665
1586834244520771586
1586952900525408257
1581717040523808769
1586871128575844358
1586978764885749760
1583891658638491648
1586842188280991744
1586821783189176329
1577270541324800002
1585016217978294272
1577311357338255365
1577370293554892800
1577390872726945793
1581577099928043520
1587118315729731585
1577050352385679360
1586989971977768960
1586969058263683073
1583797417429721088
1578006489557606401
1586827133569081344
1586812369967235075
1587141638819926016
1586812046372442114
1581969966449901568
1577237301171982338
1581716321980383233
1577379696697872391
1577348471035760640
1586819406507671552
1586979170894155776
1577986888262098946
1577246885152030720
1576108129263136768
1578339829762633729
1586841737565294595
1584050913769324544
1579862485024538625
1586997602213576705
1586834243497377794
1586956834363121665
1581830633214472193
1581777156836687873
1586865274996809728
1587096857184030723
1578414424205201408
1577189795440119808
1577063450790203397
1576523173830397952
1577585010315612160
1577224084122873856
1586833306687098880
1577148143837536256
1576109782532255744
1578057899754020865
1586893820783992833
1577058884346576898
1586876072632762368
1582031685406707712
1577977406580822017
1577138203190235136
1576237974052044800
1581721468454391808
1577735430614794245
1586851975798333440
1577981509134438413
1579862013052092417
1578082327258972163
1577262074337857536
1587130248973484032
1577175569808039938
1586829920545787906
1587155475904200707
1587070642930827269
1577970925793939456
1577202456203001857
1586855369904644096
1578466132830613504
1577106252328423424
1586848384538771461
1578514226758709249
1577209210819186688
1586886686239252481
1587074305883512832
1586865365627424770
1577730642980343835
1577139371891130369
1587076404599980033
1586874842111959047
1578090443132239890
1577168550019465218
1577279895280922627
1587075055816790018
1578800559741894657
1577222828746686464
1577087031313776640
1577229479272886272
1586863643982970881
1586972478554968064
1577048339270537221
1586968474852773888
1577489326685900802
1582635611831562242
1577295394081587200
1577273795861417987
1577239316711235585
1578442350321205248
1576062870005362689
1577328287843586048
1586987747142688768
1578052912089014272
1577050153453699072
1578175941825638400
1587111568629694466
1577040494386741248
1587052268058181634
1577196773809889280
1586826680311681026
1586992977435656192
1586824820196507654
1577362072999960576
1577250561119817728
1577346324411957265
1577183934202646529
1577300397387124738
1577174777009082369
1586990339172319240
1576976346856554504
1586993104468541441
1577260375766016001
1587095401596862464
1576161195752443904
1585527233929773058
1586818334452027394
1578459273973354496
1577045615867199488
1586985897857368064
1578124569877118999
1587006382053724160
1577178388791382016
1581997085150191616
1577163873219928064
1586815075918045184
1587115956802912257
1577536094912057344
1586826782564646912
1579367721674104832
1587084642833793024
1586849170215899136
1586817169119219712
1578705849257644032
1587143379137200131
1586977534935273473
1577201513776427010
1577371257464819712
1577918681497100288
1577911157242753024
1581995204277862401
1578482133785776128
1586836471545225216
1587011945026256896
1577989053387100160
1581944735194701824
1586852587239866370
1587083719680163840
1577259835082518528
1582043926688432128
1577207143601606656
1578851076950097920
1587042460290748416
1576064765377466369
1586830157612027907
1586983555808329729
1586878336160206849
1577376487820623872
1581772175811694592
1586936781634764801
1587054055733530625
1577533782130835457
1586861779715592192
1577046424482480128
1587144071222644739
1577794919326167040
1587177070651740163
1577520066513477634
1577185819596828673
1577669530595332097
1577716042025111566
1583865502207979521
1587107503095029764
1586846024781512705
1577049090743230464
1577077649972731904
1577713801616580608
1586857788319436801
1583837928664403968
1577301708987928577
1577323651392749568
1577046977510256642
1587043874387759106
1586825441310015490
1577042928425259008
1587052714768433153
1586989470007582720
1578030854760112132
1577281802045382657
1577384707829993487
1577141773230448643
1587122665365569540
1586846902875787264
1577173113313234945
1577077846157426688
1586843126718775297
1578478961973075968
1587002822524010496
1576106106358988800
1577567685663227905
1586858237210533889
1576070872997109762
1586823175777579008
1583939581191524353
1577257043894771712
1577064325004808195
1586822565816934402
1586987547204501506
1576344598758457344
1587222180366090241
1578014271400824832
1577783095004221440
1577626069393350656
1587102555896684544
1586815151964975104
1587152992595312641
1586725451480932353
1581992884219543552
1587115162548453376
1586821711701446666
1577195578630451200
1578168653127725057
1577261008757800960
1581742925448630272
1577206161090105344
1586854761344663555
1577602519253008385
1586851866872274944
1577399340175396884
1586999575344209923
1576343979247169536
1586828807788531713
1586983075854094342
1578076872306573321
1577193232840425474
1586972037423288321
1587172817510055942
1583140398930620416
1583878664688918528
1578112191441604614
1583792748637097989
1577265547854548992
1577166076215177216
1587012583814488065
1576280948811137024
1581964635351134208
1586839333192990730
1587011149459083264
1578142826504019969
1586855021941080065
1577341179955396612
1577399608594108416
1577358308679335938
1582571648485494784
1577228644577325057
1578431943338622976
1577040106510508032
1586833296213872640
1578329777030979586
1583747989906292736
1586972196634824704
1577165023939821569
1586843162026409988
1587015395185131520
1577227678390026241
1577047385452081152
1577162618518708224
1586958429071048709
1587029016887918596
1577275225510940674
1587044952307113984
1586884705433034756
1586995680404463616
1587008974712446977
1577556571638452228
1577384228949528583
1577950172646080514
1587099993168551941
1587088064555483138
1583147173511720960
1586828514111668224
1577130864185516033
1586841484204154882
1586991526965645312
1581759614475202560
1587097143797583873
1577990416728788993
1587208073923493891
1578527665417383937
1586984969435480064
1587006173005365255
1577349787833319442
1578434275392618496
1581784931222814720
1577051912725475328
1586818354047770624
1587043807614353410
1577179944056078336
1577371715251879936
1577076502943830016
1578317575112388608
1586843266284224513
1577617360726392834
1577711615218274304
1577386216407777280
1586860799879962630
1587075839652503553
1577210796764848128
1586856990428614656
1577297324623151106
1576079609619095553
1577302715574657026
1577115131229577216
1586821916978995202
1576603864052092931
1579055036675796992
1587108370431053827
1577050409247481858
1586878815204249600
1577051948674519041
1577280264274735105
1587079596633210881
1577174330504810496
1577224093153210368
1583791833678610432
1577258128932233227
1581779209189396481
1577978821025882115
1577300946668879883
1586857954036310016
1586814269819322368
1587084272766275584
1586999949274800128
1587042595498332163
1587141377544130562
1577310666297311233
1581989407590354944
1587023852349054976
1581740633105965058
1586814876160253954
1583767788455219202
1577310812649160709
1577183304901890055
1587020854239559682
1587006653102260225
1583727430556323840
1577541668210892801
1587022484313890816
1578125783947771925
1586975343205924864
1584024014577496066
1577271542718660608
1586967243749003264
1586878257332453379
1578394261585805315
1587099086188122112
1577213296901754880
1577146181167173633
1578468660942802944
1587092065111969793
1586832343775547392
1583798234065293315
1578520026411253761
1587127657581395969
1577226922701910023
1586839192880955395
1577077270769856512
1577167236376064000
1577178001032515584
1586827722185232393
1576092226010361856
1587031648125714433
1587173944196534272
1581765793645490176
1581186040861437953
1577198180277506049
1587089834807627784
1578988369069355009
1586954849442226176
1578443367582928898
1577390771761778700
1577949238855667713
1578095722380943361
1586988657457627136
1578006003848826881
1581716917118971904
1577910686688092160
1578091907674259456
1577052988866117632
1586818472188596224
1577271101620903937
1587071446257471491
1586920865052213248
1577050730493448192
1587027424512036867
1586862446064680960
1587003610260537345
1577266106779459584
1586971161656807427
1587019475991273472
1581756845781155842
1578735279543754752
1586853978825957377
1586843883551526912
1587046673662021633
1577761736614154252
1578428906880655369
1577728373538918425
1577190047899537409
1587076896638046208
1582050861186174976
1586966708195049473
1577724267315138560
1577409039323246592
1577046140377534464
1577743655166742528
1586888854333710338
1586815980457656320
1577164797766152192
1577288009518833667
1586876118572883968
1577201328895700992
1577264211637735424
1586834093425266700
1578817872968970240
1586845609683832833
1587148744163819522
1577317118764351488
1584541022033354752
1581718544638627840
1587019358127198208
1578176944079835136
1586857540327014403
1587082835239772162
1587168584018558983
1586829675027890177
1577212836089978880
1586826076289998849
1576111589140283393
1585460487285776387
1577072165286838272
1577213670161276929
1577173331035312129
1586817708863401984
1586961765635706880
1577967404885368832
1586931952397045766
1577065634877169664
1577053106168549376
1577146486281932803
1586842330425954310
1587035030672625664
1586816910469074949
1577720300489375745
1586821860624326656
1586820944479358978
1576348250445344769
1586817139209830402
1586844900275937285
1577180192665403394
1577365281022046208
1577089210560880640
1585471600807317508
1577042542096359424
1581794951008235521
1578129214460633088
1586941647279063040
1577164631210328070
1577283432904024066
1577155630338433024
1577052163666501633
1586701642963058688
1586818059943264260
1577601503115853826
1581743848744550401
1587066129142398980
1577196723054661632
1587146339510534144
1583727066830102529
1578053067966128128
1577931025619066881
1577390330214862849
1586850211934216192
1587014750583627776
1577196677533880320
1577156830941220865
1577189469593255938
1577960699740971008
1587198274884231171
1577223450670006272
1581772935739547649
1577730507860680706
1578481376856518656
1577040498937630720
1586964441626705922
1587006936372969472
1577070988876951552
1577051783113093120
1586834032662401024
1577761074660708371
1582463325941641216
1587094003366985730
1577289032069005312
1577082029975302144
1577963081312919552
1581757362939244544
1577381956559556628
1579844108440702978
1577405389317939201
1587083262991687681
1586888903696474113
1577170154324078595
1577040379718737920
1577264208969801728
1583726822813933568
1576160011683708928
1578558898373423109
1586818384221859840
1578453793637031936
1586833048573722626
1576574241331609602
1586822699069984771
1587034558876327937
1586835272087621643
1577191842457608192
1577378946307473415
1577081779642830855
1577367150934704128
1586843087736918016
1577321269007388672
1582021215211769858
1577197277953032193
1586861516342677504
1587184421513400321
1576498152735404032
1577979790228951040
1577251505933254656
1582005372856209409
1583728046670254082
1586837375078088705
1584168055193468929
1578448553742999552
1577229083137540098
1576096055632211968
1577740862108442629
1584577503586185221
1587150782863998978
1578016770027245569
1577233387924107266
1576357459467595776
1586842615177256968
1587034048907681794
1587066356784046082
1578529001328369665
1585904007083532288
1587110404416851968
1587098287747776516
1587009921857585153
1577190602185183232
1577046636982697984
1587076566030422016
1577970723578167297
1577715093122465793
1577173693540708352
1581853531396399104
1587115942059950081
1577169744716668929
1583726000424513537
1581773213041688576
1577392610804699138
1577352349726777348
1586967508237664256
1586864095915085828
1577716543751950349
1581270238808616961
1586940841620299776
1577715903818604545
1586983402082902016
1587030031481577476
1577730677407191065
1577203161315483648
1577721904798093317
1577274462642151424
1586815367489486850
1578118830827524096
1577723652904292368
1586834264699584512
1581932351273459712
1576108583791390721
1577244193264525312
1581965720124264454
1579885562223546368
1587085093893558272
1577047166975062016
1578433394693836801
1576445057070399489
1577260470683115521
1577049323463839744
1578139906420916224
1577155645484122114
1587099955923193857
1586997345761300480
1587121841868529664
1586856888905474048
1577978676704169985
1578072094323232769
1585025306452119552
1577173537357729792
1577379887278657569
1577048767634644993
1577040263620349952
1577950388111695875
1587052407590195203
1577055020100747264
1581997862740979713
1577273561961889793
1577715506945064960
1577966011504017408
1587017831786455040
1578124432211673098
1587037407685353472
1587087747092725760
1586837766855442444
1586814563223326720
1577210840331452417
1577713251135197186
1577049311824990209
1586822127277047809
1586868915094831104
1586849628498149377
1587223621499494400
1577267697095540736
1578800433232896002
1584398309749248000
1577377611273093136
1577250741554552836
1587109157781606400
1587111197643513857
1577046350297853953
1586920320790929408
1577711908018348032
1587115464014045185
1577248334921596931
1587166698750316544
1586830917636612096
1587079505260253185
1583120234138910720
1586997532810481667
1586853672482471936
1586847189820751874
1577319139173171203
1577173865679052802
1577046306320617472
1576932447375151106
1586972764560392192
1587103779517878272
1577983493673553921
1578469808407879680
1577291050749775874
1587161799123689478
1587161562464256000
1586957041406443520
1577157402830725121
1577616538089267201
1576295967199854596
1584902496941637632
1581959355649310720
1577178090983202816
1578004368393216001
1577962327193919489
1583379953084960770
1577278944625074176
1581793244987260928
1577188493096194048
1587031961817808902
1577356741087477775
1578369088573034496
1580732813812211712
1577735536160055297
1577324086191087619
1586849835084283907
1577201991549587458
1577152347246993409
1577307034797604867
1581601307625893889
1587094811592593408
1579042062745628674
1578433332899385350
1586861850716667907
1586823080239923202
1577467554536493057
1586817965495754752
1587071913297383427
1577199543497609217
1587191659867127808
1577310912993705986
1586353667556270080
1586841353459142658
1578003530048233473
1577641337243013121
1586847740331540482
1576951481621618689
1576356975562043394
1587069539153575938
1577217125860532224
1581736059234230272
1586826532819025921
1586866040742547456
1578497893505589248
1587048024081108994
1586974144654196742
1586712054613909504
1577190443137511424
1577201647058837505
1586816419399958531
1577247850672820224
1577285553258893313
1583728848096501761
1577323500913803267
1587061690352508930
1586820105731772418
1577109526779637760
1577231491171377152
1577190576453488640
1577040513999347712
1584316807975825408
1586818598722469888
1577609433009557504
1586840757004124160
1579842410611605504
1581717220627185664
1577218621574504448
1578001269872001036
1577172576870146048
1577071319169912832
1577359497332408327
1587099028386304000
1582110104098263041
1585921438015713280
1578067298958573569
1577245708230402048
1586899156240826368
1577168781725483008
1582025853789409280
1587100009949892608
1587007507444236294
1586870073108709377
1587088802715140096
1585194870406144000
1586843783185981441
1577254768090775553
1586847835118600201
1577199491630800896
1587106476866281473
1586847656835534850
1577183730774708225
1587079564383117316
1578434504355520512
1578659354919608320
1578111969973993475
1586827604488863745
1587009154996133893
1577040230053396480
1577046250234707968
1577989948136820736
1583833299192946688
1582106228825915392
1578481544075046912
1587039772777881601
1586812735530082304
1578118050716557314
1587004562652659712
1586833854370914310
1586812838206734340
1581925509310861313
1577736859274428420
1576236556213358592
1577172797419233280
1581772045498560514
1576541997132746752
1578437328443514880
1577276927030677505
1586857867105259521
1578274981066129408
1577195564453621761
1587106882883289088
1587136646146887691
1577076173804224512
1577048112002396162
1582023397634342914
1587061790852227073
1577225585654345728
1586843912848773120
1577042380670177281
1577181345939623937
1577271648213823488
1586828025022349314
1577732695026810882
1577386699960852480
1577339203595255808
1587168890873839621
1581742773157261313
1577139540560850944
1586957652562690049
1586866236989767680
1586812135111278597
1578853884617195520
1586930401838235650
1586980433308311553
1586834357121163266
1579692478646865921
1577048045836869632
1587027148145033216
1586926962873884672
1578125278999711744
1577041442945773568
1586852366778880002
1577956886284013573
1577440147867840512
1586988258801733632
1581725970758701056
1582011307569532928
1581755192667607040
1577077924662251520
1586865722881351680
1579461945752956928
1584161907275370496
1587107579746033664
1586959928639488003
1587000720888401920
1577042224139104257
1586898709991886849
1577177217440047104
1587092862818213892
1586890031922397184
1587156408671281155
1577187512434700288
1578038158184574978
1576899718298226688
1582008154149175296
1581577599750668289
1578150771434348544
1577047816265793541
1576024504253714432
1578163114859986946
1586848223112544256
1587142853578432512
1587029150996496384
1583726545956315136
1586838063438766080
1586991207846133761
1581743162179346433
1585566056571084800
1577347052220153857
1577243390000758785
1577196611439992833
1586842456410275840
1583070203163815936
1577586253138116610
1586844415687069697
1577326855484571650
1577233434782887938
1586817745735163904
1578122205145300993
1586826635185111040
1587152289508335616
1586940173689946112
1578176403526537216
1586858467553411074
1586993104632029184
1577433547639771138
1586933297099284481
1586828794597462016
1583793094017048582
1586990464728711168
1587113314005524484
1576435459831386114
1578529078986309632
1577713533692829697
1586963082437443584
1586837867787161601
1586826478653669382
1586798479078301696
1577781633301741568
1583157935710298113
1577724660971704321
1577363374630793216
1577949952646561792
1577930304412590081
1577267690716422144
1581748493122932736
1582827492036857859
1587201717153812481
1586994452475830272
1586817719265103878
1579191762811498496
1577230886436675586
1579179602085175297
1576174723813502976
1582964733946494982
1587152767642177536
1587173136117760001
1576222546282024960
1577770773003046926
1587057797409214469
1586944837672214530
1586971069516320768
1577729489311862807
1578529972179771392
1578393121880154113
1586843397280636929
1582034639102783489
1577042077397008384
1587012185611550723
1586816588472270852
1581781631215337473
1586833504721068038
1577296646425157633
1577040305936683008
1577077255494283265
1587119819823775745
1583729695719235584
1581760635271974912
1577650737819123713
1578770430709895169
1577202663330316289
1577184691643650048
1586812984566890503
1577085766911791104
1577295056813400065
1577524795176108034
1586838147228471297
1586815987319447554
1586952408256716800
1577227790990323712
1577063040620847105
1586841253676830720
1586869656241016832
1578362668905533440
1583812448162701313
1587008407613198338
1585008630213926912
1579823763306467328
1587022793467650048
1578458407048450048
1577185091268546560
1577265227753611265
1581721638806380544
1586822664135626753
1586812264442728448
1577711206734958592
1577041808965500930
1577274193883721729
1586836288652673026
1577921963439407105
1586884341426167810
1578452052048375808
1577043325198430208
1586882179258322944
1584105860896526336
1577162926838140928
1577151713701601286
1577578442987544577
1587114770402091008
1582792604995194881
1581915004214779904
1586834576734928896
1577059781872824320
1577251609075404801
1578367624185929729
1587169434917027843
1577074912355037184
1577347065994264582
1577289137413144576
1587040981609857024
1577211449633820672
1586833937837527040
1577068617027686400
1587003369134166016
1577273583130546176
1576460728193597440
1577336309961613314
1577310014842314752
1586823912813387782
1586844524655017984
1578426861474164736
1583877278651465728
1578103686928048128
1577181031970779136
1577053071557169152
1579043735752830976
1587029732503199746
1577774380930801665
1577320616323080194
1579758020770246656
1586936231136567296
1586816629870301185
1577609521018568705
1577179441671077888
1587081431460855808
1577716871792660485
1577051703819788288
1578800018408222720
1581885788098174976
1577202854502490112
1581751669385490432
1587124583597047809
1578819613164736513
1577048788417810432
1583729467662299138
1586842618595516416
1586982465389854721
1586825311194423299
1576333444694491136
1576167157624635393
1577041166326853634
1577273134381641730
1586859962415910915
1578618841143201792
1577748284222980125
1586857145458384897
1581393183098867712
1578428206608048129
1581718275259449344
1577116165473988608
1577642739436556292
1578679736875614208
1577053812769968128
1586869114336862214
1577045045596737537
1587057051880095744
1577562679388028929
1577210223797805057
1578536620457750528
1577372096069517426
1586848847854182401
1586847987506057222
1577051270321356800
1587017017420382208
1586857585285767170
1586850205860782080
1577406718438670336
1581190064372973570
1577160509287124993
1587063631274991616
1586861795024707585
1587166039623827458
1578799927727362048
1587010840322007041
1584143953984487425
1586868354282934273
1577063897320026112
1587057039611682819
1577081803856261120
1586835025332502529
1587034464399593472
1577239535586770945
1578486610148360193
1586839336649199617
1578047021990150145
1577399471591149568
1577994009120841728
1578537028903350272
1586831747592978435
1587069240653250560
1586961010493120513
1586850233543188480
1582109018272673793
1586985185006026752
1586827198828249099
1587100425584517123
1578532263389978624
1577326726866051072
1587168352081952768
1587165577113632772
1583749661143470080
1577175220410286080
1578016759772160000
1577269080310288384
1587003250976473089
1578656899238879232
1587058086048579595
1586830545241120768
1577239964835717120
1577041167782277120
1587050284324380675
1586865237663387648
1577177346062577664
1576126698050842626
1577231593252737025
1577044258879463424
1586861274905944067
1586834245540286464
1586819588720939008
1586994964461981701
1577617226068369408
1578162330109874176
1577046663465951232
1587002260734746625
1577467234477559808
1577208485733101569
1577249509028990977
1577730301186510873
1586816326730887168
1584271670050971648
1577338685657423876
1576306104274890752
1585947289146855426
1577235651246030848
1576547014699290624
1577205210820136960
1577041225827295232
1578265196283297792
1581744793918767104
1587156457207783424
1576961102000246784
1577171405874950145
1578177429507518465
1577193584683466753
1586833723537952769
1587121770351452163
1586897363058180097
1578482191704920064
1586841329664933890
1577054482407378945
1577044633317609473
1586705225875968000
1587044983588151297
1579533095916957698
1577183317161840641
1584846291791908864
1577047632656052224
1587052501915811840
1587003954696785920
1576540789982650368
1581946228421844993
1577996128498376704
1576499282865139713
1577281334657298432
1578322505357328385
1577387746615869442
1587089014489841664
1577609825088831488
1576669438119936000
1577722608518168576
1586817960815267840
1577967247682846725
1587041736970346496
1586973894925324288
1586951082042851328
1586983163280166912
1579825700298977284
1577241867082936320
1587019294411558913
1587017449941123074
1577187132711440384
1587065225211174913
1578449260986540032
1587117821217185792
1587040468025704448
1587057255228350464
1578021442507378689
1577966670332809219
1576086138153861120
1576065581081501697
1576670217601576961
1577040280590909442
1586800375050506241
1587185394365366276
1586813111323004930
1576100472242733057
1587018192714698753
1586833349456412674
1586860379879227394
1581907262112612352
1577372938071851009
1578317550181822464
1577297975893807105
1576664760300744704
1583739144039460865
1587176354453327876
1587201503747604480
1577046454077906945
1577071190791053313
1577383574906568706
1587059376111734785
1578116414321397762
1577170965976735745
1577789811922030593
1577175909756710913
1577067041839755264
1586816795922649089
1578081112768774154
1578030411011481601
1577382263607672832
1586812072695832580
1576640775890558976
1577214760332189696
1577218569338646528
1581738405230432258
1578440632728621057
1587148445864935425
1586854850700185600
1583588111723810816
1583744347266199552
1577991859410014208
1586849536307347459
1586837739219128322
1587191280802713605
1577248640698966016
1586996824958697472
1577042085550600193
1578328450573930497
1577049203670282240
1587167801680306177
1586858595739734018
1577205096844185600
1577979831291203586
1586980407559462913
1577044731019730944
1586819750235148290
1587008381528772608
1586993454495801347
1577562092256862208
1577166733051166720
1576084502782554116
1586929950417985541
1576162382531162112
1586827895581851648
1577047215775752192
1581647381954985984
1577058853929111552
1587037334045876224
1586996497140285442
1578800517974700033
1585224452757159936
1577251667258769408
1586844068033822721
1578264124709949440
1587010897888911360
1587013771125465088
1578118777224339456
1586861385715163136
1577387775141285889
1577195576386809856
1578147521528213504
1587138353484513287
1576092404972937218
1578349825565024256
1577218762981670913
1577428692719923200
1581535029686980608
1586970915648274432
1587089523812573188
1576636186793107456
1586845050436296704
1577952322235277312
1587060756108935170
1578134155363336194
1577399836856487954
1577957550586269696
1586968529508700161
1587008834295549953
1578385532115193857
1587026902472081410
1577045357036347393
1587121590944387073
1577329970120167425
1586840988231864321
1576224763306835968
1578434150331056128
1577175784103374848
1576060087655071744
1581968640169021445
1576178275172642817
1586868991573868544
1586845754890526720
1586811077249073153
1576072816801325056
1586851473882849280
1585224068479221760
1577153818311430145
1587020845310005250
1586908506204028928
1577161136180371459
1577531000233525248
1586826184305827844
1586816335983808512
1586940475700805632
1587202151293624320
