1466012749801181188
1474313816209084419
1474308014664523776
1474830413369683979
1474407880594006068
1466688466553614340
1475361293435604996
1475176008269582338
1475202322783522816
1474125521134968836
1472208077097250817
1475072823597142017
1477003944429854722
1467023762155610117
1475115931529625602
1474851103279919107
1475467556509134850
1466780627290791941
1474806956623904768
1474675932132696070
1474744424747970562
1474830161732382720
1474437194119098370
1467087478440005632
1474069287765790727
1476801420833742860
1469572107281522691
1475072273178636288
1474113623429722122
1470403045582327818
1467104654349717512
1469430515031842825
1473893371563368452
1477007613963513865
1475357525134520321
1474797871702630407
1475979989531172864
1474116379397738500
1474071820844339203
1476340652199788547
1474647857626062852
1474146295921225732
1474791630985117701
1475205529198866436
1475513429280575494
1475223594766589952
1474152773595848713
1475078179408781314
1475137627657543681
1467086987777748992
1466916228316999681
1474824085070913543
1475162296234258432
1474426928996171776
1475193408239058944
1474285625994100741
1474351067219607553
1475178206458257415
1474294545655517194
1476919105735340033
1474124668701401089
1474792660623925252
1476119141711060998
1466666474118987782
1474341797895806989
1475186175216336898
1475222601572171781
1474312818124107777
1474509994267758592
1474528456151031813
1476291513227304965
1466934313438662658
1475430907859378180
1475361512147542016
1474288281948983296
1475558013582942208
1467467533234184199
1467148281927159814
1474735140219858948
1474325887084544000
1466868153498095626
1476296905772740624
1475081555131478016
1474222346399629315
1467834524239282178
1474120276216627208
1467430167941423104
1475075083685224454
1475180136878256133
1474123435584466946
1474789436336578567
1474151723149271044
1475077468314910722
1475202459601707021
1474297840402944017
1477063652578574342
1474849570484068354
1474219033432051728
1474663403289460738
1474318311542427654
1468153884526919691
1474830702415953927
1475175839356657674
1474068804548366343
1475251014643167236
1474286441433862145
1474135898044436490
1477017732226945024
1477002378486374400
1474353210370543617
1474317922961080328
1475471408692092931
1477012458757836800
1474844251674628102
1474100144157204481
1472119950483537925
1474348103494995970
1474647854497112070
1474213017160196097
1475203821244760068
1466666519702634500
1471946041297674240
1472498177618157571
1475145310095687686
1474087390696247304
1471949224594001926
1474114247579865088
1474427060189859862
1467156797421142028
1475088390177570817
1474713467722645507
1474652854182895618
1474788951588327441
1474114531194511368
1474688784189034496
1467179247567609866
1474102425606832134
1474315135959412739
1475314407995584513
1467131745233510403
1474110682044026885
1474085936849985539
1474288576565239815
1467054611584409606
1467190383994097665
1467169691072356356
1466536647659376643
1474131597515444230
1467081924250419201
1474398846214184960
1474334921988747267
1467166195711463424
1474450234151473164
1474359647951851522
1467184224751001606
1466908986565971975
1471968631479222276
1475169271324028933
1472216362969972738
1474176786774859783
1466019343129628674
1475524125796057091
1472207971287506944
1474639585871372289
1474113685333413894
1474115736884891648
1466863597573738496
1467186740632948744
1475217546081148929
1474111651905421317
1474778088517087236
1474851395153145858
1467046202453733376
1474751646311854081
1474134546396418053
1467119072366190597
1474134846041698311
1474068010889527321
1474291362166198294
1469441052339851275
1474182939613216771
1475087022993948675
1475939440447176719
1474639535489392640
1475746082361692167
1475072865577975811
1474313884861440001
1467219439292715011
1474304299467526144
1475113600872296450
1474822787885895680
1467186914113511425
1474805292433129480
1474118542517755904
1476294437408063489
1470798228337704960
1474118908709855232
1474300492658495517
1474185957326872577
1474851212948295680
1474304269364965376
1466721058661228546
1467180555930374145
1474343612389470210
1475115596769542159
1474405498476806146
1474434482673696774
1466908798766010373
1475170799636074498
1474149027562278917
1475310116702404614
1474112517534277632
1466733964941570048
1474400136151326723
1475184290560462858
1475189210479046663
1474308720670785546
1475281586333618179
1474297957944119331
1468972639540559872
1467181638190833673
1467045308672663558
1474820382456791051
1475239461562765313
1474129010355548161
1474104405712687104
1474278682244046894
1466536693440385027
1474385024552259584
1474522280617299972
1474745699468251145
1466923516952027139
1471949409181212679
1475188156261666821
1475394468413071361
1475234771055824898
1474310722687578113
1475173458711564292
1471166395094347783
1474357271438237717
1475595791356022785
1475076949475307523
1475234031579156480
1474772350969200651
1474985233313325062
1474303116145315840
1475193915548618755
1469454741923115010
1466332566559109122
1474540877162983433
1467193043329720322
1474857288070578178
1475252129229156352
1474392675008880646
1474305941227163677
1474378479978299392
1474154158777319429
1474118166964023299
1474651342698385415
1474312156422230021
1474275527108222988
1473187643089424387
1474138010224668679
1474078301446680584
1471965045231919105
1474851509238173705
1474308032905592842
1475119176620597254
1474417774063755269
1474159507940986881
1474108338342408196
1477047666819358721
1467211462775087105
1474101720292761601
1474232389186592770
1474331555892011008
1466673442451771395
1476336297274970116
1474709638738235396
1474313478081069075
1474719717080375299
1474374296474726401
1467058172162674689
1474509325771096069
1474142346581270537
1477058659976978433
1475391443510476801
1474367871694385153
1474103082015412230
1471609304805478418
1475243628482240514
1474313783661240320
1476308043763785732
1474725068341141513
1474296201415741462
1477000116745736199
1476999716856635402
1474122185677623302
1477019275659522051
1474875486643924995
1474709931261579265
1474401794205929477
1474685770975916035
1475171006406868997
1475171147562029060
1474378413800660992
1474290662166220817
1471272817178066945
1466032897031352323
1474700280797224961
1466537923743039490
1475231965590790144
1474293487243866114
1477010291821064192
1474393834197069827
1474147424855891971
1466769906968449033
1474420736089591821
1475170863095894022
1474336052592754689
1474326340866293762
1474676152719613955
1477009649845084165
1474170096780292098
1471638470531727360
1474378253481783304
1473990111566176265
1471993439956971535
1466129861756571654
1474719117798252544
1466937611709259785
1474705266423873536
1466926670351372293
1466057009065832461
1475424946025336832
1474715415834247169
1472375536689332228
1477035446295273485
1474270402314657798
1467101471779041289
1466927504975880193
1476904785106411524
1470995665786388480
1474988840494546944
1474298008988798980
1474302652968222720
1474375238125297671
1474691825332011008
1474302261274816513
1476293412416540672
1469070320233598987
1475395859785342978
1466908100221456386
1475209151454322690
1474102001256521736
1474378879699664901
1474111059288076293
1471957118878109696
1467142043508084743
1474314463285235718
1471028204064411648
1474425624001450017
1476291600854786053
1471959305868165123
1474445148947943437
1475199565489913856
1471945256488914954
1466911104005820421
1474158478230962178
1466745873887604744
1474072790630387724
1475221803949768705
1474293918502211598
1474830498639851525
1470928342320877575
1469433052241842181
1475243603890999305
1471956820428214276
1472137936229515269
1474067004499927045
1474659524485210118
1474304481181552651
1474787718777520129
1474375151915618306
1474298527736123411
1474120861397528578
1475168581046480896
1475179827036622848
1466016095589085185
1467078048218550274
1471968514864988167
1474286533490393091
1475170368386179080
1474450872650326016
1466643497226686464
1474422256029908997
1475792076403097604
1474346780854788118
1475209584507854850
1470723574629609472
1474352747227062296
1474100976223203338
1474080349168803848
1476846764560986122
1475183016909627401
1475402440757366785
1475461101429084165
1475403486045130754
1476604790457131014
1472125666489479169
1474292170861469696
1474853254521622533
1474830192992571395
1474497139325771787
1474303397302095879
1472200655792226309
1474706026331086848
1472265256613392388
1474188728130314240
1474295654759518223
1474287898149244937
1474728960097456130
1475205961363210241
1474132866120491011
1471980960329740292
1474146424610775044
1476175973838200835
1467149298248859657
1474374372051886082
1474853721007927298
1475455413336354817
1474135720780607488
1474340333970411523
1469433356765040650
1475074061520748544
1467131798534737930
1472562357394198531
1475359539226624001
1467206541862391813
1474294406756945953
1472264269836300298
1475170505447591936
1467097940485361665
1474151807589011461
1467139418976890882
1474807825176137738
1474298444328095744
1474293769923186707
1475172171660017672
1476133860463239170
1474430333877690368
1467049877859446791
1474114017732042754
1474744592578883584
1474140082198229001
1475199920294486023
1472224928065888256
1474800020901838853
1474102853040066572
1466444437442244608
1471953573219115013
1474094265848549379
1477002995611037697
1474671850114502661
1466944349594341377
1474705249424322562
1474288128420728841
1466664850990551043
1475202656780140546
1474420353682354177
1467100906491633673
1469702280316346376
1474183649989955585
1474302406695477252
1475275528164806658
1474698013910130693
1466917237583978496
1466734160450568195
1466651717378924546
1475232139499261956
1474089489073123331
1474844651421151245
1466252597598334980
1474380568305483794
1469425623579901959
1475169272544509954
1474410417942405123
1466718028339589128
1468110265363402752
1474425356220309505
1467110195994284039
1469609682004234242
1467097255169740801
1474549187098386440
1474671118288052230
1475430141077737473
1474336483251265537
1474830128647659522
1474373494544732164
1474076315271983106
1474767374838640643
1475078821799989248
1474355735823851547
1474184275134197767
1474306321532997634
1475349605378367493
1474153770703634435
1474772110115581956
1474917667924594690
1466531790328418304
1468808931212419072
1475078765399056384
1474707846117961731
1473883264108707842
1467054427320332296
1470770767411523597
1475408689838411777
1474100663432929291
1474506441021181955
1475186496214908935
1475318384334184448
1474846143175614464
1476861006001414184
1475194611085754368
1474137058323095557
1474309133721645057
1474161897582825472
1477000076669161476
1475171188905230342
1474320100320854033
1474833874299625474
1474432507328270353
1475205302828113924
1474283408931135489
1475586328381247491
1472189383218548738
1475178906248519692
1467168322861023237
1474319102030356480
1474843188418551808
1475190571652325384
1474975247573127169
1469012285213618183
1474313624684535809
1474091017901064195
1466536384462671873
1474333882245914635
1466670569290706954
1474345594462392321
1475212210205036554
1470354293383438342
1474292012392366082
1474795148542451720
1474075472950665222
1474368526857256962
1474193326337318916
1474149449656119304
1474116910702751751
1474367901553594370
1472151310988619778
1474141811975364616
1471988852508303365
1474693339756875777
1471003780456099840
1471258799210119170
1474301040694603776
1475470408241532929
1467062167312732163
1474349405948026927
1475205285232926732
1475121363451097090
1475219471275077640
1474300673768542256
1474163892066693125
1475106697249181707
1475172813732519938
1474301175910617098
1474703611934482435
1474105056551125001
1475706477222498304
1474319776235327488
1474299838732898305
1474107300633849860
1471948084624216065
1474177494941159427
1466959860755537925
1470743286507835405
1475217695092191242
1475394407176224768
1475172278715531270
1477038049200689155
1475138944224444427
1474452734610919430
1474066373538205698
1474418849793679363
1477031363673051150
1474274697827213325
1474719236690006018
1466673708098068480
1467073061316927493
1475235558754500612
1474302588426375179
1474302550111367174
1466920597120765958
1474287292990828544
1471627019335176198
1474717998585888770
1466986057724043264
1474074731288666112
1467105913785966596
1466535688552259591
1476612771525574666
1475115113560612865
1466937130794500099
1466089303885467649
1475045445638537223
1474538544811159552
1475254025587146754
1474306024752435201
1474303884113940480
1466665142121234434
1474687313187901442
1477042896444563457
1475360222919208961
1475166373361893382
1466059835502481417
1474071637704286226
1474147101697261576
1475079498752315395
1474850031098376202
1474673539433308163
1471035933474570243
1466692905565921287
1472136728584544257
1466908010744360960
1475171606767013896
1467025939821469696
1475392488940740613
1475204379980578823
1475231105691312131
1472481959205122048
1475241857328324612
1476613602568200193
1474119928374611976
1475178236090929160
1474327800194777112
1474838979941916676
1476231495815729152
1467203499280805893
1474366933650837508
1470778502463074318
1475232732141731842
1472087935499571203
1474633192573394949
1466910202482069505
1467886900707008513
1466928839414755332
1475224054462353414
1477007062764867585
1472195434387054592
1474302967968944145
1474088174322393098
1475185996731932679
1475184769361231889
1475429929852538883
1474326271068979216
1474261665407455235
1474372439052275715
1474152779455381511
1475179548383883275
1473812876683005954
1474329018598146055
1474251342067679232
1474680992979992578
1474300232498397185
1467883273640685568
1475336787291688960
1475169870224441345
1474105751190790146
1474855137625747457
1467053840218431491
1474293055977148439
1475209179912708097
1475251042665254923
1467135162446397443
1475054106981150721
1474851843960446985
1467225978615304207
1474105937879252993
1466908278210838528
1469451973845991430
1474430899815125027
1470449437784875010
1474066608435965957
1475204376360800260
1474320238627987456
1474795341212008460
1474831233712640006
1474287238733352969
1474467302959730698
1474334293249908739
1474072316472705025
1471946395762532356
1474345954824364065
1474724862174404612
1469032832467193860
1475361327350702089
1475201187431555080
1475115581485555716
1474425392442314752
1474068181765525517
1474446392114438144
1469586951888154624
1474069477042147337
1474313280659374086
1474103271618920449
1474493081978388488
1475110471673991169
1474138406749937666
1471911946198859783
1476427400179290114
1474071679836073993
1474346773888053249
1474731574793052161
1471889369590030344
1473594646337138693
1474165493539950597
1474108381644402688
1466925915716427778
1470399236277776392
1471740285302583305
1471950259479883777
1467041441599873027
1474331042890891282
1474276481186607105
1474312600250994693
1474074945810571266
1467016992041451525
1477001552158199808
1475180364176011274
1474317327768379393
1474277923540590625
1476335723733303296
1475086519421521920
1471949379485458434
1466669566835273730
1476137590717775873
1467109224673075206
1475211949172527106
1474289930557927430
1474851943365365770
1474462815394086919
1474326254803468291
1474131188688293890
1470444226739585024
1475071979468337157
1474371808807763981
1466003057997717505
1475651994266353673
1470093929257316354
1474621705616334849
1474313860496736262
1469426876078768131
1474291496346177539
1475362632534315011
1474850026581078019
1474284615581974530
1474333461607591936
1474359775228043264
1474344284329549847
1466945332982517764
1467087641179041794
1475206653725265925
1475201186936639493
1474313854624710674
1474384868712800261
1474404747469889538
1470347767633649665
1475173092578283531
1467266510695579648
1466873968191844354
1467071891483639808
1474297651764117505
1474103985275559948
1471627428913102849
1475399185004482574
1475184024603615234
1469435996232032256
1465954502872338437
1474070908046389254
1470825537157406720
1467111278078533638
1474319623516565508
1474832634815655944
1474489123792691206
1475401121283907585
1474155159030747147
1466516978072498181
1466668638014873600
1467142696544387079
1474317677544062997
1475236864512741381
1476865728183738420
1474697003011612676
1475215852920262663
1475187537899573248
1471966710437666820
1472889624951504896
1474296924543016961
1471953825632329734
1474134169290690573
1467066910839918594
1475086600820428803
1477002600843255812
1474677377397575682
1467050293036736513
1474705546171326472
1475380035741798400
1467155580653654024
1474379681147367424
1475198378581626886
1474771907153117184
1474108387508076544
1475254823276748802
1473807225865003009
1466909052353617926
1475184134909837315
1474277846017269776
1469024991589158915
1474431421267775494
1472241420949991428
1466880944774782984
1474825568306741254
1474920236772216836
1471946490373447688
1474315508426194959
1470106574752555017
1474412114274045953
1475182171342225411
1474389409835495425
1474126600333672451
1475244519218106370
1474699137161768960
1467094872440164355
1474447304375554058
1471728419780104197
1475228295599898630
1474114467516633097
1474195745179942916
1474742052697030659
1474667836715028480
1470717373703507970
1468896578769494020
1474377635211919372
1477008769108398081
1474099254150979585
1473385044903399425
1471969360260616206
1474329987071328256
1475149030447628294
1474426988475658241
1474311572566724610
1474706727220228098
1474146499428765700
1466737885256761352
1474085671719604230
1477002958042800133
1474328350122557454
1474105242904113156
1467126118025207814
1475089585302650881
1469008061150941185
1474671735001829381
1474105657213308931
1467073909610663941
1466531838621536256
1474344942084538369
1474739704549588995
1474384813096325126
1470831737303445505
1475188901136449536
1474431944364593157
1475472037519015938
1474331267818831880
1472082315127963655
1474068949381922833
1476291956611457039
1474332517989818373
1475179982599163905
1469424921470246919
1474869730716655616
1474108289914916869
1465836771120455680
1466799563126226949
1467048088195981318
1476502061118283779
1475296580223868933
1474299023448330248
1475086268488990724
1474114754327232519
1474396656871354377
1471949348040761347
1474336579300827138
1475163035597778944
1474300179125882901
1475114880663539714
1467094341034332160
1475190131179106305
1476259443490840581
1475072435082993666
1474439761662205952
1474499881922400262
1474377307263483935
1475025393837084677
1477011879528644611
1466666370226016256
1465879740817018884
1474362601572286480
1475072220569427968
1474350629439119365
1475228741848739842
1475255259291426826
1474810991070392323
1474137795639844867
1469428097611149312
1469707932191412229
1474400771982639105
1474131836968316931
1474838348053331973
1474426762352369664
1475178481847881736
1476488941843152897
1475221034991239170
1474384665981112330
1474736162082332678
1467197136664150020
1475367774428016646
1474071831845998595
1474141314170171394
1474317296952918042
1474422047728181252
1472264026713378823
1475192479649513475
1474757304641900547
1474358405062144003
1471984313688379401
1475075983585824768
1474572598889615360
1475411128830382081
1477000309511761925
1474714675598213123
1474358195833704453
1469578677604306950
1466721104098217993
1475565278868168705
1475171238117060620
1474112517643411456
1476173691801243648
1474104913475035139
1467169893560709122
1471946867416125440
1474178967351537670
1471971866948640769
1467101388584980480
1474283842890616832
1474410333532000258
1474803582356623365
1476277888487989254
1474153735161102346
1475552774976856068
1469620952950579200
1467778822573543425
1467301316758224896
1477000962300645376
1474295045784326153
1475170267232194561
1474460652089581570
1474294240557649938
1466950075704303618
1474123410838106113
1474110312072847381
1475384573341184001
1475268626827685900
1474368305989304325
1471947386956263436
1475187352716955652
1474729180889862151
1474683242611724288
1466926468093648899
1474293016126967811
1472457626348838912
1474832705145774086
1476858734609588225
1467577130427064328
1474294100602101761
1476429976790609921
1467628090033684492
1466909655930707969
1467099296763990019
1475552802365743108
1474101472866545669
1474331914249117707
1475146735177461760
1474139035845238789
1474273241099296788
1475354966084755469
1467071711627591683
1474329620803731468
1474688656573091842
1467060691857195009
1474291711740456961
1474688000126763016
1476309714292162569
1474156068758511617
1475183957541105673
1466539927575822336
1466066489388240899
1475080654832513032
1474184465471651849
1475065344939245578
1474838888434786310
1475756087433441284
1467155858618519557
1474301994479329280
1474211113961148427
1466064207540113414
1466573213358452737
1475109764455706627
1475180024772939782
1468659876452872197
1474306501711962115
1475159061389791232
1474275487765651462
1474096508970708994
1469818449849462787
1467436825346289665
1475182397998125056
1468085849363517442
1476207577327452163
1475186822691106821
1474845634998026240
1474256729709948929
1474431075220922368
1475429013753638914
1474205299024269313
1475079075211485189
1474130022579511298
1476294094200745984
1474292255800414220
1477000958710366208
1467078116145303563
1475411408821137409
1471947161457860610
1475217701547253765
1466911654759866373
1474380074157805573
1475078847351640065
1466543870498377733
1474392114393931779
1474107304832389120
1475172711559225347
1474103418193121288
1467121031022362627
1474111661606846472
1475374600477450243
1475247465410478097
1472103160865071104
1477064287831138305
1467042504470056963
1474789508843462657
1474326905151275032
1474125054346682372
1466912601938567171
1474090819103637518
1474151501169897482
1467087303680172032
1475310609277362176
1466544941597925378
1475183926297649156
1468929516202565639
1466806463263825925
1474077994180399105
1474605983708106755
1474135909637496834
1469451274869432326
1474809474451922955
1474398828585525256
1474393211607126021
1474146573550592006
1475212174624702471
1474105667225018380
1474150086615654403
1474829864113000453
1474339464780652552
1473946173736206337
1474404669816545283
1465967878218387461
1474393731717550080
1474292801127043093
1467011778420908032
1475170882196754436
1475370455439659013
1474416477520420866
1467140553775198211
1475370757551267843
1474304056361377793
1475232238023421966
1468489037526806533
1470795683766714376
1475182545570615299
1475355019029450756
1474314258972295170
1474511859537616898
1474366055770476546
1474303218645717016
1466603575098888194
1475170905257095172
1474112922427211788
1467037921257660417
1474374889406672897
1471947004414775296
1475280484636758017
1468628591625781249
1474723314379767817
1474681537954291718
1474131239187755018
1467172698136662017
1475636244914782211
1468540237102161922
1475185623124348937
1471016326940573700
1474403241911857153
1477018700251340805
1475362812277014529
1475212365729873923
1475172109731217416
1474768819348512769
1474351541150752801
1467895589337767946
1474121429801127947
1474793410796011526
1466680859868729344
1474350210096766985
1474849412409085955
1467101205335785482
1474275089038336026
1471950166680821760
1474511768290533378
1474110741204680713
1472169328091058182
1475177827465105414
1474315714488004611
1475190590987976714
1474572563393171457
1475236770094764036
1467086491897802760
1477006188629958658
1474108593372868618
1474313404856815617
1474110583268065283
1466790988576444430
1472269451454201859
1474727316211314692
1474087326313680903
1474698211600355331
1474420967657115650
1474279118569103379
1472176208767070209
1474731373386780677
1474372241873907712
1474076829904474118
1469428021325090824
1467017908635287553
1474803715043467277
1474359500090052609
1474273252335837193
1475173668787523589
1475216545366298630
1466915462969765890
1474100740331388936
1474077756258459648
1475081192596717568
1475584747199946752
1475207211416793099
1474120307279646720
1467117783389548551
1474424170201202691
1475187069744037890
1474850766053597188
1469032284607197187
1474302252835917867
1474426942833184770
1466711483723751427
1470489846242328578
1474128211848187916
1474851446466170882
1474251750068703232
1467157748072828930
1475215898373992458
1472485233278824453
1474526991223336962
1476294806045405189
1474080297465565191
1471016224595263494
1474290286897606658
1474424610452131842
1475134549332049931
1467200286334803969
1474728038831214596
1467095622792658948
1466065292967092228
1475183198753669120
1468602848351068168
1471946932511723521
1475119352697528324
1467011816391913476
1474145302642843663
1477006667707527179
1474287176254955526
1475201809887154179
1474358640186429448
1475490388723052545
1467145294185967628
1474148836201406465
1474741554493501447
1474278873416323072
1475510021899395079
1471946396580425734
1475363382547173376
1471947729433681923
1474285796224077828
1474146338736648192
1476292284824104963
1474291952464154631
1474423498424651782
1474345988387184644
1476865838678425602
1474161195246620672
1471945658454233093
1474190059029078019
1475177767109021699
1476292411336929281
1467275057982414848
1474071779706646528
1475171552538906628
1467536130337869825
1474682377318322181
1474142400545271822
1474675242232655876
1474130039792979969
1474737146317713409
1475187577128992775
1474477776614957058
1466028622184079373
1475363057249525761
1474780638200967169
1476999784980439046
1476187520337596420
1474797563027070977
1469432780035608577
1474453073045164035
1466932256363237379
1475373364269178880
1474319728411918373
1475566406087413765
1472293283934224386
1474158448136888332
1475170028077166597
1474361734320242697
1475443438984249348
1474416168077344770
1475178011733409797
1474287005496393732
1474074712397467652
1474068200048537608
1473011655642697731
1475224692181057539
1474297861315698688
1467045109690740738
1474806714683867145
1474678408265281540
1466742401893126148
1474084467132223499
1475173079903084549
1475594530829312005
1469579974726365185
1468910127499649029
1466695443274997764
1474300982863540227
1469938408860618754
1475388039392333828
1467065143309873156
1474108307845562379
1467050395717586948
1475170157098147843
1474175647111073798
1474530006940463114
1474115965105410054
1474154949361741827
1474137778980110337
1474108512284426247
1474309598794469384
1475334439546892289
1475235427015659524
1474806325637005312
1472190969613279238
1469048487027392512
1474818417832173581
1474119662334099464
1475190811792920586
1475431257253232647
1466669422165336067
1474113980423716874
1467102812798689289
1475087593381535746
1467075195861184512
1475169155527716866
1466907756661723139
1474677745703604230
1469434738129653770
1475217825073713157
1470097728202018817
1474378329520234499
1467209184538238979
1474076425116430345
1469581959936589834
1467144174264889348
1466793878313476100
1474336627359162373
1472321330934689800
1471956515913297920
1474238485859078149
1474119052540928008
1474321397765881860
1475183671183388681
1475239700130635776
1467103374021693442
1474377635715297284
1467171445780406273
1474084559054589952
1475189610020065280
1474645603657338883
1467058850574524418
1474091034695155716
1474760655131619328
1474102985479364617
1474105721604218883
1475723164823035907
1476516221587759113
1474756589638893570
1474286366557196289
1475714667418992644
1474766685408276483
1474431238605836295
1474897230830227458
1467163646186905602
1466667667247538177
1475255496651251718
1474435723008880649
1474118793714675717
1466532178217431043
1476857572179197952
1469447211847200769
1471972537047429130
1466908032286265348
1474288514930036745
1474294927295225857
1474874016284434434
1474652023417192450
1474553222660599812
1471627989502857220
1474339324674162689
1474365466961485824
1474347203338674177
1467231263681560579
1474406764586151937
1470756228229967872
1474343155709452297
1474092559991517184
1475170567577870348
1474855064288251913
1474853361782599683
1475176933575081984
1469425150357561345
1474802026609528836
1475168243367264263
1469278540738801664
1474324476754116633
1466014690312704011
1475238509262819335
1471976788427481100
1474320540173312007
1474145001890361347
1475181962008707074
1474389389581168651
1467086100095250432
1474286015963709443
1474298366679044103
1467055668033171456
1474460158608789510
1475346599081648130
1475120628055384064
1474267189360406529
1466720128603672583
1474180164565311493
1475367104723435526
1475453536037224458
1474298725602414617
1475222478192525324
1472323317298253825
1475351113570340865
1475178764032167946
1475170468781084673
1474385507031339014
1474303582388342846
1474353650545926151
1474074083973382158
1468950728873943046
1474258669135093766
1474696735855456256
1467123866833235969
1474068393867333632
1474854073346240513
1467458968469573632
1466719996130832385
1474353264699318280
1474543366343901187
1474138866911174658
1470830792238637056
1476163989273202691
1474415035933990923
1466897534094356484
1475169808970833927
1474311822962397184
1474304928558600193
1474830098511630341
1472124896545284105
1475203969672794113
1467103856450486277
1475178423798673409
1474094177562546186
1466947183920484357
1474488444437114882
1467430527166734338
1475244668975824904
1474113951046717446
1474422071530860546
1474112295303319555
1477064607533604871
1467126501581668357
1475127720271138818
1475277176736030732
1467045265496551427
1474112539969605632
1472600472196468739
1475192876812361728
1474765344921333771
1474760261500293123
1468959821810438148
1474068141676417038
1474311615860334599
1475177025782661123
1474404854126809091
1468321605155704843
1475781354503774217
1474289396157399040
1474424643968811012
1469426029399724032
1474686396090757122
1467142700671672337
1471947515381571590
1475085300602920964
1474673366007226369
1476657950261395467
1473344173193453579
1467092007822761987
1474120867642814473
1474298032887943169
1467052728421687299
1471746867750920195
1474433190831878147
1475169529168814081
1476163072192561156
1474355418369564690
1474422580157329411
1466474598501916678
1471953959480872979
1467078616441892869
1470360396074819587
1474142243720245255
1467079585036701698
1474499250717397003
1474424995753480197
1474404203925839883
1474219203066576898
1474102103064858626
1475554247454384129
1475741735099801600
1476400425918214146
1474077579099443214
1466951564493533189
1476288290261291016
1474247296011415552
1466944596701847555
1471946224483905541
1475078840686940166
1474824000601792512
1474360886408237067
1467150414697086980
1474206518362918919
1474548487266226183
1466921229768695811
1475508794331389962
1474313333633433611
1474341609697333253
1466749266475507721
1469465716646715400
1474303119790166044
1474111961587720202
1474452775199252480
1474366873089228802
1468358842882969604
1466014223234965510
1468563017101189127
1475310890060812291
1474288653459509248
1474282039507574785
1474203753159008257
1467030929520705541
1474667365921169412
1467512071805878277
1474442912184381449
1474788410216828931
1467013260411080707
1474309804462125061
1475845163020951556
1466713077857009669
1475393632240906244
1475200064419205123
1475265105050935301
1474313875575250945
1465960101622296577
1471945091203874816
1474833910802657292
1474065446827708428
1474386257744699396
1467271715759824897
1467038161880682497
1467174678003429389
1475136524488527875
1475556310645157890
1475209791207321606
1471969832581091339
1474483866542948358
1475216892847656963
1474371867444228098
1472137081849880580
1475113586041278464
1474681246521434116
1476291941390299142
1477001315918266373
1467055159016579072
1469464046063829000
1475445106492719105
1474132500351967235
1475180436695441419
1475836785838153730
1474260004303691792
1466851827882860549
1475175369565212672
1474401684717715458
1474288105347862529
1474145294971551750
1475171624647340037
1474279626033799168
1474236630475157512
1467420174022320129
1466914488964288517
1472105324689641475
1475424350354423812
1475343248205955073
1475112502660902920
1474418073914458123
1474771112668053509
1474375935751335943
1474306252478074894
1474297750665986052
1474149270676717569
1469036400796385287
1474200446545842189
1474108172768063497
1474125347117584395
1466752903184531458
1474392507295440896
1474106735237509131
