1414693084714184708
1418156520441798660
1410965896873533444
1412099978206535696
1414699229658943493
1411199280023474177
1412179159653224450
1412216916060606467
1420346562455097348
1412192717329907712
1414847250518495237
1421014319693713414
1412103428361408518
1420657903598514177
1421223097336799232
1411682604848402435
1412012948898385923
1420337067696050178
1421071509347618819
1420771651411644425
1412089978188926977
1414918662507614212
1417074740477497345
1412028079950663682
1420333420769693697
1420299382512099328
1421011046261829635
1412290557443981312
1421129682473345028
1412344372935512065
1417506109833814020
1421144455189569541
1412174779319296012
1410930770693267456
1420324943426883585
1420131218650173443
1412081259183022081
1414856459691626496
1414704305303609350
1421071123899371521
1412395334756671493
1417102738694025225
1412110672520007694
1414840185829928961
1417576751551680513
1420280603363131393
1414780970402725893
1414823067222687747
1412502410447179789
1420767950974369796
1420312519470731265
1421524354643505156
1421218391088672773
1414732175589748742
1420341034681262081
1410698551567454214
1412098229244661760
1410900098465271812
1421149399670005761
1412145949611335684
1413549289880670216
1421597849511501829
1421011261421203462
1412074074063441920
1414842666337161220
1417862921024122881
1420366518139957251
1420329175534084104
1420335199519481863
1412309039938162689
1421042864457388035
1421443996560285706
1412139112056905733
1412280834745319425
1412178003061260291
1420373300044255233
1412122210488233985
1420009117318586382
1412085675973808131
1420351865527615491
1421330442179985416
1412170248791470081
1412112475387052037
1410971951485628417
1414973708255567876
1410905085874425856
1414706244506488834
1412099481458417670
1412315644612296708
1412263988587646983
1410825133208621061
1420492181664587792
1420423289042874370
1420419011137900548
1412092040645578762
1412144468610932737
1412143499328299009
1421173222335189002
1412153658863763460
1412170424725786626
1420377998201696260
1412097107473973251
1412146126917091329
1412110587518201858
1412778669916016641
1412346894047711235
1414962233449271310
1420994221520064513
1412272684583510029
1410978523045679110
1421583960094781440
1412759547740147719
1421039144114003977
1412139495152140289
1420308330422095872
1420384850939371520
1412096265593266177
1411648360486948865
1412105248269819907
1414802658247028737
1412107474631593993
1412329578484449282
1412170055484383233
1411648843314257922
1419967345875984385
1410978438589161475
1412863045660033025
1412122782960345092
1412316958092148738
1412399611713671169
1420306166110986244
1412083493811757060
1412139460226076673
1412335126739050496
1412329819963002881
1411205692959174663
1412151207708213257
1420278929567490053
1412317591905865740
1421545333771935745
1420314895158063106
1420629858758049792
1411012573835710471
1412380892694204416
1420323339474808833
1420006395450114048
1412180923337019403
1412126204686176266
1411035286465826817
1411010865248231431
1414695797736845313
1420338345335529472
1412348216125837319
1420488853585006596
1421017922080739330
1420300599405555712
1412268046371201029
1410923362013126656
1412142176574836740
1412029153906397184
1412260662802358279
1410917947787427840
1413167951650373635
1412148797317259271
1420335840497184770
1414508568162836480
1412134884416667649
1412157301528711173
1411005965592371209
1412187202671591424
1421526358853918720
1420297270982070274
1412756539677552642
1414832118706933768
1413447757415608320
1412036617624342530
1412261769154859010
1412097845008683013
1421084633828048897
1412305201462136844
1412353371474964484
1412317894021681155
1412278730219732994
1410914472143769600
1412146999860752384
1414931272393183259
1420739233417891856
1420341040503037952
1412114437805383685
1412085738267721728
1412096417192161282
1410908060411912192
1420336976650285056
1414699764323598338
1417812853311082500
1412323003199852546
1414826576122892288
1420424827370942469
1420325255923515394
1420467884204204040
1420390852791312386
1412784902697783301
1411016020500922370
1412091758633263106
1411032445873442816
1412143235544371201
1420404357053431813
1420384512329109508
1412020322379964416
1411649871778570240
1414718008451289098
1410689015926435843
1420439219441487879
1412168764376952834
1414846768693620744
1412400156633354246
1410585483974000641
1412207031575101441
1412140763090141186
1414703057275920394
1412278125824720898
1411691410986876932
1412120600978538497
1412146787863891973
1412139048009875457
1420972583235854338
1412132841723465728
1420669203611373573
1412160125746434053
1420423566223360003
1412282587972882435
1411051728523431937
1411782680484646918
1412304743943266304
1412318964634488833
1417118199397683200
1420345152120500231
1412271689132564481
1412107561910812676
1412176511612948483
1415659111266541573
1420866529290301440
1419219276838449153
1420297796750544899
1420689603724550151
1420298310431252480
1413441066234040326
1412036764848513024
1412025561258549249
1414811741461139456
1420492534053285890
1420424443290079242
1411687594828697600
1420420374123139072
1420401885605945348
1413126810095738880
1412005301453209600
1417096055645163523
1420351215741845504
1412135576908832775
1420405896207863813
1412505872350199810
1420359122130776068
1412095029062033411
1412297200537849857
1420336131510505474
1414692855847825408
1421397965911076868
1412289750229209088
1412173849962201094
1412504230783598594
1420497142267920395
1412139420145393671
1414893275492888614
1420558017507086340
1411662802067103747
1412131083039162374
1414942879575908360
1420385815029587968
1414838954986254341
1420293266143055872
1412175874066165768
1412135982682546177
1421045136574885888
1412123878483243013
1414716528021413892
1421277820123242502
1420346420062720004
1420426460687474691
1421486009603219456
1412122369032953862
1420660981613670403
1412418061093715972
1412332548571734019
1411627529916469249
1421132631421460482
1418510062675365891
1420349497838915589
1412087813982539779
1414857770923438085
1410960294365564932
1420334955654270979
1412097255671279616
1412093785241174020
1412197308230418433
1412084369125261312
1412139019442532352
1414718136742469636
1414834934028582912
1412130487758426116
1412112790978973699
1412139628807720960
1412391329179578372
1419620846101045248
1421011147969507328
1412127001297797124
1412037404635058178
1420412521501036546
1411572039849238528
1412169365869449218
1414821195824959494
1421119304867663876
1412157356516032528
1421121913175281675
1412092542083031046
1420344347216732161
1421477295106232324
1412465171134664704
1411300875918794754
1412319974627188737
1412134208978440195
1412101386909544449
1420368484165464070
1412082464521064448
1421219142070325256
1414680226668367872
1412333458714681346
1410869908561436674
1412339425321885700
1414709993262227460
1411211086309830658
1412088741385097216
1420876100251668481
1411567602581843969
1412282550567931904
1412138511185100804
1412281386078179329
1413305705545748483
1412155859703042048
1412301842990698500
1420305644456919041
1421055093533782016
1412139836107018246
1411061287782604803
1417213726718050306
1420341076049661954
1421117530089926663
1420346356988878848
1412301102373089283
1421208511112007681
1420325611034365952
1420308341629333510
1415445006056296450
1412188020724408321
1412137788166791170
1412136322588987393
1412011018675494913
1411694312958595075
1410583305007898624
1417181201283133442
1421525864873926662
1412210865059909633
1414693794306473988
1421081611974623238
1420352847254745094
1420746957471895557
1411623942519988225
1421056799206264833
1412157171635310594
1412136690416766976
1420304456894275588
1420337991910924290
1420299532575944707
1412133551873695750
1421452187679461378
1414749043318829056
1412118343604178949
1412094600647483394
1420369677356781569
1420869653597929484
1415322121291636737
1420387829297958916
1410998725980348417
1412863553913098244
1412137027471089665
1415235249827631106
1412156837772894211
1414747424959172616
1413101292009005056
1412323132942295041
1414967201904402437
1420292812042551299
1410640978273353729
1412120225106075648
1414330800665989125
1411677665384304642
1411471864539533318
1421232582797283331
1412097847290384384
1412117788718780416
1412347716227764227
1411784173128491015
1412126160599781376
1411653971110936579
1414239306873442306
1412100687027224576
1414695738089558020
1420290228443570178
1412309687601569793
1412316147140206595
1412176230925934600
1412146545957523462
1412091413420969989
1412020023607140355
1420300554090303490
1420399495964209157
1412154488656367622
1414854871178784770
1420337201380999169
1420500953137090568
1420296098321735682
1410980891107725313
1420347578957316096
1420498860464648194
1417893090317176834
1420422783910219785
1421266523453333504
1412152837199519744
1411838163237146628
1420412730599780356
1416667322857689088
1420361341785841667
1412087451095609347
1411058042511233029
1414847358043664384
1412302162160455680
1412116965360115713
1414692153305993216
1420317215405056007
1414877960784556059
1420334538597732352
1414809384060964865
1412018402630242304
1420340104267276294
1412144403007819784
1412322876099792897
1412415146811666446
1414978780884611082
1420472999086538753
1412454635462443016
1420336977300365312
1414971904486563844
1421181004077731846
1412306402140471296
1412098012793421824
1414908231198126081
1414833167203246083
1421121406113353736
1420459002622849041
1412177155522433025
1414729966676238338
1413616147799449603
1411660643506311171
1420294541123391494
1420431918047404038
1412082609899851776
1420314715973165060
1412130493756289024
1412124124630196229
1421544496601473027
1412155895082110983
1412155844549136395
1414693436180074497
1412664145619587077
1410901000374915073
1420890247307698180
1420328219383894016
1412050047261368325
1412120197117485057
1420392686943719429
1420148258115137537
1412159267843497990
1412123284750077954
1414870169831321602
1412374034357145600
1412146387760959492
1420409186614120456
1421058748123070465
1420391537133883398
1412146464252387333
1421079791760027648
1412158882240139267
1412310597111255041
1412083733251903488
1412312430181588992
1410640504224718849
1417088497236811776
1412376755516674049
1412274075112726532
1414984727254212608
1414971998522982415
1420310618956050434
1412367538294603781
1420353800192372737
1421159928694255620
1412159450807476226
1420295505196765186
1414691476664164366
1414697617553039375
1412326688831254529
1411574490069454852
1410391336948277249
1420343308392570884
1411355262645047302
1411990158258409473
1416766093314625536
1412096586830729218
1412138882783662083
1417501305078177794
1414708321622401031
1420297738898616325
1420015869460193282
1412912234657763333
1420993175959719937
1411620423029215237
1412100813909069831
1414829110690553856
1420396256506138630
1412303363618791424
1412415231196868622
1421037744579567618
1420738668684222476
1412317695241039874
1412128121550159876
1413141463756468227
1420435097002643459
1412097758266232841
1412210147678691330
1412129375928078337
1414856283686068225
1412133779951521795
1414970214886768647
1420379922376298504
1420401443186610177
1412316970729586688
1412126583142420487
1420437242233905155
1412083171932393473
1412166385489350657
1412155955723313154
1411934972177489923
1417863213002235907
1420305041043435524
1412131486900408324
1420352952288620546
1420396819339689990
1420010514319646731
1419631747575255040
1412139942701056004
1412327691857104898
1412151574995025921
1415045923110010883
1412157730731794440
1412097031837995014
1420660326270476296
1420403435841675271
1411053174119620613
1421206687298555908
1413007805599129600
1411674592612077573
1421171619444187151
1411311931294687233
1411719407395561474
1411671635170562051
1419674020195143687
1412279340331679745
1412135960259747842
1412321105856114689
1412146351874494469
1412377251086274564
1412891839531737089
1412104511255109635
1412306466208428032
1411233286115020802
1412239947470364673
1412307886999584772
1412110669370040320
1420428262891835399
1412116558818775043
1420383183863009285
1410929584623738886
1420352554794430472
1420441781259407364
1412364754199486468
1412166930656595974
1414833352750911488
1421009424173436933
1420486379226779653
1420006818391150594
1410930141035892741
1414857030284849153
1412384515058769921
1412279170013478914
1412322790783565825
1415393376464166912
1412117269535248389
1412732479295852547
1412233775631593475
1421118509417893891
1420297809132146699
1412152643171098637
1412339418598363138
1420506938459164675
1412113871289135105
1420291468527345667
1412306776192659457
1412076382813884418
1419300965124124673
1420374772899328009
1412165779110436869
1412191800413110275
1414711616436899845
1412110490386501638
1415174972729872387
1412101669471633420
1412082004586270720
1411051444795547657
1411279914087686148
1412082040829325319
1412343629738295298
1412146617310973952
1410973173248626689
1410964528087638018
1414832713140510721
1420408796623654920
1420398819884347393
1420353724539707396
1420347928800108547
1414706063694344196
1414694876302749704
1421047563755696128
1420303634974355456
1412123356053315584
1414694200440930309
1421254464414130176
1412162913901727745
1412352085023154181
1412139185344028675
1411711781140107266
1410985716910338051
1421035890533613570
1412160336925532169
1412311094538944512
1420453405361852417
1420643793536274432
1412198774462636035
1411000062658875400
1412293919434592257
1420375444994543621
1414523566993911812
1414812084651630592
1412145049433952259
1421529676447731712
1418246156438675456
1414719291971211267
1414868590424215552
1412116162255675395
1412138945610125318
1410985718533570563
1412169994486620167
1414806435511345153
1412096745534799875
1410643096975691776
1420374528585256962
1412170102196293633
1412103411013664771
1412133942958952459
1414660858773393418
1412459083278475269
1412155027121184777
1421042830366191616
1412124461625757698
1414851295920394243
1412167269925457923
1414730518990671879
1420424186602921987
1420669896770392065
1411018031334055936
1420393187164753927
1412140871282212864
1420497215496200194
1421040031842582531
1414711352191500291
1414723459914027009
1410926918006935555
1412116320582242306
1412153955606536196
1412328450459848704
1412128778822860808
1421005871635705857
1414933822257471488
1412089860547133443
1421055361902071809
1412037179216433152
1421118414639226880
1411030237773799424
1412315410108719104
1412128051949981698
1414697568592875521
1412101523098804225
1410962463818932231
1420868635023773701
1420343881686790144
1420421502340583425
1414822202852184066
1412126356905803776
1410987795783499776
1415001345292128257
1414720268153638914
1421036182369185795
1412311404988731392
1414937388917350406
1412326790790529026
1412262437311614977
1412176072637046789
1412135246389256203
1414777539386646529
1412142437397639176
1412253421164548098
1412111605123457028
1412115440789250049
1421190368633233411
1420394404745986050
1420342833223983105
1412084635455176708
1417827696885837827
1412151996291878913
1420871007431188481
1411711060546052101
1411006970316865541
1411952383861604354
1414857873599995907
1414789001983180802
1412445868859473921
1412938420784177158
1420535489828896768
1420491495908458502
1412282659846434818
1411044724425867265
1410524465960792064
1414690627674066949
1412371958486929409
1417111602726379522
1412100814882095115
1410907434537914371
1420686750712832000
1414870979147337729
1420454653460946947
1421045790777266179
1420340514973487105
1414709978473115653
1421204153230049280
1412157533905694731
1412773979086110721
1412133033721962505
1420503603178004480
1412094800803897351
1412247954128257024
1420291610328379394
1420049757196652552
1412132966051033088
1412081849820749829
1420414527859007501
1411795497711439872
1411051187135262737
1421190107923730439
1414694974315274247
1412173619007000578
1420278376061968385
1420304803226427392
1412092061084524550
1412290792526340097
1412098561777573890
1410699059267084289
1412127673669857284
1412124339932123144
1420412474080235524
1412469821556547588
1412013649040977920
1420650296561356807
1414857010089185280
1420428108910534664
1414996601567858694
1421424722420633601
1420496133843980290
1420510274340237313
1412310999848345601
1412128990383558661
1412290604009144322
1412332311782244352
1411374346652749826
1420332075769638915
1413483511848206337
1412366986554884100
1412172449840513030
1417391662175772698
1412062809731612676
1417072047084167169
1412284157607268353
1414691176058392590
1414730783512842241
1420835420951166979
1420739439416922112
1420438524365508609
1420377395786395657
1421010639837962240
1414627281029537800
1417367820535541778
1412291437241241600
1412162338476773384
1414695570401370112
1421033208980938757
1421002156933533699
1418017028980551684
1412143913264107525
1411727197530988550
1420340792074309632
1420330029267963904
1420422482033532932
1420359485747511297
1411654488511897602
1410968379301695491
1412139303510097927
1417373000815554584
1412146861637607424
1414908229843365890
1412188532077125633
1417073386338066432
1412375054235672580
1421040538615263234
1421152037018951683
1412756526629113858
1412184110785826825
1420333281644630019
1412161987660898306
1412147515152125957
1421048833107189770
1412174926019190790
1412149581538865153
1420402443486175238
1420701676953034753
1412142041442799617
1420311443778547712
1412306086519087107
1412126198168276995
1412174534569086977
1420546342967992320
1412012309803945986
1421042690687438852
1412427012220796933
1412202904589639682
1411306807121911808
1414717240486813708
1420296698962792457
1412287373073862658
1412535367010590721
1412145094942203904
1411655286260183045
1411295446526578689
1420668225126346756
1412118409018478593
1412172056213479426
1412155015112888324
1412087660882055170
1412284903211798528
1412152396642406401
1412083566033395716
1412136787586293769
1412292728449339396
1414959675158716429
1420324105916751873
1412155404856053763
1412776349819977740
1414711935346614273
1412117185485496326
1412130781351366659
1412096211776049155
1420390542345637893
1412351948205051906
1413090137383260163
1412289712652439552
1412072536452575249
1414282229002428418
1420354320298545154
1412083443710705667
1420432446500347905
1412151685015904257
1414576169438093313
1412181737464119297
1412018984682143747
1414691844374544385
1421186809220972547
1421080804038434818
1412417687192584194
1421521928825737222
1412172720016609283
1421159098016468995
1420379835009052680
1420297743994658818
1412168563381747719
1412145302543519751
1412147649453641733
1412136029461663748
1410845290807111683
1414966698780897281
1419223015460585473
1414742015099670530
1420361640290226178
1412133896431546372
1421489032480141314
1417897466297454595
1412336144256274432
1410690304605294597
1414692935317209089
1414691504145281029
1412284181707689984
1412322223881400321
1412269088672555008
1412100465488187399
1421418206829371392
1412416358067884035
1412253295499001857
1420364407104749569
1420296545791053828
1412021301942816771
1420360757179465737
1412100595587203079
1411793869155540993
1412921404106977283
1412799373361266691
1412521251768352772
1412108831199485953
1412336348154023940
1412151977790824450
1417505365046988805
1420349584891654145
1420296418468761600
1414899792057184258
1420349189326872582
1417964966620143620
1420412719098908672
1420420819679842310
1414964564442112009
1412071541873971205
1412097416128614400
1412052647063048192
1412201501410332675
1420478641213947912
1412116217134002177
1412015255371276295
1412145457539731458
1410664844345458693
1412103201046794242
1421257229534179332
1420362554589818887
1410981894548643840
1417128953106649092
1420371366398812164
1412125555114262528
1420512064230072321
1420467290513068035
1411005508400648198
1421102001736364034
1411658893218942981
1412178416284094464
1420386870358380547
1417069083057696773
1420296182866272259
1412106722211155969
1420999403108712448
1412096403996876805
1412188090257526788
1412114344695980037
1410906081535139841
1420291477368934402
1412082349148418055
1412269633499975680
1412556734506360842
1412318565919830017
1412437333798969347
1412111987178356739
1412132740464529413
1412142388118798339
1420308515097358339
1412117443120664576
1421526034139254790
1414828380126597120
1412079039364354053
1414701058471960578
1412160213881327618
1411100333208748034
1420657714473193476
1411660468654153731
1412172208806498305
1420337418738274307
1420293483995217926
1412171163736891394
1410915512238886916
1414690779872874497
1412145455367077897
1412039452898308100
1410906366445768705
1420299149187092483
1412464560871817216
1412132235931701248
1412111774195798019
1414698599242506241
1415080455423107075
1412096261478551560
1412175712803504130
1410882262581796864
1420649539367804930
1412174768808333315
1421359725799694345
1412306412819132420
1417865332019142656
1412100814005587976
1420468642752434180
1420336160245796865
1420345106872295425
1412362144981700609
1412178033042145288
1412126918195941377
1412185794870140930
1416677631328665602
1412426165571227649
1421224901856333830
1410900477202546690
1411018834618818573
1421077122974724098
1412154042227335169
1420469795485634567
1412147360340353024
1420362780490731523
1412138672342831106
1412737697555402752
1412293232634040320
1420978433094557696
1412039219657256965
1417434476058234904
1412084181669224455
1417554191363592193
1420332532197994500
1414704987465261060
1412309952383930368
1412330834619740161
1414825053385117698
1412464856662515720
1412289955741814789
1420501523172368385
1412136896457740291
1412112332155674626
1410894618888114176
1414479613162569728
1412151681668816899
1420422075534258184
1412089279703048198
1412019024297435147
1420141285894148105
1420369118755266560
1420489752126631938
1412149610320117770
1421090020266496000
1412129069253136387
1420790412931960833
1412848942212075526
1417118023731744771
1421457885758898179
1413007007779524609
1412706634346946563
1410941481150451714
1414745296387690499
1420384101492723714
1412881367571091461
1412381451111354373
1412126434873720833
1421149428006760451
1420330363621101573
1410921094865993732
1411971317432193025
1412137792835096579
1415194604505387009
1412282667324919812
1414724159192567808
1420706568459497474
1414723839263641609
1420362062648201217
1417074752783593473
1411452552151961600
1412121935329300482
1412128613244211201
1420149483250270208
1412156069883912197
1412362871758000129
1421138787569184775
1420382316350824467
1414692727380398081
1420559027717689345
1412149626765987840
1412120442048024581
1412328072901271555
1414785780099203075
1421014078093463555
1421274756536545281
1414909870881525774
1420374602891603972
1410629715539398662
1420982693983100928
1421524740972351500
1420299175909068818
1420348988784578563
1412141596037070850
1420297490696441859
1410899093178695682
1410887836102905861
1413090152373755908
1412163236728823817
1420457254487216137
1410867333590142980
1412158900011425793
1412177259830591494
1412101309453553668
1421095674892931076
1410624597532237825
1414880823044722688
1420413011316068363
1412151477053894658
1420491819897565185
1420377576682532864
1417001438002270209
1412320950222311424
1414810738846281729
1420441511402033158
1420340726001553409
1412732112998916100
1412066036346757122
1412128152638341129
1412138310454104068
1412151866411073537
1414814476860280833
1412315120169013248
1421224963571388421
1416766421883838464
1412196158731132934
1412155808780062725
1412169315802025985
1412157217294401540
1420621768818036738
1412744113229864961
1412355279732285443
1412083037173698562
1412127528958017537
1420315636404719621
1412037383940345860
1412083839942410241
1412222713956032528
1420864390149050372
1412265716796035073
1412307442277490689
1412905780953616384
1412127620205056003
1420343066129469442
1412290247866585090
1414708872128962571
1412398351203586048
1420328192682954754
1414930479011221529
1412113191245582338
1420326888497688579
1420397595185328131
1410580941962190849
1421434147722170369
1415536497512620033
1412651059491835907
1411727567560785922
1411031212798455814
1412314907027152899
1412404528457076748
1412199532398579716
1415028313417031683
1420392957161656320
1412032001180418051
1419569628339220481
1414691529294286859
1420424737658966016
1412330813841100802
1420380895081553926
1421003204473630722
1420743634400333830
1420395709870837764
1412296786031620096
1412103511001780232
1410916593941594122
1412834671193382914
1412342589278371840
1417531698460381190
1417122445119664130
1412123535942860802
1421043208017035265
1417514700015812610
1420324728028401665
1412299099370627076
1421428697249243137
1415330223437008905
1420282520118104065
1412040989158555650
1414984793335414797
1412034393959550978
1412101520611553284
1412168344522969095
1420396592889319430
1412088003791626241
1414501078180278274
1412093981253636104
1414835548922040325
1420394834242772992
1420434068248875013
1412250807026737153
1420442973028986881
1420376377455435776
1410560696325136392
1421004093405999105
1421268950088814595
1412121775853428736
1419284015933177859
1412091019458449418
1421224510838116353
1415201089176154118
1420491428061405189
1412165916821962754
1412042172937945098
1412283361708609544
1420786580285972481
1414718802114273284
1412088114298900480
1415072415533748237
1414693403590332423
1414721975902146563
1412148654853570568
1412316764684394497
1420296635733757953
1421435053532397568
1412155825494310917
1412321678344982531
1420372820035518468
1411686347799240707
1420523413190361097
1420584257148313601
1420500590245912578
1414964520813043712
1412004248406134784
1414929885320073223
1421469934476042248
1412739051455713283
1420510839912779776
1412487906845941762
1412239039143583748
1411248606909173760
1420322412911071235
1414697443363590151
1412223786636779529
1412014561033703424
1412208680884486144
1412159107742765066
1410994413300596742
1414718208557428738
1412092404606328835
1412379845376491520
1412350138094436353
1414794133089181698
1420326860156772353
1420330029792350215
1412124854061572096
1420409211830226954
1414913530579537930
1412278632744198146
1412284827794087937
1412175833582690307
1420823367473668097
1420465401847242755
1412164355802681347
1412144258673524736
1414724409835859969
1420351648698880008
1414770576800026624
1412197909391679488
1420796435499466757
1420293931124858881
1411659572243279874
1410592165944860672
1420314331233890304
1410980109574676491
1414699453576105986
1414837642055852035
1412385469049065472
1420778895633170434
1420351908196331528
1412186368227246086
1412153983729274882
1412002519874686976
1417582699666190336
1412124633931915265
1414921684562362374
1420440378793152516
1412095942619246593
1420794922475696132
1412171654101413891
1411649463530176513
1412116309047922693
1420736202228084740
1412380247622930435
1412176606962065409
1414861804124221449
1421048815793188864
1420333779365900293
1412163148182925316
1417092837418676224
1410898824936230912
1415610450927099904
1413833672197820418
1420369090397487105
1412059701152522240
1420374743170048002
1420721575637233670
1418173691003801601
1412058105953783808
1412922748469485568
1412205945833332737
1420424130739019779
1412161240235970569
1412326823170613252
1410901453770735622
1412100252111343625
1420464552139972612
1418193206668406784
1412157667393605643
1414820802877394945
1420316741293465604
1411319578467213314
1420443177123729415
1420373746616049672
1412147337846210563
1420290544543092736
1414838254902382593
1411583897624776705
1412118591638577156
1412289175966072834
1420416054128521226
1414698863827488770
1414951550410182658
1420308281294270469
1412182314952572933
1412101995545206788
1412099946069827587
1414864650924068864
1421128379261243394
1421222477401837577
1420328935938826242
1412186168435806213
1410959730714025989
1412213151463006215
1420666393603842050
1412176237708120065
1412198697509822466
1412046115499909120
1420414259947782145
1420311816291368967
1414695604068958208
1420368767192870913
1420365012401598465
1420336488395517952
1412012460731686921
1412196791798403073
1411309207551422468
1420298782584020994
1420331905157898241
1412188175359938561
1421455630997475331
1412152423309795328
1418146591463124994
1417506164523294721
1418639895929757699
1420458988227993602
1420432007545360391
1415240711918825477
1414867216240103429
1412130694160162818
1420994250796306432
1414842518378893312
1412358040389566465
1412037313337737217
1417527063884480512
1414694772812484610
1412148568127909891
1412137262989578243
1420434876927516672
1414795833342664707
1412097325309308933
1418320053297192960
1411719515164000256
1411000705301819394
1421526920110477312
1410903995640684551
1420406307711070218
1420372120912240642
1411662459925143552
1411602334409531395
1414850216210145280
1417080315374358537
1420740861973827590
1411656192284311556
1421232809591689216
1412099089416794112
1412097430963703808
1414699771114176513
1412122206939844608
1412145646602272769
1412136463538458625
1420595652040425473
1420433031626690560
1412393620884361216
1411666718737551361
1410960992788492288
1412313707296796675
1412091265571770371
1412122569684226060
1421005100621996032
1412399291537178630
1420331940297719811
1421116648308805640
1412319574209540098
1412137850246680576
1412209591597871120
1414700431419355137
1420459847305338884
1420756799125262336
1420318288270200835
1419898972932657164
1412385929193476097
1412146936384270336
1420318412933316617
1415445409082880005
1421222042142183426
1410909006093246466
1414957235034378249
1418217197072125953
1420465241494888461
1412176409032892416
1410905206078988288
1412319546883641346
1412159299342700546
1412153688102166538
1414850158802649090
1411285390833733637
1412155620090957824
1414813801237647361
1412313303632781316
1420313159953436672
1421249416674127875
1421216090080829444
1420869850956763136
1414626587790782464
1414832617522966532
1411068613881221121
1411092441315397637
1414697950392066053
1412102194707537926
1412153597840826373
1413342673533026305
1420329037428371459
1412087226981355526
1412114069218283522
1420397220357197826
1421000848805613570
1412291040791367680
1412176484274524163
1412387366686367745
1412182977950502915
1418890353441230856
1412144770428854279
1412160023900344320
1420359530718900226
1412323462685892609
1420616454349668356
1412070222278836228
1421049323715014656
1414746955050278912
1420738558659371008
1410916484340236288
1412135345978855431
1421081387214557186
1412105487005491206
1420390412112572416
1414801263322087430
1414013514096730114
1412153439149342724
1414757586507812866
1415301877768540160
1412348035515011073
1420415996297424902
1413028802024808448
1412144603109724164
1420774629828960257
1421005339579797505
1412175859532931073
1412297596236976128
1412189452106149893
1410932968164634632
1413557166653456385
1414699004680617995
1414589255758852097
1420442947569467398
1412115204205383683
1420822191298551810
1420559332505182209
1417111078421639169
1412515588296036357
1412131184893739012
1421324730783739905
1412097565059846148
1410886540637741057
1412687350547746819
1414848744068108293
1415413323676405761
1410694159162355713
1414178406019780609
1412174374795419657
1414691114980884483
1414694966639669251
1420364261893758976
1421234508293152782
1412863001456152580
1411652509567963136
1417095932311703553
1412316225510821890
1420806883888275459
1412103966784118791
1420359438708449281
1421207750059692039
1412519955153788930
1412351412168802305
1420363939674836992
1412315555227324417
1420482499650666504
1420394406029430795
1417076063180673025
1412442066265722883
1412134570661711872
1410528584515690497
1411297928568782852
1412273085231865861
1412371045718409224
1412179177407717378
1420476350528434180
1412107958666907659
1412158835385634818
1421041943614836740
1421201402198700036
1420492284341129228
1420376436951633929
1420406496983142400
1411208607270588417
1420774363784269838
1414698907129585669
1420708277655150594
1411017657499934725
1420360246640381956
1412465866030071816
1420371017021759494
1414690818850443270
1412448552215891969
1412295085560156160
1412084567582953475
1420737391862616067
1414702991123300355
1412107274810712073
1412103735766142979
1420864303142473732
1412208923730395139
1417866977834590211
1421050823333883907
1412086664193794056
1412141653788401664
1412194246568841216
1420389588863004677
1420472664515350534
1412127978071511044
1421010897745682436
1412124240221028353
1420630911138291715
1414713597503148036
1412098054157651979
1414795012529852420
1412019745621254146
1410964158049308676
1412168327779295234
1420401574107623428
1412171777653026818
1412223807813738496
1412081719721742345
1411085520965406720
1411000666286403586
1412185930857918466
1420873141677699072
1420351121894354949
1420305845720649728
1412681028888563713
1421140864659861508
1414721937763340289
1411045307769626624
1412168601713397761
1412113354781511684
1412399595586531339
1420862473956204545
1410996884269842439
1412331825905684485
1420367193712254993
1410964719490453510
1420464541020872709
1414710371957489664
1412153656590442505
1412143318801190914
1412297741909254147
1420353343147454465
1410582798059151367
1412208213672484868
1420349532710359044
1412084072587923459
1412238406659215364
1414349866407432203
1413733097733074953
1413876966802042882
1411700189627355137
1414959682301669385
1412465526878658573
1420496201758257160
1421142948549435396
1412185351922360323
1421124728773877760
1420601983493410819
1420502012186316802
1420407694415040513
1421424518724214784
1417857670380507138
1414908584777994249
1412167404092788738
1412486330513248260
1410876889833615364
1420337581644996608
1417516331801489412
1411751528604606471
1410912532018216961
1420652692016349189
1420439084451893254
1412370228563087362
1412355243392839687
1421006995453325320
1412114347560669189
1417176571241172993
1412036897657008132
1412123866386817025
1421128872830119936
1420774564976529408
1420327962629525511
1420433513283731459
1413246737486077958
1410966386009067521
1420455670164463619
1412023957524516864
1414966864426553345
1414879250574938113
1412028811726700545
1410950275268026368
1412307422388142086
1412012278082383875
1421436142260531200
1412178356339101696
1417502160900792333
1412061982392520711
1412271093952487424
1420874798050201605
1411630795605819394
1414693487459635203
1410607025680125952
1420307226871402496
1417949678944112645
1420341010190700544
1420292268242706442
1412115755475341316
1412281856456790019
1412112863318233095
1421005029935308800
1414692643674656785
1414826165043449859
1420296498215104523
1420439544713945089
1420334358091771906
1412902323437907972
1414937951507820544
1420440900380110848
1420358590003564550
1412115061527752705
1410904119771111424
1412328519145754627
1412371699509702656
1410899327392813059
1411658720661151748
1414780669868318720
1411441600912314371
1420460900205662218
1412309715858698244
1412128127740960768
1411569089387110401
1412412615603724294
1412113411794685956
1421147471846248459
1421394305504120834
1412173365943705605
1420388634830721031
1420423487517306882
1419822739431600130
1414853905146650624
1420410884975964166
1420376686638546946
1414924223940907011
1421209064684625922
1414693771460100102
1414719249281658883
1411186125058760706
1421122335269064704
1412273574681972737
1412175855640580099
1420485999583453185
1418161914086035460
1412147162654326784
1412141367531347968
1414698612777422859
1412138659189608449
1414956996315463690
1412137763378544643
1414766631042043905
1412309353479159813
1420300651020554252
1410940477898211335
1412166272121507840
1412500959176110090
1421565467878207491
1414736905695006720
1412516572921483270
1414722306937602049
1421449655817277445
1412130234292387842
1420861420229566466
1412098206201171968
1420761011968086022
1410967786076131338
1412117751724920833
1411791263653892103
1412472015479508999
1414707335948382211
1415203335204913152
1420411137183657989
1412011716058222593
1421517723624951808
1418247497181540352
1411669775051374593
1412098265747755019
1412165945041293319
1412108175449411595
1420383360854204417
1412029584736915458
1420353534600654851
1420872725699174404
1420350981519314948
1417502706353180679
1412093602315096069
1421535379451228174
1412107641074106378
1412213843611291648
1414694217872515076
1420374785779978243
1412368126159863814
1412417253233115152
1414741867900645381
1410912605045133316
1412318823127162883
1410904604439724035
1420313397825048576
1412162739255058435
1421547023367647233
1420448550161428486
1412147503693283330
1412162733991247874
1410918415699750916
1412312671836311554
1412150860457590796
1420392816757329921
1420866053563985924
1413100967269224450
1412033800809455617
1412174198085062656
1414911074328006666
1416378498852212738
1412085221617541120
1412109552271699974
1420349941197770753
1417091851597893633
1412302321099362307
1420892693622837251
1418844157565620231
1420702470666440711
1412127582246653956
1412003803000455168
1410978883306991623
1412302384156528645
1420292711748354050
1417191944942497792
1412279413832617988
1412154508310945793
1414690890174631938
1417529980486135809
1421193889675894789
1420719204081311750
1420130397178978312
1420363314543173633
1410956098132221956
1414700455377129472
1411576111956381697
1412125540052516866
1415311582805073923
1412178317445324801
1412343752606240770
1412891813296361477
1412029272366190592
1412012387805405187
1412103698264694790
1414751379994906624
1420333204146475008
1414700758923161609
1412160473328492547
1420316165868564481
1420598538069815297
1410902049621938180
1411001278117953545
1420334053648175104
1417286038284902430
1421121313754828807
1420293299890532352
1412089276104331267
1412099309261176832
1420351244443561985
1412130249664614409
1420314283687219204
1414726502835531778
1412250274937425922
1420487780111720451
1420349362593538053
1420356152257298445
1417865808085229568
1410903132520030211
1412348198891540480
1412106654414422017
1412105414573969418
1414698093921148936
1411737091709546497
1412096030183768065
1412078955939745801
1412352540625326085
1421210877538230276
1420302152162021377
1412281743743258624
1420373508513746958
1412038789443248131
1414889481904271360
1412171219617595393
1412035040977068032
1414741890285637636
1421205684587225100
1420356015095169030
1421250749565124619
1412348613217460229
1412289258103226368
1420334709482065923
1411686731884138500
1414812498931458048
1412172313366302720
1420418502213652484
1420315718298525697
1412039328499388418
1420483233226108929
1412172676383268867
1412141205819899906
1420339853246488577
1420339706584252418
1410881763627393025
1411205751067054081
1411280497821552641
1412702080737947650
1420327249363050497
1420592984660320257
1415176959341076480
1412263685075111944
1420440123230064644
1410914185249234947
1412096870571184129
1412129726395789325
1420413342699696142
1412111533837012998
1420297130959327233
1421423174693097480
1412342044505382913
1414720646035251201
1412381065759629316
1420306845030301696
1412117806582276108
1412119185719709698
1420290442676084736
1412108158424788993
1412097339838406663
1420390304432103425
1413842933049171973
1412129473407983619
1412100327940235267
1420446020480163846
1419069060596355075
1417880974864564225
1420375480461668352
1420386917137457158
1413028840452943875
1420278866367721473
1420536564711665665
1420372058786119683
1420298003169038336
1412175789735518213
1412313797545578497
1420374108618035207
1412274527439048706
1420666353913057282
1412365448906260494
1412161917607632896
1412289840012435458
1414824550504804359
1414694644206739464
1410927149389860868
1414885642560057362
1414690858553810946
1411819104437219328
1421527558877814792
1420070961810919427
1414179324199067652
1420337905369747461
1420721662090227712
1414712023854821377
1410556834331639818
1412094278411685889
1420342198491566082
1412163388210286596
1414959548394266644
1412174264703279106
1412348591847448578
1420302331145592832
1412128039153156103
1412197905201569793
1421193405447692288
1415374028362207236
1412151992722591744
1420791626415362054
1410970265060786180
1414696960813150209
1413251763814248458
1420565313205248000
1412145706668802048
1412086803360894980
1412331117852643329
1411061522152005633
1412110872231694342
1412053582535401474
1421525682241351687
1412122465657106443
1420375254610944004
1420294178693648387
1412151115500621826
1412184543025586181
1420351735755939846
1412112958486896640
1420349279173021697
1412258331901763588
1414702607923359745
1421537841885159426
1420296804789260291
1412496421534773249
1412094707203821568
1420426764514480130
1412156209105354756
1414694885005873153
1413342557606666241
1414905000296394753
1417149731776737285
1412215348179394563
1412107299406102528
1420301093230235648
1412364783848935427
1412106716913836035
1412101255636344833
1414690951457562627
1414716489396064257
1412171797475303427
1414794255797784579
1412258579445342217
1412104726766919680
1412121537793216525
1420296515281690627
1417499106105233413
1412660182883221509
1421404114261585920
1411818735124504581
1418492279384326147
1421085616670920709
1412735021530685443
1412266071701311498
1412160807610245121
1414836008315723777
1412403398033412106
1420130487289454598
1412091284215545856
1414847679591559169
1412168975442645000
1412097457639526403
1421611706619400198
1421431031291424769
1414823947384799232
1412437196397764620
1420363555342278660
1416858527071490050
1420333118112813060
1412152643238125569
1412100173493309442
1412365730918637569
1414907518980136962
1420419974770872323
1412323409221099520
1412502098491719680
1418268436438953986
1412355164158234628
1412328217789276163
1412191170080411662
1414268607236816900
1420987941665624065
1420436227648589832
1412155872097280002
1417115445400940550
1412170812975726595
1420351912210309122
1417508373277429761
1414862611796135939
1421214967592890370
1412118732504195083
1416018189260054530
1412177458107928577
1420355347362066437
1416763930685419523
1411995698548051970
1412881438395994113
1412150571302273036
1420295968076058624
1412082621216141316
1420492416512049164
1411063166843375621
1412055024918740995
1412107296122060800
1420425672149848070
1420325341701328900
1412415309458378754
1420877745006039048
1420334671771078659
1413055969760792578
1412098327701753869
1411034351278690312
1421599412485230592
1412301421408620544
1420295914569220096
1412114048469114886
1420294093096243205
1417752636766441475
1421041640802750464
1414499821948440576
1412300388712300548
1412082108542164994
1421219489874649088
1420407350436016134
1412346220438245376
1421540972459184133
1412782150315819008
1412135818068647938
1412310091663953921
1414927414560428033
1410686428627996674
1420313607393394688
1420881089757863937
1420584207588511745
1412167925306376197
1412088095063805953
1421245458119266305
1412111925648015360
1412088323510882308
1412088893835460614
1421430266061545472
1411072658041720837
1412100168711868426
1412738945427910657
1421345535605235713
1417912998891597832
1412313030680064001
1412130287908265989
1420875676530393088
1411648080651358208
1412090660555997187
1421179917082013698
1420861771343073284
1412277642569601028
1414730158477619204
1420342841176465411
1412337771033804803
1411032719962824710
1414753662648389632
1412174127373377536
1420437416754782217
1412224499555221506
1412147510089588738
1420447006561079304
1420461663862497280
1420340982151794693
1420382907626135554
1420997842596945921
1418207437375475726
1414711669490655242
1412898650431369216
1420719043464638470
1412353541256187914
1420527849233174532
1420307563212595225
1412193527170228229
1412185373908799496
1415380804755247104
1414848719430766593
1412091639271768065
1412327704154755074
1412346519466954758
1412099763286294534
1410887872362823684
1415102604242153472
1414862994085982209
1411054161597173760
1411988494902235143
1414833103479115778
1412034373499641865
1412202176131309568
1412154870853996546
1418239414715654144
1412102400236732416
1411771292685066240
1412139768465461251
1414695163436359681
1420769084749266946
1417521937773965318
1414366967704793089
1412334247004811267
1414820991713398784
1412437760951132167
1420486172133007367
1414837455266668545
1414884344875954182
1414881766926655488
1420292361930805252
1420384128067899396
1420872397142511616
1420298838972280835
1412343466361864192
1412455891853627393
1410636382427615234
1412164766777368580
1411450748559364100
1412160311570878468
1412095772833816576
1412083958670626816
1412380553438023682
1415013248114561029
1414719741227376642
1420415696509575175
1418015837269659650
1412139056079818754
1411679635344134149
1412403597279744006
1420866040771268610
1412164099128139778
1420322698685788166
1421034892599644167
1420126436636119045
1420497938388856839
1421011207503458306
1412280047881367553
1420396024603025408
1415009904885178371
1414832644546875392
1412030902272679941
1412176290103373829
1412152712339374087
1420343986322030592
1410902148485890048
1412320316739751939
1414708997282742275
1412171346491158532
1421494224751669249
1417099092765855744
1412118824854474754
1410971497137590276
1412815199128727558
1421548423115837443
1420295727092310022
1414863943315738624
1421013364705222660
1412052786624278532
1411205607034605571
1410921620089286657
1420295637606846465
1420450533840760838
1420289802054811648
1420344623092875266
1412227364734607362
1412506048364175371
1420861011733663744
1410590758281826304
1420300304327794688
1420390012940660736
1414725531174637571
1420667529740103683
1412095618378575872
1412037282358497280
1410832230432260097
1412270836392894465
1421163736023306241
1414911311461429251
1412415546017132552
1420467323253805061
1412175721821310976
1420291740448210945
1419749020398936069
1417243391214198784
1412151576991571969
1420278860361441280
1410882749855064064
1411653841255288835
1420480401106161666
1412091281107558405
1410881096653365251
1411605978668208129
1412156013562716171
1420365775039307776
1412188880846176257
1420319845812482049
1420349713145024515
1420287941977559043
1414872293101166592
1413404597289459715
1412090202370289676
1420462096995733505
1412099447987843072
1421451121856552963
1420349246776172548
1420643936138301444
1412176933350223873
1412393259264004103
1414693618154082308
1412136540093009923
1412210518283063314
1420398613486784514
1412145331534508039
1412160444287029249
1412841227402235908
1420301983962042372
1412865236319838209
1420430241781194755
1412294011604418562
1412327342291161096
1420390979274776576
1420510696329076736
1420397531150835719
1412082044990021638
1412132410926436360
1412140398550654977
1412109128353386496
1412187023708991493
1412172761619910657
1411023971743567872
1412032719845048328
1415372287096852485
1420357012915904512
1412673214220836865
1420404999226634245
1412335784988979202
1411229720390348800
1411102174734606339
1414722398709067781
1411677169827385345
1412085763643224066
1411969090286198786
1412097186146492416
1412156720806305798
1420306185954250753
1421206535737430024
1412177391036907523
1412144878511927296
1412086474967863301
1412415691928580104
1412099925932969988
1420431140926656517
1412108912401301504
1420319689981497348
1421598941687296003
1412270456342822916
1415312670098694148
1412157917739073540
1417501047875067908
1410556288178823181
1412173494650126340
1414819831879249920
1420879521994231808
1410948615267360770
1412100190010593286
1421429186162577408
1412130004029296643
1421022474960052224
1412158908442071042
1410937563305684994
1412334853924823045
1417563568220876804
1420524169226248198
1420008210421923850
1412138333770334211
1419214817878028288
1420587260454572033
1410995011152404487
1412221256355680258
1412007297325441024
1420408004139229191
1415445689186889728
1412045459980492801
1420297581574475778
1412081483318284288
1412285883831799815
1412135893679362049
1412095951800573952
1420483139173068806
1420321564717944833
1420350645438136325
1420462721158598662
1412128108644274179
1420363874029772808
1414734306400931842
1420603193378185217
1412120923008819200
1415426388702683144
1421195293698179082
1420356339579113473
1421123692755660808
1420296173538226177
1412998585390714881
1415010825744564226
1410935516569165825
1420329385844936706
1420360724149321728
1414703461413888000
1412070987659685890
1410938764571074564
1414698880588001282
1420511539094769672
1412171834301296643
1412128022472409090
1420162004711579654
1414694668932206594
1412150633667481603
1412197434311294978
1411743239607029762
1412144519026446338
1413100894607093760
1412235774213373954
1417123825997725697
1411361114043162627
1410912222524719107
1414832536690335744
1420434694701821959
1420453792475189248
1421251484877000706
1412210597236723712
1412151643248873493
1411726564614680583
1412181119001370628
1412151408711847940
1420325412362674176
1412320229032607745
1412190019859722244
1412179603024711681
1411000324068892674
1420416015305953282
1416292220991324162
1412148759392407554
1420559509475430401
1412151889190395905
1411664753563422724
1420328486552711172
1412098014324400129
1412103377018920963
1421587558899793922
1421224373520932864
1420425650737975302
1414138159923879937
1410565795344752642
1412182216403214344
1420523211737939969
1421428374770176002
1412387893197279232
1421606869475463169
1421039676043956225
1412111289929830401
1420341626602508288
1420305989321035776
1410907871987093506
1411200643222675459
1420436854671806465
1417887418540232710
1414843398675124225
1415427877953228803
1412324075138134017
1410929843374600196
1412082302578946048
1420311277990203395
1414762640799408130
1420430938056634368
1412165570657718275
1419300939589111809
1412134175738585092
1420347585223593985
1412408712568971265
1420653300383457280
1420511866917376007
1410581102494949379
1414761650775855104
1420388355674607616
1420341267960053764
1420282989255307265
1412037335546531841
1414832252794593280
1414843568993284100
1412098047912390657
1421044865652117505
1421164766442233866
1417218672184250374
1412396755157753857
1412201724132184069
1420373952921284611
1420164793718263808
1412103712043155457
1420673790141505536
1412178717451997184
1420346521631997956
1411770569637437447
1414988696970006531
1412184295372955654
1410909338789629956
1411667273945858053
1421162228787580929
1410944766397796357
1410628320711131136
1414619035891863556
1412384180948946944
1414746875077578758
1420412966651023361
1420547024848662535
1420423125972439043
1412319217622339587
1419912760822059011
1412736253745930243
1412159824989671425
1420994161818447872
1411295668925255683
1412291099918471168
1412066282460139525
1412148310236962822
1414721148898746368
1414707728241602564
1420369170529718272
1412299011290173443
1420292422857330690
1415208380080197633
1413433074990338050
1412181401185697793
1421535848181510146
1410958814791282692
1420770006447570944
1421001355402035206
1420333628106620930
1420753098587349010
1412204361896316929
1412334188775329793
1420474277472657409
1412531890461065219
1412387009218465792
1412289106827223045
1420349820884115460
1414630128529911813
1412315517889568768
1412181077205176321
1420341617387614208
1420298904126599172
1412005248017780737
1412118287249559555
1412327336171773957
1414696564820484098
1421033118455275522
1413101066355363844
1412091190825172993
1412240946641711104
1420291498445348865
1420133651740778507
1412664851042873344
1412090601332486148
1414822522936336385
1420346672719273985
1420307683828187136
1420307871213006852
1412148752534671360
1411038033319809027
1412090577957666817
1419283828837953538
1412896776877654020
1420377528787668998
1421375517874348034
1421021181923188742
1421433288321912839
1420300938917695492
1420313303205695490
1414818432005070851
1412092816000434179
1412085554573885442
1420340000160460803
1421355759003181056
1411041561010446344
1420279774321291264
1420341156295098368
1414695957430771717
1412184467645636608
1414706910490660864
1420506067746922499
1420351227863437317
1420131691360919556
1412321081118146560
1414864339719401487
1411015237965332488
1414696486705766402
1420361435293569025
1420990104995258373
1419283779462606849
1414907459970510850
1412395108150956040
1420649899838873600
1421036155613614080
1421177715114364928
1413969670168788992
1421004111433109505
1412086511554777089
1420400861856079873
1420509331842347010
1412366471007805440
1420323323016327177
1412905638112514055
1412098984370491399
1411051362234810372
1410961466807795720
1411752085402554369
1421040602653790208
1412088660644745216
1421476409806032896
1420660161308409863
1410905777846501377
1414704789502496770
1420517636358742018
1420337442897416194
1420664043845599233
1412900517228027908
1412129068867371020
1414828915646992390
1421541117884051469
1412834631804653570
1412125101399719938
1420426586638143493
1410640237190078472
1411091282282356736
1420865271674310666
1414795425618567168
1412145775409303554
1421478454055288837
1420472108644175882
1412065003356688385
1414996442431766533
