1556967353514164224
1557117784571740160
1557312599871586309
1557044455932321794
1559882934114467841
1556964624960028672
1558893720203890689
1563546746084786178
1559959661066985473
1557379428669333506
1560372488948879360
1557087825627070465
1556978902995705858
1557654668511252485
1557047241982054400
1559959316907659268
1564318100866142211
1560342012846538752
1559206532889321473
1557225685336326144
1564324155784405001
1556662400300072961
1559257539870588928
1556960860232359936
1556895908725510144
1563546782201937920
1554578247010107394
1556998006146211840
1558986985678725123
1556997893055184897
1554762009761153025
1557034403225812992
1556790104609390592
1554561679681257474
1556975183445086208
1554549675201634308
1555110585003565057
1554532557470982149
1561928662999506944
1557004504867930119
1554594460545187842
1560344183734505478
1556608505313988609
1554554012418146304
1560976443735154689
1560867757956145152
1559933466044760066
1559889196176777217
1555182951561920514
1557057014471196674
1553991429294362628
1554537376126476291
1559663125623889920
1557042713219956737
1557422771063382016
1559303973441601536
1556978345228779520
1563882222729428992
1555790656240484352
1554580959055462400
1557263196926476289
1557040804413247490
1555881576747212802
1557290502759874560
1559728516668833797
1557101233806233604
1559192112612229122
1557001519026868224
1554056280003723265
1563227110797299715
1562532023319023617
1556982320543973378
1556986899562221568
1556995433628684288
1556978794103291907
1554531217818763264
1559203747385024514
1557006074414252032
1557054567132585986
1560257562607554560
1563617309633253376
1561832692446003205
1554554768739254272
1563546724857044994
1557326308451012611
1562582326927732736
1559498968060526596
1554925842425413634
1555517541841346560
1556287904313393152
1557269431696429056
1560215127131054081
1557011195982487554
1554535749864800259
1557071069873426437
1559841812851875846
1557026067692535811
1557009662343536641
1563604910402584579
1561917841657430016
1563925639924776960
1554032456046714880
1554929130994548736
1557106531392524289
1556973562757615617
1556982324386058241
1556970401795809281
1561836866021851136
1554577314805063683
1557049563353071616
1563505628311879681
1556968435715919872
1557170897747935235
1562012370154754048
1554563619903373314
1562123363182682114
1557260568272289794
1556588140382617602
1557616658683944961
1557053796659990529
1556066253608976386
1563913616528654343
1564205597351870464
1557296598379544583
1560679401737449472
1556994880810934273
1557266240271486979
1554579238149316609
1560884100948533248
1557112515988971522
1554480175420776449
1557026213906075652
1556989260795871242
1560948100121911301
1558020066188398592
1556970405231050753
1560307363743137792
1557156924323414017
1561962631241531392
1554395523049832455
1560266836192919559
1554515332273946624
1557085878798979078
1557368408412508170
1557038115214221312
1557049634605891587
1554536976665247748
1557448777652396033
1563196826932506624
1556665476662566912
1556970977086636032
1557026810717675520
1554517121740296198
1557156372726222849
1557260451360260098
1562160970121859074
1554538844019736580
1564330192755200000
1563803924125163520
1560253372216778752
1557326572532686848
1559843426660663298
1554515289173377027
1561327830390259712
1556588170615177218
1554890346626224134
1562860114163273728
1555480440470994945
1556972152015953923
1557129450097090560
1557039976508002306
1554541041809760260
1554544597967183872
1554514042147971074
1554542312709038088
1556969703050035203
1557002987729469442
1559505892323852290
1554797828895129600
1562170711912992768
1554536303512911873
1557257500331753473
1554819521348861953
1557342005587501056
1557109155189723138
1554595749173788676
1563648272006524929
1561265610750713856
1557390819568586753
1557027808806830080
1564231422990118912
1557085678030274563
1563596775331864577
1558701097052667905
1557113336575172611
1555055422343725059
1557091339178835968
1555210029728407558
1556587568967438337
1557107489182810114
1557026251591794689
1554514844010876932
1557843717897207811
1564346668870504453
1558805947576979458
1560897679160393730
1555207587104178180
1559860154920849409
1554530066914316288
1557129317393506305
1557052229194055680
1554431200181223424
1555206663803703296
1557085451122515971
1557762959870394369
1556957058716557313
1554517211527741440
1559653634803224576
1563251933292351490
1554834377409826819
1558009134401847296
1557168980309188608
1559883950256013312
1560569407667142656
1560612560969367552
1562693630770302978
1559249184758308865
1556970068977803271
1559757330027352064
1557077068680249348
1555121549627326465
1563599842995224576
1557179613859676160
1558066447938732032
1559871534612742145
1557779237024763904
1562398952321851392
1557141258124120064
1554780668038610944
1559846946071887872
1563183166688337920
1559555256765366272
1562133609590521856
1562352317386702848
1554803724824072192
1554520209322647558
1558835455629692931
1564476449792425984
1554513540836360192
1559669839848947713
1561243356994363393
1563781739624947713
1559931889779150850
1557035942325755905
1562605216024760320
1560372537242095616
1561750700744491011
1555422818820669441
1555851838167175168
1564328225437892614
1555474615681572864
1556966992929853442
1557013393839689730
1563202415838433280
1554543249129459712
1557590552761303040
1556298429873135616
1562208028568559616
1557047277172260868
1563504179234033667
1556395467084386308
1556746036882055168
1554574540058943488
1554521571263451137
1557037938789289984
1564026259574759426
1558809968421355523
1554407686422364160
1554841566531002370
1554566654306226178
1556987251778879498
1557035685818818560
1556967293808148481
1564215562036805632
1554600406696841223
1556665760558321664
1557051458620723200
1557610090043244550
1556597633090723840
1554590343047352322
1554515758696259584
1557008700216381441
1561485210918830081
1555502766176538625
1558186810441977857
1557639421557620741
1564959333498109953
1557041502894931969
1556763173117640706
1557050759400792065
1560175456661413888
1556979919439142913
1556968720039378946
1557349662176288770
1562296100006100993
1554545197266206722
1559106526769553408
1554062437602758657
1562532168374849541
1554533456482390019
1559245930959880193
1556987113215770624
1554395612443025408
1562184849934454786
1557118045734199296
1556529916719648768
1554564130845167618
1557850606785777665
1560332999153041410
1563514375755153409
1560601561658793984
1563634530061262849
1555340418421854208
1554963569208344576
1555161842732994560
1556999555664777216
1562707951709667329
1560789111170121728
1555879453892509698
1562124198176296961
1559868353077985281
1561288911732838400
1559852003131592704
1560553665727197184
1556395877786345473
1554485765802958849
1557425640999190529
1564638266556555272
1554934259542069248
1556978581049335808
1560634237937602560
1554533996167630850
1560591972712460289
1554834270727770117
1554934120706457603
1557284370175692800
1556340447957712896
1557041871016304640
1559390219996372992
1557285049732661250
1560646421006917632
1555125950697840640
1562783687313588226
1555209057086103558
1557656887939710976
1556790136259723265
1563422254712532994
1554554850758873102
1557055953928847361
1557019712692883459
1560207233262227456
1556581364698386432
1559892706633072642
1560613939326713857
1564559801992056833
1556665364485914629
1557042189514981379
1560612839282184195
1557111603954417664
1564328876834258944
1559900402644123648
1559870503946522624
1557007505003274241
1554095034051563520
1564601554942021637
1559866071024279556
1563596468145225729
1560651115095814145
1554519557083209730
1557025739593203714
1559966867531485186
1554519090106191873
1557034798555734016
1556978239544991744
1562926765449912325
1557153900876144640
1556975780625776641
1557112472569630720
1557311033664016384
1563285170089668609
1560243281467932679
1556978206414192640
1557227200058900480
1559669475456294912
1557126905114939392
1558727402473328640
1559884759496638464
1554739563033247745
1557811389720395778
1557059226694041604
1554748012890660866
1554549158685573122
1557111854358532100
1557112854297321475
1556985109135474694
1554573873936474115
1554837062775296003
1562517640895090688
1556978240912334848
1557102901683798017
1557051144354013185
1556962699845713920
1554541435545944067
1554554993805500420
1555154993132494851
1554527943623335941
1564355422361980929
1560612937055629312
1557066391609638912
1557068286159888385
1555120821722562561
1559840521228541952
1554608807979933698
1557385560553046017
1554827426835812352
1554837099899244544
1559872180028055553
1560290933408731138
1564664253667282949
1559842747170840576
1563398649954021376
1560587067700158464
1564302823445200897
1560217120268603393
1554554923714478084
1564321607362936832
1557036513002754052
1554436424933560324
1554533838327619587
1558925638219841537
1559850269696991233
1560360527947337733
1557039121838776322
1557321449760866304
1556983338958819330
1563440947328798720
1560031078492037121
1560575200638500866
1563809478696476674
1560301259181236225
1557009581523587074
1554725094794067969
1557006285073223680
1563536829605085188
1557004976496513024
1556665883627556866
1554533327482273792
1559904547430088705
1563505312765599744
1556791968197447681
1554449045875220481
1554597419781963777
1556590864754941955
1554562364279820291
1554420954515836929
1554797832720338946
1560650388587433987
1557124037750431745
1556965459534254080
1564321456640622592
1556702691119751173
1557243605177303040
1557600048254517248
1556668896438095873
1555581472823808006
1554762315412668418
1557845226097721346
1556991707719389184
1554415349004750850
1557845643082752000
1557755100717776900
1555532281531473929
1563443947514757121
1564913847114276865
1561007280124055553
1557668816792203264
1559300666828509184
1563992420915810306
1554514577076912129
1561004039386513410
1563227001510510593
1557057441929592832
1557092608433950721
1554578019611807744
1556667616445583366
1558911634336350212
1557724778995523584
1563440740478246912
1557378746730045440
1557069972718977025
1554555503312879619
1557302160504807424
1557990823563862017
1558159858851094529
1556999741380169729
1559870676479131651
1556302807527038979
1559994306987016192
1556996222942060544
1563568864742346756
1557285899863576576
1562887480449200129
1554569921337720836
1557140022238875648
1557048956118597634
1556991767085551617
1557063093850619908
1562201011120648193
1558065062040027137
1554963614326525953
1554452488413237251
1560682778848534530
1557156386022330369
1556980850427940866
1554563026614976512
1557727025867022337
1559498881871876097
1554575041181917185
1554542293251661829
1554513086983421954
1559841670606249985
1556967228620275714
1554436506772725761
1559499481246318597
1563817943846223873
1563988828444057600
1557041838577664000
1563817216910540800
1554525948598489090
1554489431909965824
1556985440619601922
1554577559207268357
1559871907239010307
1556672844691652608
1557249323708125185
1554866956314066945
1554436692937003010
1556989059490365440
1556665352070758401
1556990970352263168
1554747878962348032
1557106830941323264
1557771922909396993
1557109572015456258
1559624742109315079
1560647346702073856
1555090500943740928
1554590180236984321
1557070903913111553
1563798821909499905
1557302567402618881
1554598542739652610
1563962049968865281
1556973857931726855
1554748511517802496
1556866560253464576
1564206674214273026
1557361229613699072
1557018210834202629
1563546762341539843
1554405083340849152
1559859354412646400
