1332789213125861376
1332571747300888578
1325837842858332162
1322706387080826890
1332636146774503425
1332459910320287745
1326186319752667136
1326408322535350273
1332665310248378368
1322703166803202048
1332598040608305153
1332477691698819072
1332683099939934210
1333046073607262210
1332465912193146888
1332704060865208320
1330606457474183172
1332430097891143683
1332836159039344640
1332493742578806786
1332774489705377792
1326200758572888064
1325832624598872064
1326189190506221573
1326157538568572931
1322919146183630848
1332718056502665217
1332458135789953029
1332447665653571586
1325923465128521738
1325808035453952000
1329001523205038081
1332420771843543041
1332326726861516800
1332413944628211714
1325801111572385793
1332644953516859393
1326030246307565568
1332612867770753024
1332425298118397965
1332755298772250636
1332631752712605704
1332424136711397381
1325709600855891968
1322871323689996292
1326209165304455168
1332666797384937473
1328673070077390848
1332422776234401792
1326304531467087874
1332617993889714176
1328349393439907844
1324713836671389696
1332408786619949057
1332420178622222336
1326152724988223492
1332747763675762695
1322908628756488193
1332722129834569731
1325898959974445057
1323041524431659013
1322880692552949760
1326294835075182592
1332406911464058880
1325900108798562311
1332743070039879683
1332607404090007552
1326323250712997888
1332711475421597700
1324646424328441860
1332466079923384321
1325019781599268865
1328570969263386626
1325122198403682308
1322701602919206912
1332443720353017856
1323340515987857409
1332408354019418117
1332467490778181637
1332430451571568642
1332407135624376326
1324765868769845249
1332645347051626497
1332451884767072257
1330578602577059843
1329862895828688898
1326304329662345216
1332449708086878208
1332448931725398017
1332462208979263488
1332965247670493184
1332428272970379271
1333122498196615168
1333135246624174085
1328863938390462465
1332412859188469760
1332445313345478658
1326172854489116673
1325018626651541504
1333152688444411904
1332446190697390081
1332674296569880576
1325766417849995264
1332581542862999553
1332444977037766658
1332614073050075136
1332427946473234437
1332451085781528578
1332425480255975424
1325842490138693633
1332407274514558977
1332472528925765633
1332986657650470912
1332622794559991808
1332648160729116673
1332552000135983104
1332418414971850754
1333112706879066116
1332617949186830337
1332406642219102209
1332436719568908293
1332410185814564869
1325923019387252738
1332410503759601666
1332435772788641793
1332973699843174400
1332636478715928576
1332434317126012931
1326397022547685378
1332464291866435584
1332530023870439429
1332409500800864271
1330618208395649024
1329127417366056962
1325799546841075713
1323443456371527680
1326504122804285440
1326179535658815491
1326174151330107393
1332458765006872576
1332607460503334914
1332427345052004355
1332567066533126145
1332424539112939522
1332424824426291205
1325768469372137474
1332478204876042240
1332653506365415424
1326166947235569666
1333400481427808258
1325834949598048256
1325697622615728128
1332405676640006148
1325033085013020672
1332422870333534208
1332425799044096001
1332631751236198403
1332436746085277702
1325775466276544516
1333392557586468864
1332616081584873472
1322823686605385733
1332953379560165376
1332620756124053504
1333505596298063872
1332750519627083776
1332463260042481664
1332420526351020041
1332713338976034817
1332412395780796417
1325856906670444544
1332455972502122496
1332410247827296257
1328989968392392704
1328976103705374722
1332546137937600512
1326418863047761921
1326170687283867648
1329012978910449666
1332810176261480448
1325814541767340037
1325837401873387520
1333507629482729479
1332582372789919744
1332408130836291605
1332420940454621188
1332432859701923840
1332773877815119874
1332639477462917120
1332630472531259392
1326317950459064320
1326239053893804033
1325987124827418624
1332417150611562503
1326245838948069377
1326235799801786368
1332435468143767552
1326082669332094978
1325686643269963782
1326195579580538880
1332422353083576321
1333500668313817089
1326202104235642880
1333104784551923712
1332772463038619648
1332660889137377280
1332591862989910017
1332484404128714754
1332442542957322242
1332598755934212096
1330552592217366528
1326423649319067649
1325772972276277248
1332429992555319300
1326227031571509248
1332718020125462534
1325895748312031234
1333324612613115904
1328688582425522176
1326294452164562946
1332407583810916359
1332644371792064512
1332428434581184513
1324733513623605249
1333465856739856384
1332458798653599745
1332449169051709440
1332603235102822400
1324739385569456133
1325721698746982400
1332419877395701761
1328357851232919552
1325814251181715458
1326099999101497345
1332589981039284226
1332583865249107968
1325038438303866882
1332421012672147457
1332406563051597826
1330527243311976454
1326149575636365312
1332422947047436290
1332666013595426817
1332453773936119808
1325791014272069633
1332595934144946178
1332425715552313353
1328856117288579077
1325877174151368705
1332430005079601152
1322692582187696128
1326201810110074881
1325716207660576769
1332696794631901184
1332659207108227074
1332616447281991680
1329397957054111747
1325740617989824513
1332446596085276673
1332442953596473344
1332667028952518661
1325765787404136449
1325742450556751873
1329537173146787840
1332588635993018369
1326390489822662657
1332968515939274752
1329026499241009153
1325766776802729985
1332614597715562497
1324313752804773888
1332705048636354561
1332673259465289732
1332421619113930757
1325916664991506432
1322867673659854848
1326183995281993729
1325793775210389506
1332438018460938241
1332643319072092165
1332445827374194688
1332429823613005824
1326320822101946374
1325835710755180544
1332417567126925315
1333151902612197382
1323267977958072321
1332577887417982983
1326478021759557632
1324746073525620737
1332646236537708547
1332392753662201857
1332423701548109825
1333381593193467905
1332443934719684608
1332562906576248832
1329075969999601669
1332361779003920384
1326151013489922048
1322793209362325504
1332745186670219270
1332608798759002117
1332423770024390658
1329025784011493378
1332462344903950337
1332121482122702848
1332442683852386309
1332219299516264448
1322862095893995521
1332686940265730048
1325761774457647105
1332438122580353029
1332427220363653120
1332615909022765056
1325743776179118081
1326150199740403712
1332861112577093632
1332614733199978497
1325088580709068802
1325353614601314304
1322971279268421641
1326200591366959110
1332456661844434945
1332435979102261249
1332426606913216518
1332444796225523713
1326151155957821440
1325064801471623169
1326296808939790336
1333113046877822979
1332481722114596866
1332611276590215168
1325772306917040128
1322853021932490752
1332406744258121736
1332644426913603585
1332410796207386624
1325817164599861258
1332482744421584898
1325731820512686082
1328651932383240194
1332416744632225792
1332737685161652225
1332413157575417861
1332474631417163782
1322822072071049219
1325805038225285122
1326152534117978114
1325484201471315968
1332781899291439104
1332462363279286273
1332407136249319424
1332638710752489478
1329126527498416132
1332416168947277824
1332447549551161344
1325115784708952068
1324586026585698305
1332632740362133505
1332014084750004224
1329166864266768384
1329009228690968577
1323022342172430342
1332706876883152898
1332452708851343363
1332684654621679616
1332407421566857216
1332450296623222784
1332426374137729024
1325896683805437953
1332458953280794626
1325166191808229376
1332630551925297152
1329188408334426113
1326405903801864194
1326280449015025669
1332429872501825538
1332417166818283521
1333191059594223618
1332611766342340608
1333442159903641600
1332471392755965953
1332724291847254021
1332309404931252225
1329195943422550018
1326230732117782529
1326184681008750594
1326185030792716289
1326163990121230336
1332626325601980416
1322873219783806985
1324802549682262017
1324482482847309825
1326948293092532225
1326064450177277952
1323055068745289733
1325781032474447874
1330526632235442176
1333470410734759937
1332618639703465986
1332664706709024768
1332431016707895296
1325786850691256322
1333014012557221890
1322973259365814277
1322695474713890817
1332603345983377420
1332416857593307137
1333208249919811586
1332412924728586242
1328986039147515904
1326262648850313221
1332555056655306755
1332713256121724932
1329044988752261123
1326197862686990336
1326204860736417794
1326152893293096960
1329543893516431369
1332622806945816577
1326541789658902528
1332624582096850946
1327272371485618177
1325882790123016194
1323268164109651969
1330019406211059713
1325751954233040896
1332644272458313730
1332628659484712960
1332423942850621440
1332405914792505345
1332422302105997312
1326149547886850048
1325073639037829121
1332656852581101573
1329012597237178369
1324484213039575040
1322780358304215040
1332810369048436737
1332430086386176000
1332473976417890311
1332406108510695428
1329446343870468102
1332423667838558209
1332612312038039552
1332456056300195841
1332469347068104707
1332463475944267776
1332570474560303106
1332412770042728450
1332626553826586624
1326428863434534912
1325719523794817030
1332577488183185409
1332747971428044800
1332428600189054976
1332718508405305346
1326158914585497600
1332449345048895488
1326120905748180994
1332417228193619975
1332450357587402754
1328564479727194114
1332735601246920708
1332410719745273856
1326253597118636033
1332405572646395904
1325802982009614338
1332657591936225280
1332709088921329666
1332681395446149127
1332459539438899201
1332625961829998593
1332441199840555008
1332461962622611458
1326058563266113536
1332416054077894660
1332426382064775168
1332350488264781827
1333118766452977671
1332406537202118658
1325772927250345984
1332618246130982912
1332612644839284736
1332406132149727233
1332636723474477057
1332421641515782149
1325797147791532032
1332445673405509635
1332439086037164032
1325784587386155008
1323140132803850240
1332694379094564865
1332449681960558592
1326798192097325058
1332424694973292545
1326205155784740866
1332446288613437440
1325718967558795264
1332426296706691079
1332132514991902723
1325762755958345731
1324658754512670721
1325749533096226817
1333148052807421955
1332313807276879875
1325888306383622144
1332434934607343617
1325840850555899910
1332431817396334593
1332706668564668428
1326251821212561412
1322691619779497985
1326274982402535429
1332603743456604161
1325797260471513088
1325789882703372290
1329022302525280257
1326175772567080960
1326240178386636801
1325784924004212737
1332413366858616834
1332490631000829958
1322870307783397377
1332709679500242945
1332411955223543809
1332434158308700160
1332122086333177856
1332405655899172867
1329010197436764160
1325873129751801863
1324676919154139144
1332449859819986946
1332359870629122049
1332501071722373121
1326154012601835527
1326538220306276357
1332611896252518400
1332608449453191168
1322888791770734604
1332356041342930950
1333177445378355202
1332619496717168642
1332592194495066112
1332589802089308160
1332609391363821569
1326244430655987712
1332418005104553984
1326572475254272007
1332440960211578890
1332430884058837002
1332581660689305600
1332474911550545920
1329073308814372873
1332461410526371841
1332424849986379779
1332405900150272001
1332429150645334024
1330579090420752386
1332411962442051591
1332413853087526912
1332466485097279490
1328660796570791938
1332702606574149632
1332594591606902785
1332409269732446214
1332709811511758848
1328411241409339392
1331605116458295305
1332576234614747137
1328483927166738433
1332464894474645504
1330698852802899968
1332966333965889539
1330014441698684931
1325902603583168513
1332454195400744965
1325781321826840577
1332451401436442628
1332699715205541888
1326153209065271297
1332655093515214848
1332475357841272832
1332600383416512516
1332441036199768072
1332458790592110597
1332639989084151809
1332443826158510086
1332418146603593728
1325879187337601024
1332427624543629313
1332416713174945794
1326300341521051652
1326201325760163842
1322692336195874820
1332719756349218816
1332421578131460098
1332618854648967169
1332442354574356481
1333001599808049152
1332425803435565061
1332620068329558016
1328404837982154760
1325767569043808257
1332441985551044610
1333142163736174594
1325789342426673154
1333198294626004992
1332410718734442496
1332591439633666053
1325907098149019650
1332491958070243329
1329023426774917120
1325038240315961345
1333136328075173902
1322883252458323969
1326165216443379716
1325862437669793792
1332471599119945731
1332413157994852353
1332334188092141568
1325886563121836033
1332646790076768256
1332467597695201281
1333528004744650752
1332467581609979907
1333513251972386823
1326233924935294982
1332405619559690243
1332540302725410816
1325861222609264642
1324995583556382721
1324713512489357312
1332838619145527297
1326149758835109889
1333329401337966593
1326181576904994821
1332454468860989447
1326295255784824839
1326164570356871169
1332977947402178563
1333152987062165504
1332787027868266501
1326049929429704704
1332407367976235018
1332640084022145027
1332697057396731907
1325193140198907904
1325921601691525122
1329082829360177155
1325161643278397443
1332770939696766976
1332464159116713986
1332811700094050306
1326468692423680002
1329016933916827648
1332413816068579328
1332605298897522689
1326150601768636416
1332449236529590274
1322868594905108480
1326288573935595521
1332250335721697280
1325777031452352515
1326191379890888704
1324657968865042433
1326199166243123200
1332446607825113094
1332430910592077825
1332428955333357571
1332425130484658179
1333105815687999489
1333132109565792258
1332967182221930496
1332774718240382986
1332478262317101056
1326201751624699907
1333124506412589056
1332406439353126913
1332606202493231106
1325780102408450048
1325815195814535176
1325920216522625025
1332471246420910082
1326594332988747776
1333068693392289792
1333224433897644033
1332412533274238980
1332598372834947072
1325840808885489664
1325888916650684417
1329537380613722112
1333104161307717632
1332587194368872450
1332957920393310208
1326201470543335425
1329241297580863489
1332637750626050049
1332414439031791624
1332443173378011137
1325803999858192386
1332406924470521856
1332626350050603008
1332590479217733637
1325735398081966080
1332502187394609152
1332409481926500360
1325842980494860288
1326225248279212035
1325155076852363265
1332313372306665473
1330449879999582209
1325880340553080833
1325727476765650946
1332702197252034560
1332421361072009216
1332409948245004289
1332471185276346370
1332817659403100166
1332458337624068097
1323441244949929985
1322846429942059009
1332451973224931333
1322865247875747840
1332675093781221376
1333111918001840136
1325687025656344578
1332725603557134338
1332319739478237186
1329378079001677824
1331248578258477059
1322809555500388352
1332661101142691840
1332411130933874692
1332407993447669761
1332443917070036993
1326253169966526468
1322827661106958336
1332428040937345032
1332720907501117442
1332648012603154433
1332468483125338112
1326311124590014464
1332643351829606410
1332748146129186817
1329054758221574157
1332414818742116356
1328969193216204800
1325774775097110534
1332986255018225676
1326262269932687369
1332612135646539777
1326152622127149056
1325850499896184832
1332585910265925633
1332530139524161542
1332601368000024576
1332611168570142722
1326399280702164993
1326057908254150656
1326296346224156672
1332494966199898115
1325038217440210945
1332407878674755584
1325824043182854144
1322850729703387137
1326400287054196736
1333167229232422912
1332611544660774914
1332424290138984451
1332434435048955904
1332708368914452486
1326594357223370754
1326236084188143619
1326154959516295170
1326025010918600704
1332580592559529986
1332443971470159877
1332415509107798026
1332466428813971463
1326058257836695555
1324743410859782145
1332410152402759683
1329002036470353921
1326153989726089217
1332612931641626624
1332410090612269059
1332288988741242880
1325809891194310656
1332639295329341445
1332606940149649411
1332459740157403136
1332716920911622147
1326194896701632513
1326153052634673152
1325163001822007296
1325857338478235649
1326230017408380929
1332598952605208577
1325841531681509376
1324505274749779969
1333157242888212481
1326151146197618688
1332469543726362626
1332664975077339137
1332565268992839687
1332658271170277397
1332408686011158528
1324687571721592833
1332438368878272517
1332594981735903233
1325914202880548864
1332745917099888642
1332421049808543747
1332551977943838720
1326241152060821515
1332441941959700480
1332607809700171776
1332406203301978121
1332808904158404609
1328969344961884161
1333340051380572161
1332408465868939264
1332680852430594048
1332407950397288449
1326259691169718275
1332432297275109382
1332630379698810881
1326190483027218432
1332301998314688515
1325879894795030529
1325850177119395840
1325782250999394304
1323175507425435648
1332440241412640771
1323578051062628357
1332610057100537857
1326216270178619394
1332775593423884294
1325041390406021120
1332487501529886721
1326149770050740226
1332800488501354496
1328590172791955459
1333123040075505666
1333077929115389953
1332469109443989504
1332580541888139264
1322829078932717570
1322690926381277184
1326156181820280834
1324482544251920386
1332428915357396993
1326474691146559489
1326132518538653697
1332584823005863937
1326211646449217536
1322730836324720640
1325072940560490498
1332708781785026568
1332414731521548291
1325923796398837765
1332427004046684162
1322711151516520449
1332420873308037120
1326075806402142209
1332406273862676481
1332581849135247363
1324739926756306944
1332429729123667975
1325788311923945475
1329213469141463040
1325926971205881869
1332410354366812162
1332695407806320640
1332600576589389829
1332424531898724354
1326153323406372864
1333160307397636096
1332409248953851906
1326154865228345345
1332609824362782720
1332960260118687750
1332425079695806464
1332432023936507904
1324432966416826370
1325012434273382400
1332769687831257088
1325912918551126022
1325784236419395586
1328984362994585603
1322712681439256577
1326356576215703552
1332408605371490305
1332610841330462722
1332587423134572544
1325904319074459648
1322887281741615106
1332444422479486977
1325795627826081794
1325013342281486336
1322703858204844032
1329019926561120260
1333060082154803203
1325766476452782082
1323265176070705155
1332443318870020102
1332416377014132738
1325743803500736512
1325775318750277633
1326152905951473672
1332459303970742279
1332583528488431618
1332413292774641666
1325719777139154944
1332618941907283968
1332501808682577925
1332609345020973056
1332433647996178432
1332411323423072259
1325720748841984000
1332506996772401155
1332636459145302016
1324484474340560897
1324385114013474816
1326195643434606592
1332414152309153800
1325753127740575745
1325783672239382529
1332612378698149888
1332620924118585345
1325718130438656000
1332432764533084160
1332571634406973441
1332418560111632384
1326250556906672130
1322940925711179777
1332591680265072640
1332456348886437888
1332405584386269184
1325876522650128389
1332705581296209923
1326300923669454848
1326157582839525378
1332694397113266178
1326156913202106370
1326448327563599873
1325125799888957443
1332488748366516225
1332664982174052352
1332749000542466052
1330022010513186817
1332427535293034499
1332631309546614784
1332559905195241473
1326170065318907905
1332587537462931461
1332659712542838786
1325923875587231745
1332437214517719041
1325538859548028928
1332730833086664707
1332408219982061579
1332415703266242560
1322695487967891456
1332587165927268352
1332409646892666881
1329093229761888258
1332429177459535874
1332565301322534914
1332464224724004875
1326219625806311427
1332411011345887232
1325852827483316225
1326293980649287687
1322710760599048198
1332498816289959939
1325797431334871040
1332616120587739137
1332414325689036802
1332700338563014658
1326150275284004864
1329002925327343618
1325164431156924416
1332449290317422594
1332605962637758464
1331714334146359296
1332125149483704321
1325834368213016576
1326347134799589378
1332409994864635905
1332457756670955520
1332418370415845381
1332444520676548608
1332432939007827971
1332464310241595398
1332786860637249540
1332979746565709825
1332829403848585222
1332614219284537344
1332462607102582784
1328365071865700353
1332121322021920770
1332449209681924097
1332674783746600961
1332469659812114436
1330952074247462921
1324664711842091019
1332418139192176652
1332447229454528512
1333107921828392964
1332618702223790080
1325810634353684483
1332579526992420865
1326258340188532737
1332605918542958593
1326260050814496769
1332659608654114817
1332425728047124482
1325161598713958401
1332318801187270658
1324470036698902529
1332594571642081281
1326195353264267265
1332423191759818754
1332422145071337472
1332372182379487232
1323367937886113793
1326252408188653569
1332603865263386630
1332421712747655168
1332406386290995204
1326154623225311235
1332585682972315648
1332509624541523971
1332447222265499648
1332613590537400321
1332556593507037184
1329052010365202434
1332421055110131716
1333072449156636672
1332407719152791554
1332619918974529536
1332479824141688834
1329200884975276038
1329014930503307265
1325067142350385152
1325119009335910400
1326475224427220993
1325030377539375104
1332662862276390912
1326257408839208960
1326218877538340864
1329010317939060736
1332421806389649416
1322790649561784320
1325897286434615296
1332408906300219398
1332301099701821456
1332457598373736449
1322885870324752384
1332406539815178245
1325833076317032451
1326251939483496450
1332769532235157507
1332529299476385792
1332598378950254592
1332412288045883392
1326052284082610176
1325899715070873605
1332483360229363713
1325017939381280769
1328999514800320512
1325014759297732608
1322833080739049473
1325197089467494400
1332688430137012232
1332998166510243842
1332775463459098630
1332557335466823680
1332500070013562882
1332426295305768962
1326227398778556420
1326181466984812546
1332638179539693569
1332613952036073472
1325871655000956930
1330323024713801730
1332709310078595078
1332603927045541890
1332434959429214209
1332878191971721222
1332451180711202816
1332628634935455744
1332569835310604295
1325149541180469250
1325765133034016768
1332408067602911232
1326154069266882560
1324772261778329601
1325856002244288518
1332413131780460544
1330598808032514049
1325880713116332033
1326168394983485441
1326479463647993856
1322863032641441793
1332432688263917574
1332432881264812032
1332425164814954499
1325806892137013250
1324619049360367616
1326155203624701954
1332405912116584449
1325042806361042946
1332611753868484610
1325766258357309440
1326641074643808256
1325090205431427075
1332490167400214529
1332638598353580033
1332456524023787521
1332447423818555393
1328997840216055808
1333457994546372611
1329098360062525440
1332639437524701184
1332414990565969923
1330524536232697857
1332610851640061954
1325030339912327170
1326167298697289728
1323364281254105089
1322701416885084162
1332583116540682244
1325874797415370752
1332595189219684352
1332508133474922504
1325765594365501440
1323671109636624387
1326157515499986949
1332438579486855173
1325716999499079680
1332455622835572736
1328990877595918337
1326463882169298944
1322787310136688640
1332451613647245312
1325813400652419075
1326162579081879552
1325759480345321473
1332405879765929990
1332739130938298369
1325898992614567938
1326333186234855424
1332429212171579394
1325928376973078528
1326149379808485379
1332446511192477696
1332618275239374848
1332428729528840198
1326306315652706305
1332594950547116032
1325735404998447104
1326222221396877312
1332432855352434689
1332426162648313857
1332767420700880897
1326137135712317440
1325791058203176962
1325721832830464000
1326197867489488896
1332565119243522050
1326204741563658242
1325834006986952704
1332633945024946176
1332630505389494272
1332579142315937792
1325811960538161154
1332736983479832582
1322748451273248772
1328985608891535363
1325773926123892737
1325774347529838594
1332436406090788864
1332631760136507396
1332632968133832704
1332435091805655040
1332434512622592002
1325837763246247940
1326157915481378817
1325920069470269440
1326246205953871875
1325765290253283331
1332633887714009089
1322825553188130817
1326358639809089543
1332448300314857472
1332510913543409666
1332424114959691776
1332585251466579968
1329579929617494023
1332593943540887558
1332423154787082240
1333382187765420032
1324731764271685632
1332428122667495426
1332702139416801283
1322823280760410112
1325793104503451649
1324432019540058115
1325876787818192903
1325729464182042627
1332501361716506624
1323280401847226369
1326406381298126850
1332585218650345475
1325768604411957260
1332627278287822848
1332578890963972097
1326176157528711175
1325945020499845120
1326173110761103360
1329003442661158912
1332627883140018183
1332446516666052616
1325717921667158018
1332432401629409282
1332467044726550530
1325921285231271940
1333137899324313601
1326238991495159811
1332452097460211720
1332739676596269062
1332969386869714944
1332448896149282820
1326151274459443200
1325892264518934529
1332441445790257153
1322988805574504455
1332797098627051521
1332442427215450112
1332436297269571591
1332570239167557632
1326229416586981377
1332601422915964928
1332426863990476802
1332794700424761347
1332431086962479104
1326226098087145473
1332443938700005385
1332434298729848832
1332734620526325769
1332624143620116480
1332426610209939458
1332455899076694016
1328566236171669504
1333064580487127041
1326166228835119104
1326152384792375296
1332638842877321216
1332479958174883840
1332701733940817923
1333466261305626630
1332477092257214464
1326188364412882944
1332572166223781889
1323275167385223168
1332410071544979459
1326268217266987008
1332516859250429954
1333350855299506177
1332346492342964224
1329022338051026945
1332611368135127041
1323187271785435136
1324731853220306944
1332616302830161927
1332407915362316297
1326163155727298561
1325804493817212929
1332650273177821185
1332677181315686402
1332801057307635712
1332498663789170693
1332634199585665025
1332584779129171968
1326601095209213953
1325836769481400321
1324712051999199233
1332460230903554052
1332667932120379395
1326253551690067969
1332659997663260673
1332602556917354497
1326202961173893122
1332625014802296832
1328987006853066752
1325720491982790656
1332449538657890304
1325808282515148806
1326162032153014272
1332410073327529987
1325718961938440192
1332623232248242177
1326515431264366592
1328413921699618817
1332452394764967936
1332580993480331265
1332677983073669122
1326484332589051905
1326433324039102465
1333018588706435073
1326154385265713154
1329039978287017984
1325766486607196160
1332406116853149701
1332433337131163649
1332704320991662080
1332294501088563201
1322698198998274052
1333146754330611712
1332465842852868096
1332413111974891520
1332602848572530690
1332787014664654856
1332627566545563648
1325832800050810881
1325743540136267777
1332658064907005955
1332617863207784449
1332606740861480963
1326190422557913088
1332585876187131904
1332412925198430208
1332408418309709825
1325989416746278912
1326456513985175553
1325809681584041985
1326098818727878658
1332454952732651520
1325699708136927233
1332685117010153475
1329050166867976197
1325024268850229250
1326156124811366401
1325033467982327808
1325741636157120512
1332592704547680263
1332586021452705793
1332791695201677312
1325888088497926144
1326181693733167108
1324477994216394753
1332791494642704385
1326230771003166738
1332552033082150912
1326306029525676032
1325060688851644419
1332621602295603202
1332466698348277765
1332449426904846339
1332429076238381066
1332667469761310720
1332631586995630080
1332968266734706690
1332413985942024197
1326206815751843842
1325775419912630272
1332577946079531009
1329071626072305665
1332498105577693186
1330257313593221126
1333111233566879746
1332809524324003842
1323248661036453896
1332744571005128704
1325829748690444291
1328429818854125572
1328006749861924864
1332673733501267970
1326172123501649921
1326517646444158976
1324871005437882369
1332422537708507137
1325847766434795522
1323744258617212933
1324471822436470785
1326206297537191940
1326291004861927424
1332412414957146115
1332406248973668352
1332416410933452801
1332420567614574599
1332450916532953092
1332412372552732673
1332537963557875715
1325783677507411968
1333444568717680645
1332454331644252167
1323009119083782144
1332420809000951808
1332438124388093953
1332418590000156672
1332452952070623243
1332409001422827522
1332469582930599937
1322699530790457345
1332473517829447685
1325835941529923585
1333107359481274371
1324475578079154176
1324475045671034880
1332487598485495808
1332668145908264960
1328998591197810688
1332620348605427712
1328584210727247872
1332425673873481730
1332422632642371584
1332621283700445184
1332409041767829504
1333140292548038656
1332457440051404802
1332412777089167361
1325862198799904768
1330571313925263360
1332594064508805120
1322981391320129543
1332459604698165257
1332425956594757635
1326245363242688513
1332629722598084608
1328564896552857600
1332461850588549127
1332964442640936960
1325753686002429952
1332470394272571392
1325834222746079236
1332424488416403458
1326399193334812672
1322899179421765633
1332751329144483840
1332536636744273920
1332411737476313089
1324687448115499008
1325850110388035587
1332615451285872640
1328984242706112512
1332602070386561038
1325731769866473473
1325730797630971904
1332726172384452614
1332744881043894275
1322854497383829504
1325755813705764864
1333152181315375105
1332410030138814464
1322805157575512064
1332551548321345538
1332428723669393408
1332546847517368320
1332409993333776387
1326413843959058432
1322701231958249473
1325757636030189568
1325860689714569217
1332831975032414211
1324323947953983488
1322826904450310144
1333003692275068934
1332614035490164737
1329101689937420290
1332690440982847491
1325092445420445697
1332418084334936065
1326954610871971841
1332412394107248640
1329373145686568961
1331205028409970689
1322862921999933441
1332634670043963394
1332699188308701187
1326309632009252865
1332409663321759744
1328651471064354816
1325784955151069184
1325929426647994369
1332221111107514369
1332461452138000385
1330525828262846464
1332408449498558467
1332739388946702336
1325928621375168513
1332438158735249409
1332573743084838912
1329054019319451651
1329046168429584390
1332448915191443457
1326247544444346370
1332456013669216256
1325889791976747009
1325719835754565632
1332560182300258305
1323735151394914305
1332460727072854016
1324436270689538052
1326170083685781505
1326155458437111808
1328627702459461637
1322773624747708416
1324772626867302400
1332443623833657344
1332723076145045504
1332442032497946624
1332418333300436993
1332512683049033729
1332667021520199680
1325883945448337409
1325568838847488001
1328727796944949249
1332413996683636740
1332408939477164034
1332693366635683840
1328487043014529024
1325888084597235714
1331717413335937024
1326359006185742337
1332568848952803328
1332634511897714689
1332611370064416768
1323265374289362945
1326160558685626370
1325762795875561472
1323312884152180739
1332610649814421504
1333122671844990976
1330533002393350157
1332651257656455168
1325927991763988486
1324684526069653506
1332648215854915584
1332610240970448898
1325900173017559042
1325722203799891974
1324714597560029184
1325399224360574976
1332410737680117760
1332434668046733313
1332638906492342278
1333169033282285570
1332406477445795842
1332407293099569155
1332646617141407745
1326174767397875713
1332463676381687814
1332422695108173827
1332419252259840001
1332752024811790338
1332587206477815811
1332441464593321985
1332437706606075909
1332586998977204224
1332581916449644545
1332412033761992705
1332554196080603137
1326153404184469505
1332411326405234688
1332499892044959745
1326164879271731200
1322703499700899840
1332430092170129411
1333481960577110018
1332467399443042306
1329045511568060419
1333164101082750989
1322866728162963475
1333322372682756096
1332504301596516359
1326200056249274369
1332459246655516679
1332655114323103747
1332451442116931585
1332422620696993792
1330579748683198466
1332410936401997827
1332539757033893888
1326416694898778112
1332616338045546496
1332421733958242306
1332579724158259200
1325888354026713096
1326061195229540352
1325851519644786690
1332379527293652994
1332634423578259456
1326152043770351616
1332475671071715328
1332419591692279808
1326286280733364225
1326081417223278592
1324152534374776833
1332445581940297731
1326436749921411074
1325864854205435905
1332551068102877185
1324378892946255873
1328647276311482369
1326165767314960385
1332712357257162757
1332435830904938501
1329029965933850624
1332596718819561473
1332636682689138689
1325915052562657280
1332698358524354560
1326420801197895680
1332505666641158144
1329027438190452736
1332444892379942913
1332448230345465865
1332296737529192448
1332446939607162883
1332440078124199942
1328995446497431552
1332412570234482688
1332406543594250241
1332430997653217286
1332666774706393091
1332646563005534208
1326199812069482496
1332615213779136512
1324725967802302465
1332714796895105025
1332463239733669891
1332409984886468610
1328990691595345920
1332697003139141635
1332417159612555265
1325734762443640834
1332408768391503874
1326242476311654400
1332729561310777346
1325750406992056320
1332461648116920322
1332984101352185856
1332446024078684161
1329345076271714305
1331719124075032581
1326332887696891904
1325776218281701376
1332425057600233474
1332456605691113472
1325846464451522561
1326170271192113152
1325839861773983745
1332458872460685320
1332446218824413187
1332451819344318466
1327046455387942912
1326261528157413377
1332443304877756416
1332416335423401984
1332788926164119556
1332456126319890432
1325849903323602949
1330563163008462852
1332672327675469826
1332482483363991554
1332603434806243328
1332417814767038464
1322851751146541059
1332416237587095555
1332496799391690753
1332644823690571776
1332571353690542081
1325729341934854150
1332417462873284615
1332410169360322560
1332415074112245768
1332427869327413252
1332596023060013056
1332419300511125507
1332619013994795010
1332661271754366977
1332740062237380610
1332619511258886145
1332445452378255365
1332426940607815685
1332479101748338689
1332419620888842241
1332449935023804420
1326159417394556929
1322765394885677059
1332291427024384000
1332445087800979458
1332406288802865159
1332600643811479552
1325027051880017926
1332439138579206146
1325762308480634887
1323247507867127808
1332817503890903044
1332449476091535363
1325896508206616578
1325881609841766400
1326269335090950144
1325717389804265472
1326150927498276864
1332465729984225282
1332460253238194178
1326065456004861953
1326201951701381120
1331877675988889606
1325781132722499588
1332653439881519113
1329013988680675328
1332633293670543360
1332632151884517376
1332461003737620482
1332412940687958016
1332607268341379072
1325834625479024640
1332600605492326402
1325802225004924930
1332462681849257985
1332674012980400128
1327408738299416579
1333356872687095811
1328729374644981761
1332303496742367235
1326852345171496961
1326171243582803968
1332648782933135360
1331972883074215939
1331143276737552388
1332671445315575810
1332629341918945280
1322690323521425411
1325050364027170817
1332581353326587910
1328658220433477632
1332292277578977280
1332440723086569473
1326180392102223875
1332405993217683456
1325889817830445058
1332598947735597057
1325725950567452672
1325847783098683394
1322972099808501761
1332426704002945027
1329022981046218754
1325724707786780673
1326399909571010560
1332426800127995908
1332614674165198848
1325829047058915337
1330951264520253442
1329194509318692869
1332718031617880068
1332490268852056076
1325861891592380420
1332641334201552897
1325761609424384001
1333463063668862976
1325842234101686273
1326308296488267776
1332608603266674694
1326253407267676161
1332565086574174208
1333010747882868736
1332608962924060673
1332578636147400704
1333103526940127232
1325762114481516550
1325027547277643777
1332642721916448768
1332494749161361409
1332660601168879622
1323040808342355969
1332433338972450821
1328993864942751751
1326477630196035584
1332440254805118986
1324772182262767617
1332419921217806336
1332408338991222784
1332407084273561605
1332453431018205185
1332462845993373696
1332636801304039431
1324803719972663300
1325010264111132673
1328970348931522561
1325388652306952192
1332408308049842180
1329011388191215617
1325809824945352704
1326228297789960192
1325817506938970115
1326173365552500736
1330680780071297031
1332623854435491840
1329793045265588226
1324493846647132162
1332708689975906304
1323223046354862087
1332638252600356867
1333511043847499777
1332407114556469248
1332469935243730944
1325723736650076160
1325754862102044679
1323205497810522113
1324609608636338178
1332574456162775041
1325929353943928833
1332551772699828226
1332429766759223299
1332297467325526018
1325922505845055489
1332415493475590145
1332414528420769794
1332630276061716481
1332344202013908992
1332645401611149313
1328399249520926722
1332426766191878145
1325838034550607874
1323263654565974016
1332606286370918400
1332678818478370817
1329075539538190338
1332603022086709249
1323308041777893376
1332295947494285312
1328717833228972033
1332634643519197184
1328976904498663426
1332413523545247746
1332412279581708298
1325072210952941570
1332439288131293185
1332676644511821824
1325838419805794304
1332463647117852675
1332411734863335424
1332670661366603779
1329012793891115009
1325716490050527237
1332545701822275585
1332532266006933505
1329070749223628802
1325023818868531201
1332297417195196417
1326535459640496129
1326217260864835585
1332582520920141826
1325836212838469633
1332625514578792449
1325731896517603328
1324682348290592768
1332413914135597056
1332481345478680579
1332427175413342208
1326350166820007942
1325721150220070912
1332740791702335492
1332411850085036034
1326260800009461760
1325910742315507718
1332405734735294464
1325846048586215425
1332620194074734592
1332614818080182282
1326159423132327939
1332618008330727426
1325764193694457856
1332460581333381122
1332487529103233027
1325861885368000528
1332422572282142721
1325762472930914304
1325028509094436864
1325773193764810752
1322846023685939203
1332411002147704832
1332595416643334144
1332605651021942784
1332716663935037448
1329004241793544193
1326179540683665411
1332633389296455681
1329012260564586496
1332598698291961856
1326981112246231040
1324753024141697024
1325858703841628160
1332423467233370119
1332564890326851585
1332460115694411776
1325836889325236224
1332584473297346561
1332407285579194369
1325017241960783873
1333095729573793794
1326543881953927169
1332364916221743109
1332623045387759623
1332465462291132417
1332451230501761024
1332466211217608708
1332453793909313539
1325085428643459072
1324477694747250695
1332767642541756417
1332406846846619649
1333516655167680516
1332411753905446914
1325012092802519042
1325761835954561024
1325010931710124033
1332616652966555649
1333411150353096706
1325772227816665088
1333065460934463488
1332466707307384833
1322830348758192128
1333186285494808577
1328656415192473600
1326156184219512832
1332500706885066752
1332412115416702977
1332625114832265217
1326287798685622272
1322835610365734918
1326502772150333444
1333154326714478593
1325789977356201984
1326183911353933827
1332550493982363651
1325795756637360129
1325775896566001664
1329527367233101852
1332433804733116416
1332406559759011840
1332421632414068736
1325836948850749440
1332429610919862274
1329192670628032515
1326172913041543168
1322904895842902016
1332421417611259906
1332622188969684993
1333420217972781057
1326316735922900992
1326228860166352901
1326165147367452679
1326156375274237952
1332766910132473856
1332448566523129857
1326149899973484544
1332409016690106370
1333123962742693894
1332600506951331843
1332458074804809733
1331721947646992385
1332409453325463552
1332409264900595713
1325164696614432768
1332569267456380928
1332616175432458242
1325721288594382849
1325745518623002629
1324749171556032512
1326455906754678784
1332420728617111552
1326207826625261575
1325118963974615047
1332482216857903105
1324482231319093248
1323275826234884097
1332441406317748226
1323393894273470471
1329405402514137089
1332738294631849987
1322826839971287040
1332300269518991361
1332657504808030208
1333002847940730881
1332669803421708290
1332461345627836418
1332412702866681867
1325872510781558791
1332447481960030210
1332680590450171904
1324477420544708609
1326530424827482112
1332980479889469446
1332472618214170624
1332407417519398915
1332447981103181826
1332608570093932546
1332419830650187779
1332406091490136072
1332574596063752200
1325868023903817728
1325014150809083904
1323060382731276292
1329100841018646528
1332991143349526537
1325698165748752389
1332787756750213120
1325754416843149312
1331186026577088512
1325852790141358086
1332421256973602819
1332955586246402048
1332594338547830785
1332407523333332993
1324491698634952704
1332672302853607425
1332470497540530178
1327242760227872769
1332591552221339648
1328858548709830657
1332438057962835971
1332423801775284237
1332407137985847296
1332819788683489280
1332465757045854209
1326158689091395585
1332465053224873984
1332445753185349633
1332508618059620352
1332693793884295170
1326133859977662464
1326162985803542528
1328387630816485379
1329062141392023552
1332405961244483584
1326260557486428166
1328801829283565571
1332419039487025154
1332465998918725633
1332415848296964097
1332465962386395136
1325906210441277441
1325773626055024640
1332427521988694016
1331713541066395651
1332499985192128513
1332470512342142979
1332406345761517569
1326165377311764481
1325823154388922380
1332547779055546370
1325820672694743045
1325828739490586625
1332823785565794306
1333477318724120579
1326474502977576961
1332608615576965120
1325902952121462784
1332441295088971782
1330523246052184064
1332757174536331267
1333172651062403072
1332591131343937536
1332456510954278912
1332544809056268289
1326176462416850944
1326421903423266818
1332665382084222976
1324745067555422208
1332628996736086017
1325914276503179270
1325835029025583104
1332617683632861184
1332429673108746249
1332798041720561669
1325869349400350722
1325901997158043648
1332434694336630785
1331569857289129985
1333115972849426433
1332827035220267012
1332662651651022848
1332474885550059520
1326256534385471488
1332694153038336003
1332687658523488257
1325024097450024960
1332588174045040640
1332614909285314562
1332407581835481095
1332605291108700163
1332656414511276032
1332637871044501506
1332437030463283204
1332422242689544195
1332429086342443010
1325789763761266688
1332448917414440960
1332479764511256576
1322712898209198081
1332458226206564352
1332752783976652811
1326306495714234370
1326162252597223429
1332440566576066560
1332457051684024321
1333388625933987841
1326262758355165184
1332471801914519552
1328973934767853569
1332422915145535488
1332542199465189379
1326151586259800064
1325718674381156352
1325116422243102721
1325098673869631489
1332629557493567490
1324679117502058497
1332452255400939520
1332623825792606209
1332466395863543810
1332619258661130241
1332612692398452736
1332442514150842370
1332466545327534086
1333054379818094592
1325762016745828353
1333343175071698944
1332411787376025606
1333470706982670339
1332434627458445312
1329013199514046464
1325894639807815681
1333164124499537927
1332325622799069191
1332438261579603976
1332407481889394691
1332719905553133575
1332450676711022592
1329047638822563842
1332428247167102979
1332633021321781250
1323270911693328387
1332420229750788097
1333104276168695810
1326190076129382401
1332584898020958208
1332983597599485953
1323203862900199424
1332438729978503169
1332825450616414217
1325777773806440449
1329218274563923971
1325912997781512199
1332730956101406722
1332645513317986305
1329025112365027328
1326065358235709441
1328985051292430342
1323341778246918146
1326160966820753408
1332408379562749955
1329555242351030278
1322903764022546440
1325881294102949890
1332472037319856136
1322900009851981828
1326171918781853696
1332629757524140034
1324578658401587200
1326834029405016066
1332686225262653443
1325929090302566401
1332432074687569920
1332426254767808512
1332415444108636163
1326083097138487296
1323278593028427777
1332611341908062208
1329165443249082372
1332786006748229639
1332719096631324673
1332537882251304960
1332514185754927104
1332476537443119109
1332407364784447492
1325766072239316992
1322767702352662528
1325089981484978179
1333160242293710848
1332608941138862080
1325070004539289600
1325791337564819456
1332424712413192192
1326454901321453569
1332739392516075525
1332412950922092545
1332408123294949377
1332649264527372288
1332464070512037888
1326341669273411587
1332412392316276736
1332612676996960256
1325905410931494914
1325844497348128780
1326355763309268992
1332599177348583426
1333122098852745225
1332482006446469123
1332468449939951617
1325047785520066560
1332605212037681154
1332437605116469250
1332447867773083648
1332430602134491136
1325743617336610817
1325775294058389505
1325059846455037952
1333094610403520513
1325909590920335360
1325774421139841024
1333001193078071297
1332496610077642761
1325058264103579648
1332617443429244930
1332443238683320320
1332703585138782208
1332290785933479936
1328984452094169088
1332676376923672577
1332418592848171012
1332412503771504644
1332407135720845312
1328999235946213376
1332454232981708806
1326318818545852419
1332490967035899907
1332776172514586624
1326398694061694978
1332415119024906242
1325836499712086019
1332634410508816385
1332426239693500427
1328364305327206401
1332630436539981824
1332410100070420480
1333446643715354628
1332423728035192835
1326178227832942599
1332420692617334784
1332499537819275268
1333112018501513216
1332525087468232709
1324688252192829447
1332599730363379713
1332446340413075456
1326153999448494086
1332576065076781058
1322922021043535890
1325879254102528000
1332341845788135427
1332633806885437440
1332486946803900418
1332449071949369346
1332974864232222723
1332440039821897734
1332627553631285248
1326249078020337664
1332576869535936514
1333384857943207937
1332457008293957632
1332446094568120320
1329067693006352384
1324661325184860162
1332649491044896770
1332467757653389313
1332430326866604032
1332802761709285378
1332608302249816065
1332576545936994309
1322982590069022720
1332429545249665032
1325732984201285632
1325785433545060353
1325799910487318528
1332516038534176769
1326149868084191233
1332580512200790016
1332446296372899843
1332409838882709506
1326220358609903616
1328724696028864512
1332422754138804232
1332553814608646145
1332521874123862017
1325872672862052361
1325897607055552513
1326181907558764544
1329018960239538181
1332433525207932930
1332621303166210050
1333066929108627459
1325772944451264512
1332453459824676866
1326171419244457985
1325852649166606337
1332436986326642689
1326290854949097474
1326167241277272065
1332431215295655938
1332466989575659524
1325717485933486080
1324971348758818816
1325150173702606848
1324485579766202370
1326155632957906945
1324970613296033794
1327052387257872384
1325784000586260480
1326172234524864514
1326162170682486785
1332523291303682048
1325883506963181568
1332592285188583425
1332406167432204288
1332234059175620608
1325799982721622018
1332674051861590016
1333044469743104000
1325017759781163008
1332465687776931842
1332769930316558337
1324313115308232707
1333351955826139137
1332464433625505792
1325017595620323328
1325732837966876672
1332744791159959553
1332566642690289665
1332489708123787264
1332709387807449089
1328994026377371648
1325718781797289984
1322837203173707777
1326261244836319233
1332639273238081537
1328690898276855808
1332648730965778433
1332520737433849857
1332604650848215042
1332449401244160003
1332446420553576452
1326182340327059456
1325928116041224194
1324728895170629633
1332735009459941380
1326244903718965249
1322834260282216448
1326301008620875777
1328654484797579264
1332458816139644930
1332406113229287425
1322895055510736896
1333114047416446976
1324738852502777856
1326152536634568707
1332448142269108224
1332641703317155840
1332426664991739905
1332621251395936256
1332423091654455296
1325771433755222016
1325789860905545730
1333068652233568256
1332413133714051072
1325833864921702401
1325833028908830726
1325733416806047749
1332407825583255552
1332420024846471171
1326283785919492096
1326204982589333505
1332451525575241730
1332295990766919682
1332615634472071171
1325887127666749442
1332408419492487170
1333244854680379392
1332458422520975362
1326150935891103747
1332460241204760582
1332572050347732993
1325899241693310977
1332408789220405249
1332474780763779072
1332472825744142337
1325758052650397697
1333158884987588612
1333147149232640000
1332613698825969665
1332443778796445701
1332469974842142720
1326250652138352641
1332597100736098305
1326137872005664768
1326176569942044672
1333242902353506309
1326389780985372674
1330532091709321217
1322808085925212161
1332618140673564673
1332460028784160768
1325772784522338304
1332623142066548736
1332428600595914753
1332407039549698048
1325726851587825664
1332561180297224194
1333122828577681408
1332648784371867648
1325055987271790593
1332412381494960131
1324309791070658561
1332547058692190209
1333144844487823362
1332456994033315844
1332430703871582211
1332406998705516546
1322762290819698688
1332739954984824832
1332454294671527937
1332312318433222657
1332723871695384577
1332432680160550914
1332573324828958721
1332428258072211460
1333015318650875905
1332472029879152641
1332409704966987779
1324699100680519681
1332618955052216321
1332409044947136513
1329229130232160256
1326149894453809153
1326085975517372417
1332619277514514432
1332417388311089154
1326152892957532161
1325741181549031424
1332876962734469120
1332644835090714626
1322835259659030528
1332468471351873536
1326180922916560898
1325721941274218497
1332634486220206080
1328955095799771152
1326192139773079554
1326547904681582594
1333448699264069633
1329008420620537857
1332440600491282432
1326285498093023239
1326070085153394689
1332852390249246720
1332430886554439681
1326246609466875916
1333105226958712837
1325023677990268928
1332647320803012609
1326389167484526592
1332417588337336321
1331280453198884864
1325698673125298176
1332633989899821056
1325067128572088322
1332456455216173056
1325740551262642179
1332504318080114688
1332632084565921793
1332414336791416840
1332709029626392580
1325718185665044481
1324596296641089536
1333103234140041216
1328984696051687431
1332460146744766464
1332718838530510848
1332432824570404866
1326295201514741765
1325828242373308417
1322697896391790593
1326290944791109638
1332679131314663424
1329131382761779200
1325832226261639172
1332646042832150528
1325031013316251649
1332429259466530819
1332319265437982723
1332412003617558532
1325839676842921986
1332429870262063104
1332436915929362432
1332678203589206018
1332473555112636417
1332625282797359105
1332650660215578630
1332578022902407169
1332509397973684226
1332475666198126592
1332660369131786243
1332575867357323265
1332721809649766401
1324760244975738881
1332665308969111553
1333185301758537731
1332433625854390274
1332416776278302722
1332802337056944129
1332406164227821569
1332661974828724224
1332545171880349697
1333412517218050049
1332509984312205313
1332675163100352515
1326151691939573765
1332417373303877633
1332433195103637505
1332818576038825984
1332428724541812738
1329363840979640320
1333489441760043010
1328972081812418561
1330523972128153600
1332775675930009602
1333102520575664131
1324691098946703366
1333141079323979777
1324598383290523649
1324371418495258631
1332600257444712450
1332444207831724033
1332433092968067074
1325015170461163522
1333124330281185281
1333134298556272640
1332967801716432896
1332513506839629824
1332469133074640897
1332488983167766529
1329071024827113474
1332569697980739590
1326152723272699904
1325721375777189889
1325715965158584321
1332423506815049729
1332408852483072000
1332618165080223753
1332437287980969984
1333456935606235139
1332418804312322052
1332635085137448960
1332412597522591745
1332643917255335937
1332450363891396610
1323366804769677313
1332471008129904641
1332448375317401601
1324794282734166017
1332413885249429506
1332458812125687808
1332610972402454528
1332416682397224961
1326279837322014730
1326165547378216970
1325772391272894464
1333456227087618054
1330233000756391944
1322823974720516097
1326259476358377474
1332636072526934019
1325857982664609793
1325794884268290048
1332406188911321096
1332405547140845571
1332415795033468940
1325719523455082497
1332652412977487872
1332291595891314690
1332413086985318402
1332671792155160576
1332421394244792327
1332405557588865025
1329017730817794048
1325860368120508419
1332408098703761409
1329017129715331072
1332463623336316933
1332765101879914498
1332431326486679553
1332412272971493376
1326540725941534721
1330942551675850759
1330523139999227906
1332573818376884230
1325910322331389959
1326152153233301504
1332635150606364672
1332439748342931458
1332463448719052802
1332491469513515009
1326257789266767875
1332474004620390401
1333039806373367811
1332622804789977090
1332737949650325507
1332614307570454528
1332528830607716353
1332450454450663424
1332407484632403969
1332585096340254721
1332315099751731202
1326425039894351872
1326085848463515649
1326016575598637056
1333410228411445248
1332582964186779648
1332408078277414912
1325834854836166662
1325733789092474882
1332341455705214982
1325011321415479296
1328283020688826368
1332415024191713281
1332442293127811074
1328969119031586822
1328728399897112581
1325759413010001922
1332438173729906689
1326254265921384458
1332485996827586562
1330522349918171138
1326177682003025920
1332418277218398212
1328724437932388355
1332613388954984448
1326293218187743232
1332623983947157505
1329097340691619840
1324307677699334145
1332537005620801536
1332422646940700676
1326316569442590720
1333135678587232256
1326152477230690309
1324721825054601218
1324668865465430022
1332480354406502402
1332589782644514820
1332445465850359810
1325789462522179584
1329024600936763393
1333106556955750405
1332611799338921985
1325885473475190787
1332412346707357703
1333379960879321101
1332626331859869697
1332565679250288641
1332411816572571648
1332539553849159680
1325781796324306945
1323640679948537858
1332464770117742593
1332405457189629952
1326244879509442560
1332630090266648576
1326211232899198979
1325937679821926401
1324461328145199105
1332439022002696192
1326072264446668800
1332446239913283584
1326162459560988673
1326239011598372866
1333155751196581889
1332438802510573569
1332466748780650497
1332414825117442049
1332583686458527745
1326223276910239746
1326165560523173891
1326155806614704130
1324305926464176128
1330955353736032257
1326423958233739269
1325906209640243201
1332439124331081730
1326197273739587585
1332437212391206921
1333379433428815872
1332710450044268550
1332453237019045894
1333388133610754049
1332630266276360192
1332427072128643074
1332430475491684353
1329370844003504130
1326221593232756736
1325038183483109376
1326250767116869634
1332652095812603904
1332633911927713792
1328001742282297345
1332613596321353728
1332418667842301959
1322812178450292737
1332476561161920514
1332621568091041792
1332540374364135424
1332435362845749249
1329018690092871683
1325920087988199424
1333066247550930945
1322794366109405185
1333458991633084416
1329302019073519616
1332658586409988096
1332449713484926976
1332698207936188417
1332459673849618432
1326294230835269634
1333071281328185345
1332491306313125895
1332524558704914433
1332427196217090048
1332405603646443528
1332323789502296069
1332707816449126403
1332521435764580352
1332427738502852613
1332415673415442433
1326449813714571264
1332308360109158401
1332974174776791040
1332610347799355392
1330528117753044992
1325770041263087616
1332452485869543424
1332629754923675650
1325873122436902916
1329076870617260037
1332411233623019527
1332471423059767298
1325741045687128064
1332401514401460227
1322735136312614912
1332726272645099520
1332449853394345998
1332431400331579394
1325780409616117760
1322988902479777805
1326463583413268486
1332584155813720064
1332756855693717504
1332407584981209093
1333292202202640384
1332628932005421061
1322956948870995973
1326524854464602115
1332409055164440577
1332769131322613762
1332673303329320960
1332713075586297861
1322697819690512386
1326213972010405889
1332690396032405504
1332451702419709952
1332412863428878340
1332573375156391936
1332469155325505536
1325845777269334016
1325716856284573696
1332620530055335936
1332579479852638209
1332630117881946112
1325761918666240002
1332581968391835648
1325011330592550912
1323049378291064832
1332468722552987649
1325155154992136195
1332405634118152194
1332639294566051840
1332650123491414016
1332803435188662275
1332530795597225990
1332438420552093702
1332423648410525697
1332621848761294849
1329349645387128832
1332431559899697156
1325058421222236161
1332417276155473929
1325488718090743808
1332630256247824384
1332408321802899456
1329203603186331648
1326250335434907649
1332450532208898048
1322718153953206273
1325775656739803139
1322822119152095233
1333435083127132161
1332622101203873793
1332412638647693321
1332579811248791554
1325513742499667968
1332633388482781184
1332603791246577664
1332458187463798785
1324722572408299520
1326189153218945028
1332421023531143170
1332626998708084737
1332123282053746689
1326168468593446918
1326179837833261056
1332650517386981377
1325848285668646919
1332417950603677696
1332422862523785216
1332692325273833473
1332485490700857345
1332410053597523969
1332410847294074888
1325908692995350528
1326415603847065601
1332462279959437318
1325708192165355520
1330123267139579906
1325726076551766016
1332685473421152259
1332641722267033601
1325024418435919872
1332590835213471745
1332484309396156417
1332709677835153414
1322697843375788034
1333168089949724674
1329545691648184326
1332447192653705217
1332807528468668417
1325799491556024320
1332444582928396295
1325901209568505858
1325011627608055808
1332435727867650049
1332406644349804544
1332446372533071875
1332443640753512449
1332410703077117952
1333160150321008641
1332455229116329987
1332746856712040452
1326211059963879424
1325887943031070721
1332442949192470530
1332499473189187584
1332678166075281410
1332446856039833603
1333030993918369792
1332807850696077314
1332807336629563392
1332438207200366592
1325975870935343110
1332430279399665664
1332765835476094976
1326165953357504512
1333320971743326209
1332694756468678656
1323412656464814082
1325832354888343553
1325038278085660673
1332408385946390534
1326321515827224590
1325731697799913472
1332481464466894850
1332956635065692160
1332640180134670336
1325791931557928963
1332568157865828359
1325205919731474432
1332755695956074496
1327179936852008960
1333148929249173506
1325724986905157632
1322693819608027136
1328564005355593730
1332406714189160450
1333086097170198530
1332722907986989057
1325730508119171072
1325051489899995137
1332601134012305409
1325952193212674050
1332688996464517120
1332430888714592257
1326198458722750464
1332567205578469377
1328568217783119873
1332586757146120193
1322837925260873734
1332666205782618113
1332409599232782339
1325912168743755776
1332432005657751554
1332543420133494790
1329085384769163268
1322696188072759296
1333066974570688512
1332451389402992640
1328710207657152519
1332603086645440512
1332429132181991426
1332710660325728257
1332422441205985282
1325764660902162439
1327779803316019200
1332694883673526272
1325012925074067457
1332615535784308736
1333392019247558658
1332618616945205250
1322847222250221568
1333388675737071617
1329016598867402752
1332793346281132036
1322808295397249024
1326216599850938369
1324447706610360321
1325778174920323072
1333087099441061889
1325726091487612928
1332370445262327809
1332601815884500993
1333139437165957120
1332437548002631685
1332598342862458881
1329429351578923011
1332416668891537410
1332617718315556864
1332485087456342018
1332646432105500672
1325737713966997504
1323194918043557888
1325818333585879040
1333132656553365504
1332424906831785984
1332409937905987584
1326392814465409028
1329022335454679044
1332484235245006850
1323624656113467394
1332474024367157248
1329297983486259200
1332454287981617153
1332447133979570177
1332406870817038336
1332427755066155010
1332416897153896452
1332438112191082496
1332680768900960257
1322846428859899906
1332314633743503362
1332598583191855105
1332647490294861825
1332224124371013633
1332681561054076929
1325768221379715074
1332616353782566912
1326176406179557377
1329002563358904320
1332568408865517578
1332761179584860160
1332619152595488769
1326663494863904769
1332406618819096580
1325071774921404421
1332414633546838020
1325767405751185408
1330733810275774464
1326154819804008452
1332458969827332098
1326151082192625664
1332656818707902464
1332630468240560128
1329554432858742791
1326162163627667459
1323307104569036800
1332464576164753408
1325766746628890624
1333156529600688133
1325833779936702464
1332511314837696512
1332411724910252032
1332419128334938112
1329100287139864576
1329016149531652098
1332606684469075972
1326250890316148741
1332462923281817600
1332620239952023552
1332429600253730817
1325036694492631042
1333380073139875841
1333458130177503232
1332944338964320256
1332420451520425988
1332405961345146881
1326260290573508611
1325804994700976131
1322746830766120961
1332430045487493128
1332818622021050378
1325040328609554435
1332640887059472384
1326159336222167042
1325012631086899200
1332447347675181056
1322861770764177410
1323264783643271168
1325721444198838277
1332454599907827712
1329015583158005760
1325763817364721664
1326190257566572544
1326124999644745734
1332458035277606912
1332408771335892994
1325742939495084032
1329187316859023363
1332199640784056320
1326153879940165632
1332621879044136962
1332658505959026689
1332600774954770433
1333130174397898752
1332420328715399171
1332409646037016583
1328806427239051266
1324480726738341889
1332623875461554177
1332982349009661954
1332624569761492993
1332592541133365248
1329124842835206146
1326982554562519046
1332407692019818497
1325092061905887233
1332426696897736709
1332642910630797312
1332555549129519104
1332266697185693696
1325773399503872000
1325761739691085825
1332586280778149893
1332633910728142848
1325722696722898945
1326199243598680066
1332464910115147777
1332409964690890752
1325911929337077764
1332405550500499458
1326154042024865792
1332595237387202560
1332450033359343619
1332446427000303618
1332592594090647556
1332459212006416387
1325171078910504960
1333073825169346560
1332423173112012800
1332121456407408640
1329062873000271875
1333187319491391493
1326427973612941313
1332708707843629057
1332618432588771329
1322865783454732297
1322842875856637958
1325798026309464064
1332420067506720774
1332709590291648512
1325791986306179076
1325902382874693637
1326288068505202689
1332473978246615041
1332620978791256069
1332409439626924033
1332629820476252165
1333029960001466369
1332708470097842178
1332477225468366855
1332406350106791936
1328791308706734082
1332730573643714561
1326204413388664834
1332999603814281219
1325783947129876480
1326253586104406018
1332590681668399104
1332448310532169728
1332405499468378112
1325038254433988608
1332750545191391234
1332673108726214656
1332464860991512576
1329532655558414342
1329028256255909890
1325770440556490753
1332458546567516161
1325854848777121793
1326161087251812352
1332432529199149061
1332407698781052931
1332303627852058626
1329104335318429696
1332784453433896960
1332667931931668482
1333159470856351744
1332581125244542978
1332470155339837441
1332425825728278532
1322695714485506048
1332464373063970818
1325036545062162432
1332410124867080199
1332432781272559617
1332408765707132935
1325765962579275776
1332417283956858887
1332713311876608004
1332484228005687297
1333150059144359939
1332595406182756355
1332476146198470656
1332623614055763968
1332369312468918272
1332631490614726656
1332442734263676928
1325757500566740994
1326487671020138496
1332637440163667968
1332606850764771328
1323303519944953857
1332429529504243712
1333174030841634817
1333140431333453828
1333125890402881540
1332687323524427776
1332439254333616129
1330606228398104583
1332511030400921600
1332615204987940866
1333400428361502720
1332497552776843264
1325729972443631616
1332425519988617216
1332468579011321862
1332460003467407362
1325763882242207745
1332417645623250947
1325834453554507777
1332605056483520515
1326153941650911232
1325885052992020480
1332597469453176832
1332756220483137539
1332438196794363904
1332437426346799106
1328357377859592194
1326168290209787905
1332489400698212353
1325785475437785088
1332609659845234690
1332497598679281664
1332459803533320192
1332796112827256833
1325910803627847682
1332510288265048064
1332617946011725830
1325858383602343936
1325798721456644096
1332406933391880192
1333061311987666954
1332512761197236225
1329869148160208896
1325818300878696448
1332424759997575171
1326185330848968706
1332612679895293956
1325783223687929856
1332411187699609601
1332422491407519750
1332641676893048833
1332623070067089408
1332407031383416839
1326411363510611968
1325878345331040256
1324778456106913793
1332694086017556489
1332406035299127297
1326212616654647296
1329197124819554315
1332412934920736772
1325924843863351298
1332458211518128130
1332456261162561537
1332425646832824321
1326158875037478912
1322833882866196481
1332661451685761024
1332930931523530758
1332424982660575233
1332410897726312450
1325045395156836353
1332410252864708614
1322800027375443970
1326480557312778249
1333135654730002435
1332452571932405760
1332682085954445312
1326152019153997824
1325882665975885824
1325761369950523392
1329076930927235075
1326260433108553728
1333078260419342336
1332559086978805760
1332439695331110921
1332558400786493441
1322823023070744576
1325169986177003520
1324740815688785926
1332430453278728194
1332418713505722370
1332808526209687554
1332617911001812994
1332623583089209349
1324473359388839936
1332449744413630465
1332415097747148806
1332490673807904771
1322885730222460930
1332627064982294528
1325060515303993349
1325111029945278465
1326235710811148288
1324554651098927105
1332424043732013056
1332130978526097408
1332549959246286849
1332631079799451656
1332592042975834112
1329402711654195204
1329404766657667072
1332681635096121345
1329522140010475520
1326150615374958593
1325716104438755328
1332837525749182464
1332439967902076932
1326250680387063810
1325778397759496193
1332552512486985729
1332414661350858756
1332405500525350912
1326153022041362433
1326994635504439297
1332465400681013249
1332443648357707777
1326169463373393920
1332407476877209600
1326099483634102273
1332436142550114306
1325069218325426179
1332759037218316290
1332453760531128322
1322700125614080003
1333500837440724994
1326218841601536003
1332551269689532416
1332440215152185350
1332618233950691329
1332617119419215873
1332629965955878913
1332446884020023299
1332218764671275010
1330549583798267905
1325060967873597442
1332416461101539329
1332431686576066560
1325886826062733312
1332428824504655873
1332419954638016515
1332559851575267329
1332613962903465984
1325760935101947904
1332619664946556928
1332432545372381188
1333049848191389696
1332439680248385544
1326528960830844928
1326168870097461249
1329055313409019905
1324356556553478147
1323368934825930753
1322843108795711502
1332647202901127169
1332427715966881804
1324474640257978368
1332421915965874176
1332470539491942401
1332562147793055744
1332485869836640257
1328999889641082881
1333463924428169218
1322823162585878528
1332465428803760128
1326167115926265857
1324427948468903940
1332461500640931842
1332412621136523267
1332554052148879361
1332482045382184968
1328644742779899905
1332506271623352320
1332682907396288512
1332414431293296643
1326162242040115200
1325719342072422402
1324663654181146627
1332430914111086594
1332631564417716226
1332121454025076739
1332409577820786699
1333150029087903749
1326189880452460544
1333165922337615874
1332427959232245767
1332424135612522497
1332587038466580481
1326155822175559680
1332424134475837446
1326127228783095813
1332433705781096452
1326173129845207040
1332453086342864899
1324643336905461761
1332330817255845889
1332588927631364097
1325862959290200064
1332689806103629824
1326158663506153474
1329047719869112329
1332488041299140612
1332416037086785536
1332408655673757699
1332710918833270790
1332417268110725122
1332442936039120897
1325921155912503296
1324478891982049283
1325767093770444800
1326158540524969985
1326180725993988097
1332420566758862849
1326068778996731905
1325765856605982721
1332680792707899392
1332426588621828097
1331558587706077186
1328644513397678086
1332467502719315970
1332801496652591106
1332793509959634944
1332573809711460353
1326450438355496961
1326154029186097153
1332407324598743043
1325836910317744136
1332630265286578176
1322819734195363840
1326490863665635331
1327333877342474245
1332326733207498754
1324773520866500608
1332475432420184064
1332415652456488967
1324731714715951107
1332566775981019136
1326074353251971073
1333337515626033153
1325032048055214083
1324668968536334337
1326260888899366916
1326151539740856320
1328999464875552769
1332432321727897601
1332409795270291456
1325885032578363398
1333028665836376065
1332577789434802177
1333163848409477126
1332452848219598849
1332644068917178369
1332748752025743363
1330527491912556545
1322818571001597952
1326153682963095554
1332505860954853376
1332694656677797891
1332614538378743812
1325721670720565253
1329203724275822601
1332682821278765056
1333069824042409986
1329131592200163328
1326159707996819456
1332621514999525376
1332411168527437824
1332623956331945990
1332443195892961281
1326165339852443655
1333417786039787523
1332410942567702531
1329141410365321220
1323373413050843143
1332407264205021184
1325108340796624898
1322848420223160320
1332586954454687747
1326226612359213056
1332588130826858496
1329193024136630277
1325727879469076481
1332987771041013762
1332582582542798873
1326159717299875840
1332747627025354754
1332744955337596938
1332435425907138569
1332413903788183553
1332591726335303680
1332675980729716736
1333125704406462466
1332612382233944064
1332455012556009472
1332528772831121409
1332449822247366656
1326986348423766016
1326203815029256194
1326126056856817666
1332526685716160513
1323138293341528067
1325800689625427968
1325784332921954306
1324472779144679430
1325956443934257153
1322826891393409026
1332408996481937408
1333424483756093441
1326162629950365699
1332411934608678912
1326244560759099394
1332466441149423623
1323373694153011201
1322695308363681795
1332733915480666113
1332443878096560129
1325843247915290626
1332471792888373249
1332417875991269377
1322717002688057346
1332467183658672128
1325864810295287810
1332614466203242496
1332407218390659074
1326222198017822733
1326482621484978183
1332438584083812354
1332717334704885760
1326269494910652416
1332294005573423106
1332688641576083458
1326185140020711424
1323425189372317700
1325765456985251847
1332504217928556545
1326151472439046145
1332411404859695104
1332407721660919809
1324397364317138945
1324727961367547904
1326408827676348416
1332412319641513987
1332422679639552003
1325825139838251010
1332804450134732800
1332443017534459905
1325794501680574465
1325719958756745217
1324595124664455170
1332610006194286594
1332407007186391049
1332668743638523908
1332684128081354754
1332647854603636736
1332599196340416514
1330521861373964292
1332416967513415686
1325866202183458816
1325144660507979777
1332472322771578880
1329110521795268610
1327331210348126211
1333484501935198209
1333118883004346375
1332615137392521216
1332651683411791872
1332478739545006080
1332578778543919105
1332616662177247232
1325887031445229570
1326282258244907009
1326247484860084227
1332642445088206850
1326218137029763073
1332697395654762497
1322747782978019328
1326181142446432258
1325761239839019008
1332438748261474306
1332636888012886016
1332436989296177156
1332646947786813441
1325832477827592193
1332428573957820418
1322830022340726784
1332625727246786562
1332566391124340736
1332561562696085504
1332572849056387073
1332767005842268160
1325721112475541504
1332591039857700864
1332458298780643328
1332431923419951105
1326448060449349634
1325875667750285319
1332417062191460356
1326168149344079872
1332412896073162753
1322706323969105923
1329145921121214468
1325927867109306370
1332736569783046144
1332612773323345920
1332423763661623296
1332650979813183491
1325066381843427328
1330847653077331968
1332409664097628162
1326266417797279744
1325871959360540673
1332425748511137793
1332415839379845121
1325868990464466945
1332567161915781120
1325741499481460737
1332454130137305090
1328984937379336193
1332829715099422720
1332125569614553090
1326386321531822083
1332412333709201408
1326444780465876993
1324691550056697857
1332443086555918337
1324487433996652545
1332633653998989314
1332448797662863362
1325753089580732418
1332582136814112768
1332459817844285446
1325873646418743297
1332427899618668545
1333104546453852163
1329187189117349895
1333459630907924488
1332427745515724803
1332457196085456899
1326291519725252613
1325753498680627201
1332639752231718913
1332457176191946754
1325758097521053701
1325061165131685889
1325912292467339264
1332755004130734085
1332457836060794892
1332464769387941888
1332622624350998529
1332463604906520577
1326216347274145797
1333127412964601857
1326194333045886976
1324732148482453506
1326166278395097092
1326271519476035590
1330336928714137607
1332600351208378368
1329372510421463041
1332681439029161997
1332413570743676932
1332406432310976512
1325928313278394371
1325736366962061313
1332604230553710592
1325786893989126145
1332429866411716608
1332451180711206914
1325915415147667462
1324701820317585409
1326220749552627717
1332798363079741441
1332409110365696002
1324646325997260801
1326480261102657537
1325912681975574528
1332420901984493570
1328859814785654786
1325795453728944129
1332480965453762560
1325900614514176000
1326089155236016129
1325771457146839040
1326262567686246403
1325889034858749953
1325028576933126144
1332556568706084864
1322702776724529153
1325855953124687873
1333018650173960192
1326152434805334017
1332704355716370433
1332705753979908096
1326177109887356929
1323364396299620360
1330564724862439433
1333355223079931905
1329095923344011272
1324479908614123526
1326313444488908800
1332121440112533510
1332769784560283649
1332581735641571328
1332419436318486541
1332614593441652736
1332288591586881536
1332636637805891586
1326334276795850752
1326302774670319616
1332424207314153477
1332422690712465410
1326389509701951493
1325762137713745925
1332407590408556544
1322690560017244162
1332742085976395787
1325937968025112576
1325792360832380929
1332672691510390787
1332414359482589185
1332790411191070724
1325742183882907649
1326158371985223683
1332437554319282180
1324313946636124160
1325087748986986496
1332654137897607169
1332424131430797316
1325405601816604672
1332474438693097475
1323722324454051840
1332678276846903296
1332704076602232832
