1335335472369905664
1334150252224516098
1334445789813334016
1334649591434780673
1334863872751185928
1337153456545607688
1334640751368613890
1337013744094900230
1334844339890118657
1336981455168286721
1337038677806026757
1336585373405704192
1334134156905869312
1334866976913698816
1334138509964275724
1334134321163145217
1336989058380296192
1337107618330980359
1334775410077347840
1337325493759127554
1337075616563294210
1334147175333457922
1334581626207080449
1334142528174567430
1337126265481031689
1337062429084315649
1334703618864406528
1334134383519932417
1337054843559698439
1334868587358646273
1334847905107243009
1337255889070399488
1334769406275186688
1337166789470547968
1337305550137208832
1334207966057263104
1334880061212807169
1334772102713516033
1337174186138234883
1337054349231583233
1337011512418983936
1337005278047465472
1337162055091163137
1337102525770690573
1337030850127548417
1337393159698059266
1336555277773049857
1334861369275977729
1337001291999027201
1337546797233954817
1340732273373659139
1337289300233359360
1337413136136204291
1337164420787687431
1337163134742786051
1334258755274305536
1337090268194099200
1334136827943456769
1333680180204892161
1337098356708036614
1336091975800459265
1334637416720822274
1334215548536836100
1334938017686052867
1334623190354714630
1337277099464396800
1337057176003768320
1336061477212598275
1337107501251256321
1337288602443722752
1337065450899976193
1337167272280993797
1334609159401172997
1334301921214128128
1336031169243123714
1334759125289480192
1337093343159914498
1337078258513424386
1334986815032483843
1334487062532198402
1334616780468314114
1337053784959315968
1337011395334971392
1337155554138083334
1334804488545325057
1336001002663710724
1334150908993818627
1337009517125644290
1337092034776195074
1337038982119616513
1337080468886446084
1334698736698744833
1334742973670699018
1334151177265614850
1337069168445825032
1338454878193115136
1334769845188091905
1337135111196844032
1334872093469667334
1337088072538877954
1334638278360883204
1334635446308057088
1340412401380941826
1334922867503472641
1337085014769627137
1334163674127360008
1337340681740824576
1337187031722684416
1334821724957908992
1338096865447997440
1334612611334287361
1336995120030363648
1334616256746561539
1334746829402075138
1334608534588289025
1337145894890840064
1337240444720324609
1337153422844456963
1337062667752759298
1334151693257351174
1337035124618178568
1334155252052979712
1336208230880604161
1334615229137870852
1336008768644149249
1337474388497666048
1336020058464792583
1334617185684254722
1337145942475206657
1337105863132278784
1337023600373747714
1337097676186333185
1337095422142189570
1334612729307557888
1336022922486493186
1337104448880054284
1334658489877147650
1334671923746320384
1334151318601084928
1334950800221724683
1333760709507813377
1337059158475018242
1337025819932303360
1336035316499705857
1334714657626525696
1337138644847648769
1337174479575740421
1337138229359861768
1337550820552871937
1337026610717995008
1341362380622749698
1334244065236422664
1337148210570203142
1334607712521478146
1334181539605852160
1334945196421877761
1336230537204281345
1334758611671781378
1336379974601879554
1337345183382446080
1334179518592978944
1337035239575728135
1334625157537796096
1336087026681180160
1334729857239052295
1334136284508528649
1334616006950596608
1337090704632385538
1337047633555296262
1337006810155397122
1334999662894477312
1337117655950618626
1334622386700902414
1334138932582342657
1337097050467524611
1334488284517588992
1334807058282123265
1339188384598794240
1337181870912643075
1336078543898480651
1334995702708101120
1335259372851703811
1336104278390353920
1339694248648695809
1337125899200847875
1334235175602036741
1334136811552206848
1334062425008726016
1334908925045579784
1334689453978378241
1337085211344048131
1337075121916358656
1337080073418125314
1337008513554452480
1334628530026590210
1334251607505186822
1337120487349084166
1334697141474832386
1337071374557442049
1337336504444743680
1337078702941876228
1337560996530057222
1339194652021420032
1336104284052721666
1334082670171729921
1334136651266871296
1337166539531935744
1334743947290288128
1335668951087538177
1336988972707405824
1337119697603612673
1334177628983582728
1337074919784509440
1334753409405251587
1334428428800581632
1337154226607321094
1337077735303356425
1334436882332073985
1337095243892604928
1334169577371086848
1334611931982860292
1336972385518555137
1337016121896165378
1337010176356921345
1337053884246843393
1337086664385191943
1337094114026926081
1334789058908704769
1334895788166684674
1337123643466387458
1334743648718770180
1337087371192524801
1337182800433307650
1337247306412908546
1336037212820017154
1334201504392220674
1337035319447842816
1334134432803020800
1337028326184148995
1337003040650440707
1334153416604577794
1333751380264300545
1334614247272304642
1334888830873309187
1337153835995901953
1337106505254965249
1337083141723480065
1337093351112396800
1334405973763649538
1334230367583264768
1334218856580210689
1334762541868867584
1334135158908260353
1334822787740012546
1334767429222850562
1337008002893836288
1337184165209444353
1337125375059628033
1337075134386024449
1334946372747976705
1336001711023001603
1334355289425014785
1337189941525221376
1337711441156186115
1337029454774886406
1336092339232763910
1337156019638726657
1337133355645554688
1337036140847755264
1337036871562633216
1334162489722998786
1334923968776724481
1337101701195685889
1337151148642480133
1335998030668062720
1337061429044781056
1334170421235736576
1334855841586040834
1337133299471319041
1337115427076452355
1334663710930063360
1337338152751685633
1337094325335941122
1337264421308141568
1334619273566752768
1334620265754537986
1334083356385013763
1337072843784392705
1334779352752459777
1337125500016340994
1337012276491145218
1336020601945862144
1334632168862134273
1343956533013590017
1334236311822143488
1334341154138189825
1334758350618292225
1337111809090875393
1334809381859422209
1337142435823185920
1337338150599929856
1337075416322936833
1334634563021262855
1338040351462985735
1334163043358552066
1337095233436344322
1337244220269191168
1334955952185946115
1337052323537956864
1337010014117105670
1337298052328157186
1337127998588379136
1337089806514458628
1337483536790671363
1337154629956751360
1337061244738613252
1334841436257349633
1336058327659376642
1334618059919814656
1342464607093465088
1334652096461873152
1334800484234907648
1336029397661388803
1337170552281305089
1334892365379760128
1336991719896838150
1334230489641709571
1337099255916474368
1337036499225874434
1337117073751859202
1333817298591879169
1337177716534206465
1334608608097693696
1334808488413900800
1334277992823070721
1334251421995331587
1334190520915161101
1337376864487305216
1334616282747035649
1334047638245826561
1337107892596563970
1337310868015607808
1336053078131433475
1337019588979126273
1337048466065862657
1337026223373955077
1337081304861519876
1337010785374105601
1334788759175499777
1337140916767891456
1334621011518648320
1337158928141004800
1335152429197910022
1337137030430666753
1337337258949697538
1336087002379382786
1334184354814304258
1337425892088426498
1336066875093098498
1334944203151990784
1334855958791680002
1334140361384620032
1334722641077407744
1334180374272946179
1336989561378009089
1337145176133873674
1334431035900235778
1339195896232341506
1334611825019805702
1337124238407381000
1336110155625328647
1334820445309325312
1334186483847147523
1337064985697071104
1337265690827501568
1334621912476028928
1334624059527749633
1337796900964143105
1337031291737436162
1334168205095559174
1337164232555687936
1334890926825725954
1343902586227863553
1334802332517888001
1337050536919621633
1337326307613552641
1337153860431994889
1337033026040172545
1336996463264542723
1334271905528995846
1337144426997673986
1336114305528377344
1334172061460279298
1334156725511970816
1337081955683282944
1337144086306951168
1337696681786281985
1334134998283280388
1337128360955293698
1334648413493862400
1337106121375551504
1337331715119964161
1334624193179213824
1337129516163092481
1334637467656482817
1337114953334059009
1339188490181992449
1336090802917924865
1334145095344545796
1334625489634385927
1337135431205457923
1337134453559353346
1334774638157697024
1337218513681965057
1337190646365315074
1337279711534256128
1337170312459399170
1336216016381239296
1334134993862451207
1337170307006787585
1337029043955306497
1337005089161097218
1334784958389506048
1337190440639066112
1334913871002398726
1337133115886759946
1336149259645808641
1336012344971898880
1337098996733579266
1336426610644414467
1336230774404751360
1334419418835726337
1337105323577012224
1337121480421875721
1337098243155619842
1337140547992088577
1334214812843315200
1337171136422039553
1337066237680115714
1336998266077122563
1342759738791104512
1336556526237003777
1337093972511100929
1334174346110185472
1337139691615899648
1334771482216574977
1336984347711254528
1334724490249592834
1336163506316582913
1334341257192083458
1334156334384762880
1334618816513531909
1336003868606476296
1336006795731591169
1337156859250307072
1337004983888310278
1334840775490883585
1334618626280861698
1334773912312410112
1337184336253214721
1337096575915528192
1337341756522770432
1334157201208963073
1339168852110962688
1336759539287339013
1334725955508703234
1338563191081668612
1336080459856547841
1337149914988605446
1336024182585511939
1336987524896526337
1334738168021737472
1337163806942916608
1336002937999548419
1337164895566131206
1337131820543041543
1334619288993456128
1334201344840839168
1334620834095394821
1334631283234889728
1337166907124879361
1337173699380858880
1334791247643480064
1336041336286441474
1337072608286814209
1336980046339313664
1334609868800602119
1338034038842527744
1334852929665249284
1334710892911587329
1337187760508121088
1334651959249395713
1334230066427998210
1337036794311938051
1334261532822294529
1337033919930249217
1337013739866951680
1334204100767080450
1337183654217474050
1334611365177290756
1337096251561697281
1334133992833036290
1337408847628161024
1334757406463684610
1337110222058483712
1337161971867791363
1337087910823288832
1334177103814795269
1337112097369407489
1336987676218699776
1337118197946978308
1337133903153410056
1337028394341560323
1336013534581362690
1334212614902190080
1335380285878317056
1334428021193838597
1337175329715130372
1334790662261190658
1334614599669325824
1334170089390796813
1337854535327502336
1336744010828877827
1337107398809546754
1336028368047919105
1337023259615825920
1334816934320349184
1337145665852420101
1337305475818385409
1337109182579961856
1334279985121648647
1334247511519875075
1334143125116358656
1336036327901507588
1334674014443352065
1343664139164643329
1337105035805642752
1334182574130946048
1335997935558021120
1337134114219175938
1334142429738528769
1338166195627962369
1336093654298005505
1337155675693125633
1337130061112209408
1337006216501977089
1334722690771513346
1337111461311762433
1334823430412263426
1334788749750923266
1334678099716345856
1334628168246980609
1337285200540209152
1333805609431552004
1337106078870409221
1334608626456158208
1335061593705603073
1336005147651158016
1334908036113162241
1334868667742511108
1337153216694378496
1334760097684328450
1334158562227052558
1337036335719309313
1337155882308804608
1337062700308959233
1334317835645022212
1334192048321269766
1334831528585666563
1336013885896339458
1334218226855776262
1337845470295715841
1337300536295649285
1334066124766519296
1337119550391918597
1337028980365529089
1336980704194867200
1337148745067139077
1337044206808920065
1337013248290336769
1336092688429539329
1334616887100059651
1334863174810611718
1337065281588498434
1334423842555617281
1334608482587336704
1334409667699757056
1334810643589967872
1334816014685573120
1334626148173680641
1336984052096708609
1336999816560324613
1337182553955049472
1337038651616866307
1337165307379675136
1337146013174394880
1337106223544590336
1334138201653583875
1343334329330630664
1336443346349412353
1337304108395614209
1334879840286240769
1337095769380286464
1337137610674860032
1335217576230723584
1334629983336194052
1337318384220958721
1334221704357359617
1334237683166613504
1334618679074562050
1337180679822512129
1337108920255516672
1337082278636359681
1336002231951384576
1337151434991820807
1337085565896945666
1337336632610086913
1337133331947851778
1336400654655344640
1334755512584429570
1334217945887744001
1337145816360816642
1334212625182429187
1334650908823719942
1334840998158098442
1335139673069522946
1334415387467853824
1334612219066191875
1337046039832956928
1337407238131113984
1337223157254676480
1334879410672070657
1336094011145261057
1337133060937166850
1337277005549752323
1337030755915018241
1334616816992260097
1334212667595165703
1337122418406645760
1337359291251105795
1334237128625188865
1336990361470857216
1334247837249495040
1337036844526133253
1337140184668925956
1334141828979957761
1337332315844907008
1337114559329480704
1336987953101492224
1334825573407977473
1334140841791721472
1337002470770417664
1337398536326025216
1337699586526375936
1337012643383693312
1336987091574648832
1335371359015284736
1334285855066906628
1337140031719436289
1334226863049371650
1334382438701797376
1337147629965352961
1336082284752068608
1334757929203929089
1336988105597988864
1334161917246627841
1337167878009860097
1334784976215216136
1334180754062970880
1334170893069783043
1334607037657964553
1337540840575660033
1337152259977863168
1337711066378362880
1337124683414728704
1337184008858464256
1337113368461778946
1336991302643310593
1337137288648790017
1337136705338552332
1337187748948701184
1337408789109231616
1334250204258852864
1334217252523139074
1337033711901138945
1334251821255286797
1337009828200390657
1336004641830694912
1334192725076406272
1336029258154717185
1335187601783992321
1337289836500295681
1334251580963622913
1334237269063069697
1337015647897858049
1337433777744863233
1337020554235273222
1334058699300728834
1334621237553876995
1334151157070098432
1334143044849983490
1336087070037643264
1334229168494682116
1337050851358232576
1334450429229494272
1334422932752392192
1334201118012923907
1336039984198021120
1337155868866064387
1334236344651026433
1337215767151079426
1334505974393151488
1337014161138724864
1339302022466703365
1334619631064145924
1337010322461384707
1337013063208345600
1336076726875648003
1334610009850830854
1337052565196988416
1337050475485683715
1337302046383476738
1337070734603116546
1336998256560271361
1337294740790915072
1334636632310419459
1334625207466795008
1337261671702810625
1337022625760022528
1334620496051269632
1334205512980832256
1334666395976683520
1337172565907959808
1337090875546066944
1342496997534818305
1334249976789151744
1334620080810897409
1334315789629976576
1337098464044474370
1334747246223650816
1334182017337085954
1334617437237633024
1335958384110137350
1338643147698679811
1334763798926942211
1337415523718619141
1337171789970083842
1334777293206589442
1334629705060937732
1334135448671760391
1334195308763488256
1336043001114734600
1336762081874497537
1337004575631544320
1334223464484495361
1335410624122204161
1336045450298863618
1337095394237542400
1337389699036573697
1334636962129600514
1334625633759076357
1339928440359759872
1334176324185956354
1334155816253984768
1337178502110523395
1334831529080594437
1337839882249662466
1337136284557594627
1337344024928284674
1337150681594138624
1334739656555048961
1337013485109202946
1334621037783359491
1334179472631803910
1334607198031376390
1334621213851865090
1337408664844505089
1337179969609478144
1337089919488045057
1336087700986847232
1337182741021020162
1334165547190251522
1337085959062556673
1337078675125231617
1337075905001361408
1334158025540706306
1336994795244433410
1337115794992459778
1337512951536898055
1337279011400151042
1334833199277633537
1336271334213623808
1337058457510416385
1334073947428708354
1334629812862918657
1337738845555658753
1337070889624608770
1334751222847447041
1334653026443931648
1334665013517225984
1337035794767286275
1334809919560818689
1336001939008581633
1334755586458660864
1337184041594998786
1337095830248022020
1334713619523784704
1336986446029320197
1334968498703970305
1334830897649119232
1334141344160378880
1337028864040583168
1337027211875000321
1334842184303079426
1337054856121606146
1336983314192879616
1337120261615849473
1333975405657731072
1334831584646729729
1334163673779236864
1334642315512705032
1337080576298397697
1334607592115548161
1337170969387995142
1337137889587687426
1334751245559615489
1337096240299995139
1337057742012477452
1337045898770194432
1334265553989537792
1337096710540177408
1337330238641016832
1334863296202240001
1337230006834110466
1337066980982083584
1334313882668724224
1337096136688078848
1334838899307388930
1336987236659851264
1337104840321867778
1337113743025639428
1337242181342547968
1337122744534700032
1334755364609417216
1334266731938852865
1337112156307943425
1334249614724255745
1337103644676792320
1337059370211872768
1337168282781151235
1337128288087629826
1336015290593914887
1337019899525427201
1338128799561641985
1337057873164185605
1337115362165448704
1337840530756153354
1337129453579882499
1334858276249460736
1334974637223124992
1334156869468901379
1342973722576220160
1337038503050407941
1337041683171733510
1337050999324872709
1337326390862032896
1334765539038797826
1337342757308932097
1337028781194743813
1337135405670543360
1334364381849665537
1333871989010919429
1337106845689913348
1337325777432555520
1334614930796859392
1337058611940499456
1336980696682950662
1336100364605681664
1334182841643651077
1337174855381348354
1337027755788144641
1337018192993071105
1334837892036907008
1337132176639463443
1334225626748907520
1340285539417808897
1337405709500157955
1336020329370619904
1337078166490390529
1337034634585108480
1334756095609475073
1334170899780685827
1337299869975851008
1337275153819037696
1337298571369050113
1337077351000240128
1334185925656662017
1334125264473886726
1334765770648248323
1337159288729505793
1334156016448102400
1336979908002787329
1334766461965963264
1334611138718429184
1337154517310246916
1336097401485078529
1336401888657469446
1337212899614453760
1334807246413443073
1334145530621009920
1334817422021373953
1334532353419567115
1336997643210338305
1337297615457832961
1334888284980469762
1334672749600641024
1337028839386587136
1337177404343787521
1334500565095755776
1337154944324038659
1337137863767568388
1334392665983610881
1337104359432318978
1336015110914125825
1337164043950432256
1334771665289535496
1334748924612108288
1334462034910580737
1334838750556418062
1337017374999011329
1337010473573748737
1334624792578813954
1334907346586374154
1336017302588960777
1334901798952443904
1334757176901050374
1334798533879336960
1337158941437005824
1334223953573908486
1334826740334596098
1334396447379386373
1336002802674491394
1334627689156710403
1337148081327001602
1334873091143585795
1338107312746205184
1334744720472498176
1337027749555343363
1337113246382350338
1334237795796324352
1334611969375150080
1335940303694532609
1337268398548455424
1334616986798747648
1334878099952046080
1334805137857130496
1337080585911742464
1336217618269790215
1337104819832692737
1338614543229054978
1334783373009711106
1334181881684905987
1337187792934277120
1334627043779227651
1334230314512683010
1334146898840719418
1337111092699467781
1337005004197142528
1334613611042500609
1334218272242274305
1337113388804149250
1334799195199459329
1334247656969949184
1337085578555351041
1337025226996150272
1337310649311956994
1337039822033215494
1334625546819526661
1334716403761487874
1334236134277328896
1337114514953736192
1334822855608045571
1337011703029116928
1337211745149079552
1337444867451084804
1334220845821161473
1334760840667467776
1337103746514497536
1337084279575212033
1334298988632301569
1337043358091448322
1334831951283359746
1337195108811362305
1337066631378456578
1334147585628626947
1337138281356652545
1334614999499681795
1337119234816675847
1334900831548747777
1334193077246943232
1336030410330021890
1337100919738142720
1334813713086492674
1334617158878421001
1337065981961760768
1337151847447007233
1334897974430863362
1334607251173158915
1337010078747123715
1337138398549700613
1334220768696291328
1333679019867377664
1337096166249467904
1337086610685431811
1337337008902070272
1337103188936286214
1334772929402384387
1337035493981163525
1334813082468687873
1334732042685345792
1334197036359561217
1337139315550412802
1334888855288352768
1338600253067550720
1337143427809636352
1337039478100291586
1336220084986146818
1336073503095795714
1337455724012703745
1336111840934432768
1334258209062875136
1334624571908116495
1334816827390775298
1334753794287161344
1334647423747190784
1337286638997790724
1334138804563632129
1337017889665200135
1334839903276949507
1337082992985055234
1337006006782619650
1336554922683363329
1339273801964589057
1337135338867871749
1337091609423470601
1336070925956116485
1337101450737053699
1337155430699634689
1337115467924779016
1336068579054260232
1336004880301953025
1336985448447610881
1337058418343993351
1337108297321762818
1337091633746206723
1334735146235342848
1337116046730391552
1336999923749949441
1339190102837391361
1334286704983879681
1336016697803870214
1337175864803377152
1336979767757705216
1334836962621087746
1337106031210590208
1334613879322767360
1337016619709698049
1337113827041742853
1336985162345832454
1337192142108758019
1337053105461071875
1334925625543577600
1334200946067435521
1334856939256373250
1334880765583253505
1334137257742262274
1334724518280126467
1334134324652871680
1334144551003566080
1337131064951771137
1336052635380699138
1337107485090590722
1336993948397690882
1334155697374842884
1333817217721507845
1334632531728211969
1335739315264122882
1337107318996131840
1337146708522917888
1339164847230087170
1334675175569289218
1337104366273171456
1334792981086269440
1337042374447558657
1336079446495932417
1334193141834977283
1334178120459571201
1337244936660525057
1337093323320909826
1334196000832020485
1334984191650521090
1334134982332329984
1337274502116499458
1334766314355892228
1334800622961483777
1334231724973314048
1334924373149560835
1337105338198355969
1334876452295241734
1337074153476808707
1337322659240095745
1334834610824425472
1334610706516283392
1337110420621041667
1337089106829058048
1337055061114052618
1337153026973458441
1337217325012017153
1334082085238288386
1337539077646716929
1334914322561110020
1337139495410544640
1337078554778021891
1334748632231399424
1337172426778685442
1337151433825804288
1334405862346014723
1337141042869624834
1337105020886650880
1337109559106826240
1334612144441208834
1337321330849558530
1337187052991950850
1337094701476958214
1335016452248674305
1337099299205902336
1333975616069230595
1334616879793627140
1337058161933623298
1334211321991139330
1337193643904479232
1337071149772103681
1334177571869745159
1337040351731867648
1334232491696279552
1336236378938609665
1334608682403950593
1339655042471784456
1337156570602463234
1337155220644753409
1334840515712475136
1337805626727157760
1336026629718626304
1337049784092401670
1337252762531336195
1337089039430803458
1334266752411328514
1338029847352848385
1337359818311479302
1337107590719954948
1334430149320863746
1337133328936423425
1337135922077446157
1336980085866434560
1334779343529238528
1337359621820919810
1337052811935232009
1334698586303574017
1334860728961036292
1336985230155149313
1336001634204311555
1334772095541256192
1337005146224648196
1337167972163579905
1337076584575086593
1337144789125521408
1334896385951485954
1337046946280824837
1337154940062625795
1337011384010334209
1334614107283185664
1337091276148252673
1334706663748722688
1338943724403961856
1333992772370653188
1334833063273095174
1334759196739448832
1337108747655786496
1337189525785882624
1334856961687425024
1334137372024385541
1334973001310343169
1337476262797987841
1334908296537518082
1334760736220979205
1334147270024056835
1333743392346546176
1336988135499198465
1334903126311268353
1334769582775611392
1337025164366782467
1334766837465313280
1334625867335675905
1334210015096434688
1337163678932733957
1337138390635065354
1337113904577712129
1337048685902000129
1337035836437749760
1337434619621347331
1337178427825250308
1336365852346740736
1334671133686312966
1334608496055242752
1334787639954829312
1334447410542641152
1334966322304782339
1337653239987232769
1337166735145914368
1337110042215141376
1337759037354545154
1337031128713195521
1337092762655715333
1337044359561302018
1334438873817083907
1337181466011295746
1336989748729098241
1334911452805787651
1337094975713144832
1336272081428819974
1337022812452773888
1336307995953795072
1336029989578354689
1337143033909788673
1336030852162187276
1334134930436198408
1334622703995785216
1334780279542738944
1337223699838214144
1341356504964841472
1339194879155572736
1337158283291975680
1337142009652449283
1334437333672845314
1334832832645042176
1336247103656501250
1334618984235364353
1334958210571177985
1334917560979124224
1337100034773561347
1337081472965107713
1337153684451561481
1337315349818175489
1334819251245420544
1336995429549010953
1337233250683654147
1334781206601199619
1337093067636166662
1334188089338712064
1336005007364198404
1334767941355794432
1336049590181752833
1334175918609358853
1336979956052729858
1334061334363860992
1334702544925433856
1343989591909535745
1337113373381709827
1334937355032129537
1337080486259200001
1334903848922714112
1337138665945001985
1334770439483236353
1337298762692239361
1334743312167804928
1334865260818411526
1337046457090777099
1334144798236749824
1337031283915034624
1334753025785782272
1336086564187856896
1334814305917804545
1334779165887913986
1334497818241806339
1337095607769559042
1335202819603918851
1337060612606717953
1336982812197531650
1337041626284384268
1337109810416922626
1337146357094735873
1337169116956856321
1337100703119134721
1337056701288210432
1337037825313828869
1337297424918999046
1334619302759178240
1337131169926811649
1335386487710429185
1337023829915410439
1337136638980481025
1335009393381924868
1337007908299554816
1340387820448460806
1334614764660678656
1334771830381572097
1334138245714677763
1337350968518774785
1337016748751671296
1337302492678402053
1337109077684531201
1337024930924404736
1334623662088069130
1334155995472343041
1337148819302182914
1337048743368142851
1334349545799610370
1334201229908566016
1337135014249705474
1337005305658531842
1337128345549623296
1334915371720126465
1337008055356166154
1334230981293780996
1337036705342304258
1337107892063899652
1334629075743338498
1334973842280820736
1334665638711848960
1334618828525932548
1337083134496698368
1334622781355520002
1334613436890832897
1334153441556434948
1334142427968516100
1334799139339706369
1337110335866736641
1334815129112891394
1334201883918000128
1334913599387660289
1337198471619735558
1334066879346991104
1337149889994760211
1337381099756982275
1334356259773030400
1334428373884547072
1334374166376669184
1337127077573582848
1337051254430855174
1334139946920267776
1337034436689399809
1334887637388308480
1337165920356216833
1337011138064683009
1335062593715789829
1337138845125648388
1337158079994015744
1334607219141324801
1336743666522664960
1334146303383793665
1337134958436110337
1334082360254586882
1334148902187114499
1334626323071967234
1334610780130598913
1333868363815264259
1334659765595672577
1334735078937735175
1337121670306426881
1336015205709570050
1334812950629117953
1337119521761599494
1336027047932649474
1334185297068896257
1337007258450993152
1337140063705190405
1334754038378795009
1334157425889452035
1338622567024906241
1337277075884044288
1334410186379898880
1334865336022282242
1334139304449363969
1334262121568366599
1338565137209446403
1336987698985365504
1337001792656330754
1334494774771003397
1339457574643650560
1334678896093040641
1336088521304629249
1334769107712045056
1337149894520434689
1337094960269717509
1334875532329164801
1336733583675953154
1337128463652818946
1337053695259906050
1336992669646655488
1334610817736708096
1334837391169818624
1334830530697814018
1337110492167499778
1337175001011810304
1337024649981435904
1334623599282499586
1334814826284113921
1337014658713194496
1337126387858223104
1337167582722486274
1334611913599283213
1334775423608246272
1334962606491267072
1334450927839948801
1336122074801328130
1334845875659694081
1334952338256236544
1336016387576373251
1337131476211675143
1337158409465061376
1337091106014720004
1337151782649204740
1337090535316664328
1334814402625867784
1334183723818999808
1337018975927070722
1334973146810765313
1337070311485952000
1337049081143840768
1334172931757371392
1337187631453573122
1337283242387509250
1337028577662038017
1334747264770854912
1334822054852513794
1336990233691361280
1337007328911089664
1334856386950393859
1334853886105047040
1337110293416210433
1337152518686728192
1334762418438860800
1334178903053709312
1334327567864782850
1337141579119808512
1334784733151191040
1334610040641245184
1337208961427255297
1336992741478330371
1337091647797157889
1334961629847580674
1338282243387764736
1336993177841098754
1337095970870407169
1334174907693993985
1337122388568322055
1335997611283800064
1334749332621455369
1334262433779691525
1334756910688587777
1334355094268243968
1337139526603599874
1334607950904778760
1337135603947888641
1334860716902408199
1338328274016096256
1337293146368118784
1337125981815861249
1337158610829381636
1334643190754840577
1337086392191623169
1343148375768592385
1337072793205268482
1337131342014914562
1334184808285691906
1337168302364372994
1334964569253376005
1334149430933663746
1337027141645574144
1343148331636322306
1334637753598955528
1337014863701356548
1334184263391080448
1337860555432988678
1337123430152495105
1337160286839648256
1337065398550859778
1334607557386788864
1337075508811620355
1334870705918390274
1337154203790290948
1334895595333562370
1334923014580953090
1334857933767761921
1334135515751342081
1334612208928559105
1337098066839695362
1334815054026465283
1338430919758270464
1337149146243936264
1334930630082256898
1334191741960908800
1337008588955455489
1334791077853794310
1337160273459867649
1334607878133592064
1337154358711103490
1337170452360421381
1337062529890185218
1336055861312184331
1334311628393865216
1337110519057182723
1336248418675675139
1337073748411883532
1335001050898632704
1334440990485123072
1336073301463076873
1337174418339074049
1334619827974119426
1334265219007324163
1337141925011468290
1337162872728805384
1334659939097337856
1334626955803635718
1334748513159307265
1337153150416019460
1334259071084531712
1334226565719347200
1336030191227973636
1336010999984496642
1334217832637272066
1334152568935690241
1337202170429583362
1337044302325817344
1334417195556802561
1337052166058598403
1343874809478991875
1334855741438627843
1337026881401524227
1334649890488659977
1334200195802951681
1337151678164905984
1337168430626172932
1337013938249027584
1334638697891893249
1334609947041132546
1334741073092964353
1334139622247587842
1334865905126436866
1337045514920058884
1336980588234936320
1334629308770492419
1334253281103720452
1337062519622561793
1336995524793294849
1337026035951529984
1334623710670692354
1337055414731595778
1336992996445851649
1334164823198687234
1337008880509980672
1337122140408205313
1337086516653412354
1337046812805505029
1337107615684456450
1337080472833232897
1337093902852116481
1337430916482953221
1337109200414109697
1335996971929235460
1337045136782536709
1334961039801266184
1334651169109659649
1337027513663492097
1337117956959072256
1337325745266429953
1337142368802369536
1337192257183756288
1334816104544432128
1337628013027061763
1334618924672032769
1334623005985660934
1334913402209251331
1334814562118479872
1336990365249843202
1337075873623789575
1334621905626796035
1335316716646227968
1334632010720161795
1334915091192549379
1334378050310508545
1334885275219193862
1337151220289564672
1337035708717015040
1334160099036852224
1336006235917856769
1336985970999222276
1337146938819567619
1335024432507727872
1334224500225871876
1336022499503591425
1334773013477208065
1337076840247209987
1337014374112825344
1337508046470307847
1337083853761105926
1336703114691358723
1337877862217617412
1337308353098289152
1337142546749943809
1334184067127013387
1334142586055954434
1337152106617331712
1337205728612933635
1336089017176231937
1337053028680142851
1337275704401129472
1334894152170020864
1336987050952826881
1337163798650687488
1334069885744402434
1337050442644267015
1334939866119942144
1334426086814453760
1336001795106148354
1334821662894813187
1336055865594548225
1337338153347153920
1334809303648251904
1334448232362029056
1337187892410654721
1334874758647836674
1337057346351206402
1334321908632915973
1337059896177659904
1337319447166595072
1336225872098058241
1336979619724091394
1336101146025488386
1334219127939084292
1334851599060054017
1336191405664964613
1336059193569275907
1337185631332667392
1334249790562062336
1334185510240137216
1334818403320786946
1338041094857224192
1337184461428039681
1334607932567265284
1337003312860819459
1334176648887988225
1334170407549677568
1337115684170567686
1334830538134343680
1337304265908432896
1334609061703249928
1334749239063220226
1337129758862286848
1337163150169346050
1334070551523053571
1334140673172402177
1337082282738397190
1334747033626873856
1337121631513288713
1334622596583878665
1334217485910990848
1334914384523653125
1334868238824591366
1337079671813533698
1334136082091438083
1335997359881392128
1334167824835735552
1334657044897558530
1337210144304803842
1337090767844765696
1333585633655271431
1339190537736380416
1337106463559442435
1337042934110281729
1337150679568297987
1336105364933271552
1334637053875806209
1334614119878692865
1334928387371044864
1337155677593227266
1337094665846345728
1343143827046072320
1334748497170620417
1334647629410689026
1337009016682242052
1337149604224258049
1334826531294687240
1335161503683637249
1336008923120283650
1340971313318531072
1337107970749067269
1334631304948801539
1334805045674713088
1336988182043357185
1337308182981521409
1334620065124265985
1338160150478262273
1337129210230546432
1334799382353481732
1337099888115539969
1337133035888783379
1337130737359851528
1334887385558102016
1336051085581164551
1334840948463984640
1334280954744090624
1337086582403297282
1337142506300055552
1337074608781074433
1337095814569660419
1334891779410317315
1337344004141314049
1337119390316318721
1337054459218767880
1336998361505931265
1334626123033042947
1334489381265031169
1334735861506772992
1334228400781864961
1337153971031601155
1337064418593665024
1334156893615427589
1337127507649290241
1334166025508708352
1334895133125451781
1337081574089756673
1337154399127343105
1337170659642920961
1334636950666571776
1337093250516127744
1336089372903563266
1336087925587648524
1334137159230566401
1337186853498351617
1334268638594002944
1337063955727052801
1337279760846688256
1337311466630868998
1339660223984914433
1333818986790854659
1337139126215307270
1337078084059717632
1337089284239732738
1334420225278742533
1334152890693398529
1336028702782709767
1334632828294860803
1333689086930989056
1337289236408639488
1337003752138698754
1337127402028339202
1338240475699040256
1339203551994785794
1335391689754763264
1337047990150770695
1337102250494332930
1337126424159936514
1337042509009203202
1337118308945063937
1337052993125031955
1335001982952726528
1334716858981871617
1334618955026214919
1334417932710010881
1334806272458240000
1337073857086296066
1337116406358429699
1337278726531411969
1334170009329872896
1337241045327892480
1334739011001266177
1334647523349295104
1337108172058800128
1334613218350804995
1343089773024595968
1337095239690039296
1334252395883343890
1334627446667309064
1337149279572471810
1334253116552863744
1334143209111490562
1337103828664127491
1334962134913060872
1334617608176480260
1334728095677485056
1338621718018056201
1337150809239396357
1334733241048326150
1337400545322151940
1337145761730007041
1334202081746497536
1336979989544247298
1334138816538533889
1337227344013127680
1334765621393952769
1334204641828085765
1337124902143479814
1335999861876002816
1334672313204224003
1334837021714558977
1337052938368380928
1337147459282329602
1337186112100556804
1334638076753293318
1334184151445086209
1335622627344474112
1339647318308614150
1337484066275340300
1337166029269606403
1334871852636893186
1338043881187926018
1336791349002182659
1334613616860016643
1337097038480224258
1337087320164622338
1337320764035506177
1337098378073825282
1334227528635060227
1337071864452177920
1337106875532402691
1336979766000422915
1342945285874610176
1337760676668989444
1333820869886537730
1334821926481645570
1337329968980893698
1336709848885571584
1334225676078084099
1337149726106525696
1337834818172833792
1337085731035111425
1337146515580653570
1337208144804663303
1334780794733293569
1337043170715181056
1334207271325356040
1334254366866419716
1336173332098658305
1334426858285363200
1334621655302279171
1337043064662134788
1334239665155616772
1334134488323010561
1334610863446224901
1337020033386631171
1334814422917844992
1337133014367809550
1334207196478001154
1337148548987691009
1337117356406005770
1337149158201970688
1334799747010457601
1334651713253412865
1336050779115954179
1334638461316435975
1337108008795598849
1334647280952094723
1334612947700768768
1337161128896507905
1337120046208983049
1337113198764371969
1337026538743664642
1334906010167816195
1334619963114524674
1337155654780395525
1334618872830423048
1336090095548592130
1337148268082507776
1334748734744371201
1338695980380794880
1337183459291357184
1337030581104898049
1336006689699532801
1337403516260933633
1334174644484583424
1334156405109121029
1337013265830973443
1337016841865191424
1337169958111997953
1334625695079804932
1337014497081516035
1334833975160868864
1337152148421926913
1336055283743944705
1334282143703445506
1337117979452960769
1334822634605977602
1334149176628809729
1334868415325089793
1337113845341556737
1334557377874554880
1334225042318778369
1334397201892696065
1336986905787985922
1334814375660507136
1334768643155095552
1334808589303689217
1337135384107610116
1334234745190879237
1334910336131100674
1334782938739855360
1334260339844767754
1337014979027996672
1337051694094569473
1337011141546045441
1337061687707512838
1337111741172420609
1334726925219213312
1337156810608959488
1334608440078045187
1337166329128886272
1334733038903824384
1334746856203673605
1334419707542167552
1334804901545701376
1334183741225381888
1337253877935190018
1334933417310515200
1337031014867214337
1337177849728524291
1339196009432424448
1336992059899711491
1336991125278691330
1342466046884773891
1337162964378537988
1335201843824226304
1334204806102208519
1334690823737372673
1334831502383837188
1337298905919320064
1337108515991773186
1336086424127418369
1334261267243159553
1334125137126420480
1337168579117142018
1337253477072965633
1337033173939728385
1337129155989737482
1337025504885534724
1337165023945371651
1336990729072152578
1336001653045153794
1334607323243884547
1337045517923184648
1337167312076595200
1337110966266376195
1337131745414672388
1334145550418120708
1337003904274456576
1334172520531038212
1337206435478900736
1337016955962843136
1334750203686100992
1334341343569653762
1336979851459354630
1334752292411760643
1334647350762016776
1337031223730958338
1337014942516584448
1337175959372488706
1337306186278899714
1337184428787978241
1337093518662184961
1336000417424150528
1334691644965269509
1334628618778144771
1337026720508080128
1337146533809106947
1334614064685834247
1337043374025691144
1343308413833523208
1337317646128320512
1336765911555072002
1334835307359973376
1334837246319611904
1336073910492815370
1337055211681157124
1334851787099172864
1334228855746334720
1337063124000796678
1337001757243809793
1337457160968679425
1337121715177066496
1337101348647677954
1337184097463103488
1337169038808653824
1334805866567118852
1337139212789952513
1337047613384892422
1337142776316776453
1335999523144032258
1335318707837480960
1337276992945786881
1334946204480901121
1337342802263420928
1337058204421853184
1337033755094036480
1337031651629654021
1337013374664777728
1336292392748642305
1337237894935818241
1337112034337550336
1335336460019507202
1337033477917642756
1337033260426203137
1337207050347171842
1334185804722298880
1337500524489433092
1337035623060934656
1334611720761905153
1334236445754667009
1337164733645008896
1337074248767115264
1337051441807101955
1337061889315106817
1337032276253822985
1337071342311645190
1336986639349014531
1337390406338834437
1337176512940953601
1334619974154014720
1337166835742105600
1334799602969669632
1334138746191695872
1334177727474241537
1337030229722804224
1334620585444388864
1337035534162649088
1337150146421936132
1334268984229826562
1334647188081827848
1333840950431510528
1337072776570671105
1337183929485250560
1336220799523545088
1337347539478204416
1337386160482619392
1334625617585770498
1337135074949599232
1336988370501775360
1334639130152677381
1336180533617975296
1337277762722279425
1337251167622078466
1337113938513768450
1337135722848014341
1336980204212916225
1337116972035792897
1334652145291960321
1334763445439369216
1337030840078004224
1337058842350333953
1337432073917902849
1334218767082123268
1336021340558675971
1335395241042522113
1336997304096714752
1337114043140747264
1334626206663241730
1334927549760212996
1334826316827406338
1334147065300070401
1336017492028829698
1337158050751406081
1337187058637541376
1337344965425434624
1336013861942681601
1336997993829068800
1334196112064991241
1334626373143498752
1334062935849783303
1334939266053517314
1337120332839342086
1337075462028353536
1334617939341791232
1337886424964747266
1337144655574667264
1337036145331478531
1334626318999236609
1337123153567477761
1334614443490242563
1336724812933238785
1337010749739311105
1336994565476249602
1337149582996877313
1336010479261650944
1337148131675430914
1337072324277899264
1337001091796529152
1334778024420646912
1334086220452929536
1337408518715027456
1337238985849102336
1337131333462716417
1336009014631686151
1334158018817236997
1337114791345733632
1337166097498386432
1334831846434217986
1334815886574759941
1337171699511529472
1337884782068424704
1337009897557413891
1334775212009775104
1334819687448911872
1334745053936422913
1337030858037997568
1336020277382221827
1337095422733651976
1334227709090820099
1337167408193282048
1334642271887699971
1337150246053437459
1343660154986913796
1337130543557865474
1337096773039509512
1336094904389431302
1334164504339419136
1337118047686062082
1334651160863633414
1337146652705042437
1337253758854721536
1334773850928713728
1337085218205872128
1336074811932626946
1337077561604657154
1336995324976635904
1337111982546284550
1336988722554920964
1334646631824846849
1334635987637596168
1337166559291256832
1334398336028303360
1342598847122579459
1337118946395303940
1337358150635286528
1337119553764143105
1337128047049367555
1334626690543345669
1334239688891183107
1334626698567049216
1337089137338445824
1334638458300719105
1337144366654230534
1336989768501125123
1337038796966289413
1337067824989286406
1334287974528331777
1337295192446164993
1336027465408536577
1337094792937934863
1334635048314826752
1339541774537269252
1336045081468481537
1337095960590225418
1334638100182671363
1337184920716910596
1342984432937005056
1334152880954236931
1342964734581231619
1337014147503042563
1337061061481144322
1334635778585071617
1337187381242458115
1338102028996907010
1336102269125865475
1334402430113640448
1337847553795223554
1337304886141202432
1334281847472328706
1334625426111680519
1336601994426011648
1337171668997984256
1334624813118263296
1334560258358960128
1334072494198841344
1337065481228984336
1334797430869663745
1337356301135974401
1334820725195218946
1336980265697161217
1336104125403172864
1337338094601859073
1337396721874251778
1337123869367414787
1337171030222270467
1334180909915004928
1337173730917822464
1337102967359606792
1336050864067325954
1335997430836424704
1334781538928619520
1337059170953129984
1334257404213686279
1337093563306414080
1337148355030503428
1337016848085377025
1334812205313880066
1334647200555683840
1337428647561601027
1337092532132573185
1334610090943504386
1337151344772341765
1337182629502865411
1337133356824322055
1336027082204336137
1334617578233352192
1337126356421931010
1337037581691858944
1337100650946113551
1337088087239880705
1337422069022281730
1337336130732253186
1337136989120958464
1337153410903183366
1336020390586552321
1334277957393797120
1334838560848011269
1336988959176601600
1337009798555037696
1337191920905412610
1337111118582517761
1336239819362623489
1337095987194712064
1337079687714123776
1334813982650195968
1337070455883182081
1337074457152806912
1334623169290919939
1336989046128734211
1337149405867225090
1336995611858657280
1337144402930757632
1334795875034476546
1334844052316041218
1337131256149139462
1337112102788591625
1336611776184676352
1334867526040383488
1334255934122627072
1337153816332996608
1334194005916192771
1334620390686142464
1334613387607728128
1334637787677663233
1334175821771239425
1337046504947716096
1337162668025712642
1334802556040720384
1336070974861692932
1334615206371209219
1334258127445905408
1334213428630736897
1337068571470553092
1337144108784230400
1334384185486749697
1334772814218465286
1338125197036179456
1337118231669174274
1334240646199173130
1337020849195536385
1335999811691143172
1337133338616860673
1335000620483358720
1334612750568468483
1334612993238249472
1334608497787416576
1334608811450118144
1337037306356752384
1337508372392923137
1333775634439561217
1337317736842661889
1337138975308455939
1334924778956840960
1334697725938589697
1337299163571216384
1336052056663191552
1337023420618469377
1337136023495733250
1334746874717364224
1334063459668008963
1337153352250109955
1337018297406148609
1336092571873980416
1339158041531445250
1337143789006315520
1337093205502910465
1337052537384558594
1334630248374276097
1334163562454003714
1337059314419314690
1334164180392431617
1334135304060596226
1334618187011399683
1337256537866334210
1334644328585629697
1334413971047198723
1337088732827185153
1337155009318948866
1337002984044105732
1337082144582209537
1334861566366322688
1337183733384933377
1334398580350722049
1334861291366838274
1337163932142809094
1334625120195923968
1334492852945039360
1337048143515541504
1337115231143780356
1334639579039674370
1336985349793394690
1336997875017019398
1334733700215529473
1334611952417599489
1334445217227878400
1336042033379745799
1337339572020277249
1334923398217146371
1334157467249471489
1337037581465292804
1337221801265549314
1337176352282259460
1337128740980199426
1337128849893707777
1337147858454261766
1334413850662334464
1334623716953747460
1337121282073255937
1337105997953982464
1337163061195644930
1336087675791699983
1334791235744182274
1334299053329440778
1337153144988573696
1336310982449262593
1334840244005384192
1334654493661728768
1334149373039620098
1334063361777160192
1334766180586975233
1337095579982327808
1337231977351704577
1334865354833670144
1334192179070332930
1337869229605986306
1337148725098065921
1334652907191492611
1334248955174146048
1334542864743849992
1334162757965537280
1334857964319092740
1343167985113030656
1337057486684164098
1334259084636397573
1334144852494323713
1337900946379124738
1336740930523688960
1334225602656804866
1337007401967337472
1336030953848893441
1334734557036355584
1334618908972756995
1336996124486463491
1337110970662084608
1337391317316481024
1337015164336476160
1337101914689982471
1337076857804644355
1334746282590674944
1337796352714084355
1337110763476029442
1337020373112647681
1334139965601697793
1334245657473855495
1334290587953090568
1334815877032796161
1334708726796849154
1337072598283399173
1337058583301804033
1337299463921168384
1337165667561254914
1337080763162955776
1337157064402014209
1337519293890752512
1334703200155430914
1334193279412342789
1334622941057867779
1337341019969433601
1334249970124337152
1336984985954357250
1336105241813651456
1337145560512540674
1334374225138814976
1334738454446477312
1334146327282855942
1337148586702884869
1336087349835558913
1334621289634467840
1337406618137452544
1337381383682084871
1336079500191404033
1334187456783126529
1337895209175224326
1336036213833265154
1337102561816547331
1334170429687214082
1337036137534279685
1337042044708073474
1334628223922081792
1337394469612687362
1336982759479402497
1334612173272780805
1337094076517191681
1337085733652357131
1334731642745839617
1334621070079488004
1337028885637177345
1337168347683823617
1334838081514594304
1337322077259509760
1334940595928911872
1337164584105467905
1337155545934024705
1337386567996944385
1337432051943870466
1336055147106103296
1337017436575576066
1335283391604920322
1337201161473036290
1334809446602694657
1337029953544654848
1334686144685109248
1337105606315028480
1337116526156115973
1337058963007934470
1337138740054142987
1336770144069181441
1337009069224308737
1337109263605444608
1336080464340283393
1334637758455877632
1334889659072176135
1337022816491868160
1334754101666734081
1337760728711909376
1337130767386882051
1337072647260299265
1334186197317464064
1334181846284988419
1339693790345506823
1344332491059036160
1337170211624153088
1334646522827431938
1337118705059323906
1334814875244261376
1334830228640829440
1337004099955548161
1337144117923549186
1334632183626145808
1334137308417847296
1334396581030866944
1337093942739918849
1336236116069019648
1337060976793882625
1336087330046742530
1337137236526190594
1337004388490022912
1337136986889531392
1334155932239073281
1337031721980669953
1337177420571533314
1337150199530188800
1337448576243425281
1337047853529767938
1337432690862280705
1337321701818961920
1337068608149663750
1337036998150860802
1334783075545452544
1337119901371277320
1334292978022703106
1337040333629251591
1337152826481504260
1334879201061646338
1334883101374373898
1336077090895011842
1334912672559738882
1337094332617285634
1337138524487823362
1335512852480880640
1334456989502599169
1334141534015541248
1337059731249262593
1334818535831384064
1334986154932903939
1337130670741737473
1334814648097497088
1337025901314404352
1334778781672873984
1336245107054489601
1337092825649963011
1334350206746451968
1334192606708949003
1334830325579575299
1337038271621312513
1334249016989786125
1334143862495965185
1337307350206705664
1334624213676810242
1336055912029691913
1334945001596399622
1336032046037266437
1334612567310917634
1337020576653864960
1334607671417315328
1336990565272006656
1337131906496950272
1337197206428901379
1337015864697253888
1337288298742558721
1337292846156705792
1334621289017987073
1334727350710317056
1333901239348826114
1334619443104714754
1337135722130780160
1336001947158138885
1336980078060769284
1334182517205823490
1336983547425517568
1334955465436966913
1334872270599303169
1337135451401048065
1337186589433360385
1335006653142474753
1336309740947824640
1337266419029958656
1337314160678498304
1337208660171386880
1337160875514458115
1337054940926259219
1334477153606438912
1337102321071910915
1337113765121232896
1336209509501513728
1336773715682529288
1337021065999036417
1336078070537728005
1337314156836511745
1337021054028541956
1334792651489632256
1337087417287897090
1339248021784195072
1334610780336123907
1334613746535329795
1334607522670538752
1336031754252148736
1334416916358770692
1337003619028262913
1338241658178199554
1337158108465016832
1334534393042497539
1334737102316195840
1334968124962185219
1334884183416639489
1344317429376294914
1337043918412783621
1334838627780714499
1337018044313427969
1337062038577836045
1334872283500916736
1336391786173001728
1337186321316667392
1334667805539622913
1337176945293987843
1337069751269519361
1334697847749570561
1334614666941779971
1337247489980817410
1334930202170957829
1336286364350951428
1337350791728947201
1337120832133455877
1335358624026292228
1334939272990904320
1337282381498249217
1337088181968248845
1334640422648418306
1334446002410053632
1338947612054069248
1336982278271066112
1337154517956239360
1334750098920787968
1336187415535480834
1336987984290254851
1337131407576096773
1337122987271737347
1337138567911534595
1337138729618714624
1338185867362512900
1334386666535067649
1337007620977147905
1334800456615424000
1337099587413286916
1334655944467378181
1337278870869987328
1337208815683596288
1334249934007185409
1334633721199288320
1340382828974977024
1334277991417917442
1336986681879224322
1334729097143066626
1334778127340482560
1337129661306953734
1334772546990960640
1337177372416745472
1337056588432109569
1336120780082601991
1337166146735403009
1337141599155970050
1334754386942308352
1334319889109168128
1334272789784760320
1341363679523196929
1334636457806471168
1337127089787580428
1337112495140565007
1336980033018220545
1337001833634672640
1334626814002683906
1334867282271539200
1334161310817406976
1336986456582213636
1334211183046430722
1337177435419373576
1337149446455439361
1337277162089566208
1337009876682289154
1334989418915098626
1334137631978950657
1337414115543949314
1336997862371160065
1334770421074366464
1334848838625091587
1334818745953423361
1336061488960827393
1334177172320374785
1334813836268933120
1337079763224190978
1337025957568405504
1336094126597578752
1336302760569032704
1337068702412533760
1337128653478621192
1337299248816267264
1334954224501858305
1334134189088714752
1334250604663869441
1335997352302305283
1334249376655560704
1337121619865645056
1337055008001581058
1337029183789260801
1334648376131002370
1337140666380521473
1334761012126478337
1336055341885386753
1337184414032408576
1337006649249304576
1336059892642230272
1334630266036494336
1334392607313702912
1337390722308329472
1334774458624724993
1337173159947153408
1337313581487042563
1337092626806435842
1337162552523055116
1334611778202972160
1334120524914503681
1334771620234342400
1336988860279115776
1334614034990198785
1334257038537465856
1337109560679682050
1337024746333085697
1337055413406224384
1336744989594882048
1337275500922875904
1334798532071608321
1334736344141213697
1334834415197884417
1337337566245183488
1337168186320490496
