1210514397157904385
1202562368863186944
1210750830585892865
1208028144399241216
1206352348932648960
1210856660660555777
1208037037804343297
1210567559092813829
1202359242088493057
1209124903988924419
1208078567403409409
1203782460246503425
1202717008653099011
1208029111475691520
1202579627027288066
1208175091059757057
1210884940843429889
1208059084626419718
1210748608946925569
1202523743001726976
1208219399561383937
1204255737855303680
1208128549053501440
1207977285896278016
1206701931047137281
1204197003456110592
1208125599195238408
1207410411261349888
1202696584699531281
1208299334900604928
1209147049704411136
1210471960657960960
1204543683573538818
1208114662337916928
1204198961113944065
1202316325051420672
1202879106544816130
1202295934392164352
1210753105458946049
1207994053096300545
1208218783862706176
1202670279463448577
1207298211188236289
1203018561167511552
1204130087685279744
1208034662012076035
1208011266054381568
1211065577118277637
1204139118759989249
1202840698090926080
1204126947070095361
1205892598633816064
1208799404930535425
1208405694715715589
1202737566526652416
1202334459573485568
1207983202398359552
1207298445431787520
1204360474076336129
1202319208060768256
1203627591019704320
1205813210831638533
1210614034829135872
1208203099837521920
1204173132522762241
1209113654257475584
1208090294916460546
1204110416579833858
1202307843233402881
1210481968573538306
1204826599109083138
1205763324010487808
1208729912938520576
1204109458336616461
1202284384830799872
1202895985560686592
1208040431373750275
1207407192170778626
1204897909973639168
1202847016507912192
1202502558310420481
1206674671099432960
1204190964392349698
1204104647872520192
1207997282299322374
1204274488390701061
1208296170067578881
1207423665551429632
1204541063890919425
1204112286421602304
1204117851164102658
1207339273604739072
1202291413729366020
1204124953697800200
1202845185039904768
1202704642276282373
1210844811500118017
1207365241899753472
1208129778529767424
1207987990624161802
1204167993506304000
1208116956345327617
1202283636499849219
1207997735380627457
1208022869659308033
1204128050725761024
1208233983760318464
1210477418231844865
1202328281497907200
1204352671001518085
1202234277196423168
1206336180381528065
1203627255102095360
1202675549249966081
1208842548090986496
1208450144527626240
1207333770791129088
1202678309009723393
1204187330115977216
1202734809770004480
1208803674006458368
1202711921956413440
1202275627862282241
1204433280382177282
1206688843279286275
1204172451346833409
1204159666319704067
1204141388834787328
1202704548915232768
1210621932594499584
1208115642408280064
1208297494611943424
1208120563459379201
1208116903794876416
1207992928213389313
1202651568203542528
1204446805427195907
1205118181083418624
1211913596839571461
1208167981043331073
1204113291901095936
1202231211558653953
1207998883093188610
1203764133193306115
1202692074627354629
1207998936432156672
1206941946654146561
1203621391091847168
1204410509488881664
1207988779513987077
1204161920430944257
1203278564650635264
1202345744700706816
1206816252028686338
1208034765045215234
1207979397220839424
1202670185502527488
1201945315554791424
1202691719751487504
1202672553610928130
1208026211231916034
1207309227531915265
1208449111567024129
1204123694165090306
1204164980184141824
1206372844726341632
1208131581753331713
1202287003397697537
1208113014995636225
1202536308100472832
1208364756916211712
1204196339791417345
1208728308495593472
1210953080155582465
1210694970463703041
1204342828391915520
1202242697207144448
1204261160339607552
1202691754908102658
1208281059126894592
1204315138184163328
1208052260439244802
1208066778875731968
1208261382782803975
1208108814739922944
1208307595565584385
1204127544984920067
1208064859423854595
1201939437166497793
1202853818406445057
1204116078575661057
1208038526325051393
1208438720791220224
1202731753087160320
1204281273340039170
1208381266338471937
1202317089995984897
1202719497859293184
1202899283940380672
1208000909030182912
1210545719955906560
1202506505532198913
1201567263624749056
1207346586570895363
1202688150977552384
1208006766283444224
1204302382173229056
1206644790638653448
1208130661644718081
1202687917514272770
1204109587089154049
1208067223451033601
1207257372521054209
1204132520742334466
1204105015121600512
1204103645698183168
1208146720867176448
1208031250423984128
1203606175947935747
1202738313829978112
1204286195007664128
1204969060087279616
1203691114877898752
1208038271588196354
1205186327270100992
1208062672257921024
1208054173796884481
1204168856396271616
1205198572712583168
1204156228127072256
1202726889925890049
1208737205226741762
1202675214783598594
1206783826430705664
1204291782634287107
1208446963320008705
1209113340380925952
1203678852008103936
1202673504937762817
1204140565102768128
1202677833404948481
1202688647058853889
1204109763153481728
1207977461453115393
1202324802901549063
1202507782232117248
1208151408781987840
1202673953342394368
1208002205913112576
1202919093621460992
1202259476813881350
1201939863211253762
1202267141292134405
1202335430949122050
1210547794504757249
1207414003343011840
1201940361406537735
1208057230920163328
1204189500655783936
1208062154039005185
1204186309729890304
1210610119379161089
1202747411657043968
1202979357964324868
1207980426842689538
1202679343606050816
1204173921609629697
1202523713209536512
1208116340172701702
1208157348860243969
1203140036725821442
1210463394358276097
1208028692976459777
1203611535404412928
1202702282070118407
1208140904583835655
1208323884237426690
1202675545336696832
1209017089438232581
1204102902505263109
1208279505397276672
1204112857199206400
1202546988144877568
1207992445331484679
1208124539558879233
1206888046970515458
1204192684358938626
1208160409812910080
1210643638067322880
1204283022167687168
1208297613692416000
1210686133216202752
1204024850324639744
1210872273894330368
1210606938943315970
1208015617992876032
1207783880478081024
1204292452045279233
1208074904358313986
1202309626253004800
1204350633949696000
1202239538770382849
1208055012003368960
1206642462393016322
1210504043858157568
1202655163124797441
1208050160720371715
1202726108430516224
1204138016320696320
1204150602957230080
1204135954237267968
1210485760916443136
1208000784035655681
1204189267225911296
1204104484433092615
1202868090402418689
1208149540634804228
1208161154234769410
1202268083982872577
1208140639935877120
1202292756338614273
1208048450354532352
1207764969271570432
1208790496946114565
1204156527327752194
1202851560063164416
1207985323256537088
1202689948601737216
1207596569350029312
1208098113166233600
1210665706397806598
1208060750016716801
1208299342462935042
1208006997288923136
1207989479715278848
1208020121463263233
1202727253836259333
1204173888256724992
1207995007950565376
1207256259822575616
1202900252015177729
1208343884293713922
1207976981066846208
1203766732709601280
1208034642835599360
1203643627110633472
1207978898157383681
1203674136897314818
1203682875851313155
1208061502005108741
1208090616548282373
1204174857740701696
1202692456304824324
1210480435014311936
1204885729115021313
1208014350272864256
1207521372114735106
1210474965511868416
1210533196829466625
1208416026930688002
1208008013610700802
1208017970577973248
1202281874820874242
1207994757122871296
1210681489706405888
1208270636956733441
1202516527746027520
1202671955205337088
1204101461942132736
1202368162878099456
1207531401454768128
1208037637027745792
1202651650839711744
1202578940516347905
1211418003428061184
1203718393116942337
1204107102689603584
1204441046240972800
1202507674228809729
1204105865697136640
1205115723460358147
1202295334233399298
1204121333409468417
1210533867167330306
1207347657745870849
1202512796237402113
1204177283713552392
1202307164582359042
1208058193634611200
1202494256163762176
1204147225330376704
1208055560035278848
1202700661718224897
1204154994645188614
1202507542213070848
1204389236738347013
1208121328244600832
1205973627730051072
1208057877312802816
1208277835309342720
1202539855558905856
1204179318731137029
1202857878991884289
1206065795597578241
1204292121160802309
1204111264525553671
1210303884616503296
1208724439187279872
1208029914403917826
1204123047873171457
1204113360977092613
1204248559622770688
1202670861850992640
1202835147663593473
1202282214588850177
1210830977510989824
1204144208283652096
1204102535285530625
1208014068684120072
1202312805493411840
1207985873528250368
1210860913823305728
1208296739779891205
1204134951580512256
1208003068270395392
1204103381138190336
1204162547991171074
1208087478302846981
1204194846589800453
1208055840588075010
1210627894965395456
1211708797049352192
1210631511831130114
1202673125768540160
1204328348207501312
1202520687660933120
1210499258576703488
1207994794162708480
1208752642215874561
1208073801214439425
1208100171692806148
1208012121008738305
1210545181533048833
1207978717525532672
1204160211705040897
1209067328715051009
1205228161769836544
1204159313205436417
1208125895086620677
1207314012322574336
1207981242949476352
1202287549227634693
1202230457699651584
1204358651944820737
1202498536526536704
1207975413823287296
1207997798886588416
1204131152610701312
1208085268735152134
1207979306942631938
1204120280173555713
1202670305107423232
1207984540523872256
1202712612900941824
1207257781625118721
1211189960927264768
1208112997035581440
1204109074058612736
1208031546126557185
1202293008819015682
1208035448087568386
1202305931062730755
1202723610059776002
1207975115817996289
1207987263919001600
1210621753212493824
1202613686944378880
1202737667236126720
1205788104998576129
1204437164492242946
1207989133836193792
1203782171934298113
1204149627974541312
1208144293468217346
1208426933547081728
1207324333502353408
1204154898306260994
1208316388881944576
1202283991006617607
1204302253441597440
1202322447267180550
1202775009061736448
1208316337535229952
1202282087325323266
1208114262314541059
1208093496273522690
1204386564249276416
1204129471219077120
1204306694475583488
1207996374031183873
1208370781509607424
1204101897969446917
1202511457210032128
1208058825959493632
1204113119058055168
1202763858567454721
1208049187360772097
1208069539365376001
1208450898994847746
1202270149069484032
1210300713215115266
1204444704995266561
1204122775453085696
1207370408783228935
1204189257537077253
1208137847271768069
1208189280721494016
1204142514011353090
1202715336316981249
1202720353195302915
1210476106912063488
1208533959073812480
1208035867064967170
1208027273498103810
1207430930727677955
1208394752703553537
1208014209293996033
1207995264419713025
1207978023825412096
1208056932713545728
1202642146995687424
1208067556264816642
1207986465680035840
1202272358112940032
1204106140730220544
1208044213885177858
1204295219845488642
1204106583766114310
1202845465802358784
1208449339242303488
1207990495911301122
1210483655883272194
1208076510919319552
1208020670908686336
1208066741219315713
1204144705077948422
1208454562304200710
1202714027480236033
1208721535801987073
1202995142640242689
1202348953439735809
1208009820613357568
1206655930571595776
1204111439855833089
1206155966754033664
1204284180391243776
1202717778249207809
1202962875771437056
1204129690568601600
1202931172776525824
1204139908425797632
1204913456903806977
1204203642661720064
1210537196882669568
1202586290291716098
1208168821988741120
1203765374866665472
1204114778685394945
1210753546552926208
1202901092629123072
1204200414679379968
1208085055496699905
1204249000435687425
1208022471720476673
1208055309123641346
1210277603984187397
1207989635131031552
1208122304271671300
1208012074108047369
1206638451375906816
1208055091187597312
1202673441146585088
1204104500837048321
1202672793327951872
1210482347008765952
1204329714787246080
1204297464297209856
1208177708435476483
1207977853448589315
1210684544694788104
1208131550409302016
1208011294890180608
1207996051522805760
1202534468814344192
1202709783716990976
1205040913459957760
1204109691443388417
1204107069277769731
1207334236434423809
1208165138693607424
1207543224597909509
1204105724302954497
1208139998408691713
1202647751953125376
1204295803814260737
1202277335006793728
1202485687418798082
1202359566010335232
1207351266155909120
1208038903514566657
1203540002426089472
1202676884032643077
1208288282330771456
1202510102881865729
1204121511080189952
1207998020694020096
1202914587793866754
1202898945309065216
1208016420119994368
1204129093031223298
1202343881934884869
1207251568971714562
1204162159833473029
1208673318552973312
1202686220863754245
1204124601212637186
1201949194329763840
1204424476122849280
1204494681498935297
1202683203150110721
1208777420666478593
1208024181444661249
1204107843709915137
1206998629355073537
1204276220512362503
1211038085120696321
1203400798807441409
1204111396834811905
1204105662927646720
1202779813485961216
1208007448105238531
1207987160172912640
1207995688862330880
1208181673290010624
1208028548583297025
1208006931841003520
1210473834022920194
1210576458130829312
1209201393220947968
1210634164371951616
1202713812874539009
1208090982094397442
1208045385417199617
1204114316485693442
1208461117460287488
1208359915804344322
1208025572888195073
1203329632092794880
1208025928498130944
1207975510824964098
1203413470542225413
1202675796214726656
1205572584760328195
1204908898844590080
1202870417515515905
1202277362198601734
1204133583557988357
1210946131267637251
1205141674588069888
1202869680886702081
1202538497829199872
1208129486828515328
1206472504606384128
1204314674306670592
1208379892750049280
1208360437957513217
1204105904725090309
1208726984563548160
1202578957511593984
1204106679090106369
1204181880045789184
1202774821131689984
1208102598315782144
1210505791490404353
1203646894121111552
1204127210787000320
1208304977577435136
1204110684977553409
1202522104060633088
1204117375605465089
1204131224475885570
1207993488425541632
1202743627539255297
1202316132302180352
1210485200096026624
1208012934133227520
1210890783747911681
1208013103872520192
1207251482845863936
1204128871592927233
1203268887741120512
1204278616139403265
1208731779038941184
1206922789539733504
1202591348970442752
1208459311069958147
1206590913730031617
1202315243814305801
1210616569023348736
1204121695747006464
1208010591710928896
1208013558828732417
1207991496261193729
1202490590472155136
1202913600064696320
1202467339092017153
1208685866593505280
1204123895403560961
1202523251169206272
1207343626826604544
1204149807847227393
1208076520423600128
1210522952673976320
1204403469060325378
1204395698982133761
1208091132141416449
1207995405784498177
1207298422186921984
1204153305984884736
1204131370794201089
1202621254928343045
1208009161180680192
1202345183590965249
1204143395624693761
1202699852393668608
1210609566385393664
1204650153753350144
1204163759184453633
1203725139407491073
1202863075390558208
1208260790232535042
1202278400498552838
1210541518982959110
1204360625264181254
1205830846617391110
1202642138137161728
1207974388240441344
1210630894077259779
1208104509865635840
1204439173043806208
1208024646773354497
1204885584466128896
1208096483058302979
1207974312113774594
1204111004390612995
1208139303710339079
1202250130042302464
1207993371563876353
1204109471410204672
1203692244513042433
1208492323870515200
1210541113611890690
1204103212250411009
1208079316174753793
1204110513359200256
1202683750481629185
1208067914965934082
1210641633328402433
1202520813888573442
1208091767582732290
1202990348940787713
1208096777171283968
1208020539090051072
1204321601682124800
1202653267328733184
1202657130043641862
1204153913722757120
1204282435556515840
1204118231490932737
1204104029011402753
1208118268487225345
1204119395112554496
1204121270935273474
1207976935772610560
1208037836798283778
1202576025269522432
1202312352072437761
1210669544555110400
1203764971567538177
1202520445221789696
1210611560953057280
1204180440262819840
1203734051422703616
1208172176878292992
1202640062128820224
1202286467634081803
1202931693310623744
1208043607833370626
1209135699569586176
1204318168048709633
1202746870575063047
1208723376010932224
1207997956122664961
1202931524410236931
1204697588110430208
1208086125283332097
1204109098792488960
1202905224601620480
1202300378185945088
1204318028500013056
1202308242988244992
1202914802382848001
1208081463247282176
1202487813104717824
1203950449184968704
1202320060443963397
1202676574266544139
1204975067769245696
1203015793631514625
1202828781871910912
1208132528328073218
1204119863444344842
1202681642168594433
1208060391286333445
1202678997475373056
1204362861788696577
1210768446394232838
1203385004337831940
1202683760136900610
1204158210686541824
1202703143966035969
1202336292077539328
1209412871819550721
1204172594741760000
1208006679658409984
1207344755610398720
1204148308572352514
1208114384981168128
1204110714618728449
1208972485435281409
1204381840318042113
1202681405433614337
1202503061761081344
1204102443228897280
1208158469649522689
1208372637254201345
1204412606905118721
1208770269352996864
1204129873884786688
1202991413245415425
1208103016861175810
1202576709347921921
1208183456439656454
1202710473860403200
1208175475396370432
1208206308899467264
1204104584941187078
1202653370516987907
1204172049989718022
1204161493450809345
1202543134179287042
1204327847999004672
1202735207897395200
1204170911332610054
1208105786313990144
1204135984625078274
1210529023228547073
1208398336925016064
1208039145089712133
1204163678817394689
1208125087121063936
1204360792776347648
1203224312708247552
1208076449342775296
1202290314934996998
1210499492207906822
1208115924601049093
1207974266920226817
1202705443598077953
1208076811000832001
1210622040434237441
1202351900055818240
1202932274150494209
1204104792215314432
1202544170226847744
1208362093587636224
1202649147561697283
1211049730098241536
1208116225106219017
1208106603150532609
1204118308401930240
1207979947039625216
1204331175520681985
1208120552864522242
1208053125216718849
1202814822359941121
1208004192830468096
1208746659317977088
1208295316350537728
1207349521350627330
1204225836720828416
1204115685909180416
1208064585829421057
1208030717638254593
1206640637128454145
1203448319273570304
1202654401749569537
1207984638540570625
1208301211272851456
1207976598701518853
1210694021850521600
1208085729345232898
1202863835000033280
1202948243476434944
1202708173091725313
1208132533663227904
1209372148516753408
1204123779443675137
1203310962155171841
1202501751926149120
1208028515234467840
1208086236944064514
1208053995815784449
1208004010575384576
1202889406442606592
1207974715253493760
1208088745938829312
1207338777229889536
1208233970044936199
1204124481544998912
1208056643528908800
1207440072057987080
1203227575880949766
1202865209481805824
1207297793905299458
1202860166695342081
1204388928599547909
1202283382367019019
1210211358907740161
1204132041652092929
1209044508643606528
1208308745287208960
1208342420653592576
1202290742535831552
1208175602391560193
1205906575224954880
1208013580903342081
1204894086110613504
1204394068752654336
1204163196984217601
1204145875066466305
1204102931231977473
1208099915370500097
1210649785281200129
1209917587217358848
1205117754447192065
1203754657883066368
1204110720499093505
1208700750928453632
1207981175639281665
1202917808943841281
1204359741360803843
1203760053683183618
1208072540964446215
1207454719649701888
1203737740430467072
1208852649157763072
1209955735234338816
1202231381369200640
1211059739628572673
1207306149298606080
1210485100326137856
1204290358143795200
1208142384627884033
1208179008988430338
1207987859153727488
1204167403246096386
1207267829726302210
1202363197979811841
1202243742918463490
1207984487528828928
1202726206044549122
1208023524276948992
1202708284651843584
1207368792227172354
1210608533198258178
1202294675895463936
1208200807855861761
1202669842492465152
1208057504632131586
1202674503165366273
1204126997494083584
1208091305357840384
1204296653127200769
1203881852261617666
1208141767704485889
1204102282310238210
1203761931942858752
1204152830745071618
1210663835700539394
1204182396960157702
1210668809155153922
1204146351459700742
1208279203860434944
1204194826079617030
1207340845936128000
1210472255802793984
1210651658490920962
1207993988977815553
1202658929848791046
1208069602883854343
1210481835089809408
1212119506967023617
1202316401396109313
1208724952653946881
1202765562172063744
1208010509439639552
1210550988433711104
1206640550113415169
1208155035974156291
1202771356024279040
1202934065617391623
1208371485783576576
1204043801590927362
1204126357921390593
1208151801914183680
1207251057891594240
1207974596999307264
1204103982647566336
1204206038385352705
1208122675140419584
1202504888107880448
1210633005192142848
1207997982492315648
1207986629236932611
1204176816606470145
1208036799660134400
1208776252062076930
1207991293030391809
1207727385791123456
1208084449889595392
1207349158262267905
1204288711514640384
1208091025769717760
1204202437348868096
1205310706150780930
1204165614987816960
1208025119706275843
1202365968015659018
1210564640960368645
1202665496413265920
1208303888375406593
1204192541589028869
1204151110681935872
1208163181375492096
1210636406705606657
1202744402705301509
1207991446122483712
1204141901928157186
1208187940591067136
1204108138326179841
1208058065167228928
1208449921742979073
1207986053728088064
1208107723499429888
1204145487311491072
1208117123689652224
1208028605575507968
1202666312545243136
1208009557127172097
1204111395824033793
1208055859747708928
1203691196234813440
1202499229933019137
1210545833474764803
1204108149294338048
1204274482149568513
1204118683901026304
1208011491661819904
1202673305259511808
1210710290943369217
1204684400287526912
1202712542746951680
1204104147760496641
1208059678397218821
1208134424652648448
1208046807995101185
1202239686825201665
1204275889502076929
1202496838055735296
1207345835144630272
1204259921568645120
1204042545162010627
1206713792215879682
1207990262707998720
1202270216786513920
1202772950845476864
1210592996233744384
1208032232163749888
1204108402760323078
1208097735875932160
1208786447949541385
1204159549856460805
1204110326314229760
1204322223529635840
1204293131224653825
1208121236120838146
1210937988542291968
1204109055691759616
1204101796345655296
1210497429184925696
1208415490537873409
1208182800484065287
1207979689760956416
1210716746753048582
1203826669401890817
1208304214440628224
1208102703613825030
1208102281004142594
1204127010844487682
1208827992719450113
1202859201841774592
1202571802376982528
1204121902748438530
1207997617394929664
1204901644955193346
1208037909758119936
1202756566098817029
1208155427378253824
1202466635476549633
1202294185732247554
1208131379856326657
1202892807662383104
1202694812639608833
1208089404364984326
1204112255375282177
1207982751867187200
1202250747712282627
1204172089646813184
1210514734669320192
1204114634560720896
1207337863278448643
1208009393700245504
1202700437167726592
1208013135770193921
1204160002321195008
1202680164448124929
1207381698926784513
1204810276123664384
1202621632315109376
1202670868599627776
1207984326111088640
1204123244267225089
1207976955406106626
1210674546149343232
1204173265540993026
1202267675214389248
1207993136036950017
1204102614201307137
1210651792872267777
1202586395740721153
1202542039159709696
1204135499172061185
1208109850850418688
1205176349092196352
1204127108093665281
1204112745181974529
1208317129575084032
1202673256471379968
1202337180812750848
1207359447267528706
1208132361960992770
1208053924646797313
1202271999105609728
1202683630214156288
1210473497539104768
1204266996466094081
1210600273154064386
1208007953917399040
1204155610889179136
1210849435955159041
1202709351313674242
1202985401012621312
1202901016632541184
1204116537218682882
1208114953992826880
1202854631816253440
1204132218777604096
1210526829406248960
1202682948346138625
1203945146938724352
1202760816921059328
1207324341773488128
1202984520468828160
1208069005472387073
1210678360445243393
1208149446749495304
1202750265058844672
1208123298795704321
1207452861807890432
1201677960845111296
1203809473221009408
1211407583141138434
1203365478070210560
1207983025650327552
1202618005852696576
1210944429005168642
1204126124126720000
1203617173102575617
1208205381807333376
1204107191214628869
1202884693257003008
1210834382862180353
1210713358921584640
1202350872082231296
1210105059545112576
1204125417931706370
1204194467080736768
1208153049467965440
1208060034506203138
1204422101693870080
1202654039147761666
1209911004487979008
1202863447303688192
1204119344663412739
1210479547625422848
1208096275134078977
1208154425182818304
1202968690230255617
1204164264178733057
1202722502327308289
1210621859697483777
1210487949495881729
1210824247683112960
1210530109469417472
1203017309683638272
1202971249535856640
1204288699946721285
1202296593816457221
1205755991867953154
1210919673212080128
1208175578358124544
1202678779556040705
1204110535450603521
1204131712114012162
1202761005236916224
1204145328229879808
1204159824826642434
1202867970671828992
1204153326897680384
1204362850090835969
1208212684887470086
1204131201746952194
1202653732212822017
1204104094513844225
1202880082848763904
1204105572196519942
1202670364414885888
1208086180379680769
1204903578302894080
1208062103199846401
1208721476456718336
1204145186303029249
1210620244403851264
1208143819587432448
1204149787148390400
1202921809433317376
1208121473363259395
1204343703583805441
1204292861656784896
1208057886594813952
1203755115955523586
1207984985145323520
1204796609105666053
1208403483793248258
1204408594159923205
1201995620057329677
1205632775967182850
1208215752576241666
1208182391111659520
1204102882351562752
1204366003318202368
1210556404668518400
1202674002612965381
1207977923174699008
1202791803428184064
1202582163197222914
1207996109194444801
1202709542615814144
1207973849687560192
1207439675759243266
1202707196938768385
1208721300887392256
1204153679768686592
1210556608964648960
1208055357030981639
1207317469796409344
1204103534808981505
1202671615928086529
1207980467879915521
1204124680795381762
1202282669687611399
1208138524773560322
1208155059936276481
1208081440019243008
1204103220034969602
1208070625140576257
1204105673753210880
1204885511912988673
1208313572599701504
1202698227260280850
1208106797904605190
1204496977813213192
1202233134655426561
1206909106440814592
1202670459319443461
1207341193098608640
1204133834234744832
1208037636943831040
1202737702376034304
1210544517536985089
1208120325470400514
1204130801627078659
1202883748716519425
1208063220201775104
1205181415769415683
1202702407739817984
1208142985331970049
1201939251824336906
1209009004153909248
1208114140268695553
1210621657460686851
1207996905822806016
1202288419549990913
1202822088748343296
1202697574202925056
1208788732284985346
1208022658828386304
1204106867657625600
1203644987902218240
1204152215734300683
1207992351232319488
1210608945573830656
1209406221863849986
1202237880434921472
1205195773362757633
1206641491818491904
1202684749652905989
1208027244666540033
1202883465261330432
1204129681102032897
1208072384181350402
1205737321754169344
1202300790964178945
1208314207361474560
1204360504208171008
1210494625431076865
1202682852367884290
1203166039569240070
1204320724112084992
1204119414221819904
1202716849336664064
1202680670205726725
1207994962509479936
1202349876677361665
1202339292313522178
1208063258567094277
1208883455058161664
1202289009290088448
1210558648252010497
1204127415280291841
1202878059218649088
1208138425263632384
1204104247555633152
1208320555402899458
1202231462709383169
1208067298365448193
1208109861902438401
1210733899002679303
1208493393334198273
1211318824059965441
1210655501417144320
1202499870533271552
1210635347484381184
1204451008094572544
1202572638285119492
1208069563935600642
1204125368623489024
1208108921065496577
1204893510861766656
1210666833969385473
1208211574659239937
1208099548968751105
1208021320648278017
1202707881868570626
1204119424560717830
1208120019214843904
1210509491831287810
1208086537444974598
1207999974149120000
1209906532802080770
1208022183542480897
1202344138903052294
1202847334733942786
1202574603215888385
1208034186373799937
1208105144925278214
1202709421169762304
1202345307239043077
1210495875992244224
1208139510976040968
1210651807040626688
1204129414549835776
1202249172247863296
1208010597050322945
1206457379988103168
1208022176785297408
1204119722440167429
1208725547448012801
1210694487128903681
1207977101984489477
1203438567114104843
1208415716728279043
1202516314323144704
1205095019495010304
1208028477099782144
1202679406206111749
1208387805661057025
1208084678466506752
1208313202611761152
1207357019478482945
1204117658205077504
1208292966009323520
1204126302640463873
1208027380184502272
1202287214849396736
1202713056616361995
1202287809119293440
1202675080339308546
1204257617025142787
1202685026997067776
1208736626886791168
1203067835620003840
1203017840577699841
1202539878006894592
1207303695714705410
1208052110677463040
1210703426964905991
1208009628287733762
1207270746860539904
1208159034739757056
1204315986926743553
1202675274363670528
1208020921988124672
1204142753812221952
1208339611803668480
1204112909170806784
1208076689370238976
1202674001501458437
1211421189027115009
1210575957045714944
1204112059501297664
1204149599126077440
1208762444337831937
1203262911747121152
1210480156458061824
1207255491149279232
1204339769284714497
1207987983175081984
1202783152823033859
1202670460724494336
1202679727196168193
1210666726293155841
1204913604983754752
1208027513500372992
1202775693354061825
1208128616250429441
1210553079520780289
1202671740134010880
1208125600399024129
1207988580754362369
1202710296822996997
1202699429855289344
1210483705082523648
1204119141092855808
1207369435973083136
1208106864006909953
1202649638211338240
1204111585679233024
1202356244469686273
1202689663145824256
1208013776659910658
1204288202263187457
1204130452468047872
1203607614640328706
1202624296742477826
1204235113028083712
1202830628611411968
1212143277199253506
1210508646897127424
1208136376228687872
1204121095919587329
1208727174733291521
1208135743719247873
1204126112760156160
1207977969634938880
1204168144090226688
1208148125464088577
1208004089595990016
1207996526875860992
1208035105211666432
1204114832900923394
1207357094304858112
1207994741780029442
1206676411525861379
1202585498738450432
1207992674407583745
1202675449563942913
1202939792784347136
1204115716900868097
1207367463022796800
1204422133650198528
1207994061111660545
1202667370340388864
1202324937211629568
1204114275339513856
1207979360931713026
1203771748937863174
1202549653490847745
1204150233774612481
1208814200459550721
1208162464468217856
1207975121266327552
1202620227932098560
1202285290959835137
1204437431321280512
1210528401234235392
1204152508244992006
1208065742299705345
1207985469558005761
1202497550617661440
1210703135691476994
1202236615839453184
1208152849412186113
1208109309294530560
1208827905272426501
1204342403332812800
1208494078767370243
1204109968754053121
1210554481349480449
1208212520261038080
1210891674752303104
1202597621648560128
1202870010156388353
1208062502195671042
1208335235965956102
1204124580161474560
1204281903190294529
1204175674413436931
1204413691124256775
1208037736638304259
1202939543105789954
1208075170080051201
1202860330377973760
1204105388846653441
1208078473715179520
1208277537295601664
1204191474038059008
1202509327501799427
1207828646611828737
1202278192934899712
1201245401921327109
1203756516131721222
1202698412866592768
1208334959049658373
1208735936500174848
1204142112935206918
1204336175374315522
1204295731122786304
1210918064721727488
1204346302680772608
1208335379125940226
1202904090851860481
1202675188657262595
1208051165507788800
1202239242719649793
1208041534375022597
1210606892877258753
1203777371763019776
1202570722645872641
1207977486233018369
1207998479018143745
1202571141451264001
1208317206678953990
1203762373586309121
1208028386012073986
1202252942256021504
1204292764285976576
1203595052594929664
1206262201121685504
1209834362755108864
1205094925311889410
1206292559896698885
1202278961520300032
1202724442822107138
1202654361819779072
1204164270914768896
1202748340766695426
1202497625649565696
1202289577320431617
1208207485498253313
1204119550998040576
1210390930844459009
1204108364285915137
1208116658931412999
1209014414256549888
1204189513343524865
1208279204640567296
1208723886499672064
1204147483242315777
1208077291009511424
1204133783198478336
1208170651519012865
1208146908985929728
1204138580022566914
1208107351611465729
1202496690831462401
1208451161596055553
1204708374329352192
1208475718826561537
1204305743131893760
1207992492433592320
1204130759897997314
1202673184438390784
1208074407039655936
1202681074045861888
1208560755890642945
1208018609747968005
1204375394243301376
1210481243143450624
1208038175911956481
1207975353190428672
1207984957903265799
1208087902166667264
1202989165929009156
1204170276465807361
1208023736420642818
1204127808500486145
1208078161474473997
1207982435503394816
1202686401881542656
1208021479134248960
1208733487244759042
1202498211941953537
1202883873467699200
1202682661820649474
1202915723632357376
1204103609677422592
1202670586889195527
1204113017681657858
1208116478911885314
1202878651492110337
1208090834626863105
1204886452309561344
1204440601036496898
1204189551809437699
1208088669816598528
1208000038431002624
1202653763015712768
1210137201826320384
1204131394638819328
1204129493729853440
1207314632911806466
1204180107428057088
1202665705759481859
1204154174906228737
1204828667328815104
1208056692916838401
1208009807854264320
1208798564463370241
1206661621529161729
1202860895585677312
1202510822934827008
1202657685679804416
1203384901288046595
1203676472554262529
1202309378101194769
1204356250298961920
1208116835280928769
1202997080383467520
1204170864343814145
1204148277890998273
1202563139910414336
1210497989309018112
1210688544873877504
1205989403535040512
1210544529830481920
1202531505706356736
1208191418080083969
1207386165692784642
1209465471105409024
1204360719661174784
1210628733201256448
1202723892781035526
1202912704698241025
1202696127465893889
1202500555572166656
1204402153395240966
1204161018169036800
1208311894362198016
1211345403964211202
1208079684900130817
1204289643811950592
1210674022578561030
1210864758125191174
1202532481649561600
1210828921400385536
1203711656733347840
1208203588012593152
1204101688560422914
1204136277752393728
1203689421998055424
1208061520111964161
1208291448300408832
1202683251107737609
1204129407264337921
1204405236523241478
1204110103521234946
1202690395999735808
1204175855733346305
1202235890761900038
1208130156918956033
1202693981752217611
1203765965781118976
1208386778312392704
1205718838198915072
1203704349429514240
1202736021777072128
1207344447475847168
1208151945296465921
1202290406387519489
1204121117440577541
1204151339955228673
1204521262879518720
1202345511111528450
1204526872161325057
1208198212902932482
1202499707714625537
1202856541210189824
1208101282847903744
1204105281803882497
1203666175743410176
1208108877532844032
1208037589778882560
1208187810160807936
1210515774030434306
1210611106307284993
1204151656163749888
1204103861469876229
1202230657579130881
1210539344777363456
1208113243350323200
1208085647258468353
1208198163833724928
1204312266499334146
1202684285641248773
1204307246752161792
1204320097290072067
1202879015243206656
1204269675179315201
1208007378752409601
1210610911695790080
1208084791087767553
1202671221575503877
1210687112997167104
1202679738596233216
1209374948847968256
1208278397014683648
1204120845695754241
1202684526708871173
1204114009374543873
1207213030901211138
1204172800241602561
1203411467074183171
1202326832751763457
1208304706822561792
1204167172165160960
1208017516079013889
1202589214287814656
1202729983707426818
1202287794934177793
1202272604997980160
1204133675761311744
1204131445578579974
1208053522044006403
